e
1 1 0.16694
0 0 0.83306

1
1 11 0.901581406493
0 10 0.0983586917455

0
1 01 0.0197104650325
0 00 0.980289534967

11
1 111 0.901866985582
0 110 0.0980665736496

10
1 101 0.0261875761267
0 100 0.973812423873

00
1 001 0.0195802311912
0 000 0.980419768809

01
1 011 0.898903775883
0 010 0.101096224117

010
1 0101 0.0120481927711
0 0100 0.987951807229

011
1 0111 0.90379403794
0 0110 0.0962059620596

001
1 0011 0.898061288305
0 0010 0.101938711695

000
1 0001 0.0195091488166
0 0000 0.980490851183

111
1 1111 0.901650213644
0 1110 0.0982761161043

110
1 1101 0.0277777777778
0 1100 0.972222222222

100
1 1001 0.0231394621639
0 1000 0.976860537836

101
1 1011 0.93023255814
0 1010 0.0697674418605

0110
1 1101 0.0352112676056
0 1100 0.964788732394

0111
1 1111 0.892803598201
0 1110 0.107196401799

0000
1 0001 0.0195279161306
0 0000 0.980472083869

0001
1 0011 0.898207426376
0 0010 0.101792573624

0011
1 0111 0.903899721448
0 0110 0.0961002785515

0010
1 0101 0.0122699386503
0 0100 0.98773006135

0101
1 1011 1.0

0100
1 1001 0.00609756097561
0 1000 0.993902439024

1111
1 1111 0.902606422093
0 1110 0.097311871885

1110
1 1101 0.0269865067466
0 1100 0.973013493253

1100
1 1001 0.0250871080139
0 1000 0.974912891986

1101
1 1011 0.926829268293
0 1010 0.0731707317073

1010
0 0100 1.0

1011
1 0111 0.9
0 0110 0.1

1001
1 0011 0.891891891892
0 0010 0.108108108108

1000
1 0001 0.0185659411012
0 0000 0.981434058899

