e
1 1 0.1998295
0 0 0.8001705

1
0 10 0.799774307597
1 11 0.200225692403

0
0 00 0.800269317602
1 01 0.199730557425

11
0 110 0.801177176277
1 111 0.198822823723

10
0 100 0.799930546213
1 101 0.200069453787

00
0 000 0.800353836695
1 001 0.199646007141

01
0 010 0.799423095574
1 011 0.200576904426

010
0 0100 0.79987335887
1 0101 0.20012664113

011
0 0110 0.800832296083
1 0111 0.199167703917

001
0 0010 0.799233751839
1 0011 0.200766248161

000
0 0000 0.800370179515
1 0001 0.199629625366

111
0 1110 0.802566906764
1 1111 0.197433093236

110
0 1100 0.800158473167
1 1101 0.199841526833

100
0 1000 0.800288164376
1 1001 0.199711835624

101
0 1010 0.800180141862
1 1011 0.199819858138

0110
0 01100 0.800700390318
1 01101 0.199299609682

0111
0 01110 0.803179575534
1 01111 0.196820424466

0000
0 00000 0.800365288611
1 00001 0.199634467604

0001
0 00010 0.799179566775
1 00011 0.200820433225

0011
0 00110 0.800784674306
1 00111 0.199215325694

0010
0 00100 0.799854174619
1 00101 0.200145825381

0101
0 01010 0.800850258324
1 01011 0.199149741676

0100
0 01000 0.800103528684
1 01001 0.199896471316

1111
0 11110 0.800076403922
1 11111 0.199923596078

1110
0 11100 0.797979481557
1 11101 0.202020518443

1100
0 11000 0.801023789659
1 11001 0.198976210341

1101
0 11010 0.797505502568
1 11011 0.202494497432

1010
0 10100 0.799949971859
1 10101 0.200050028141

1011
0 10110 0.801023602329
1 10111 0.198976397671

1001
0 10010 0.799450883013
1 10011 0.200549116987

1000
0 10000 0.80038959338
1 10001 0.19961040662

10000
0 100000 0.800106973683
1 100001 0.199893026317

10001
0 100010 0.79794834129
1 100011 0.20205165871

10101
0 101010 0.799331822445
1 101011 0.200668177555

10100
0 101000 0.799488938399
1 101001 0.200511061601

01101
0 011010 0.796415378301
1 011011 0.203584621699

01100
0 011000 0.801265865892
1 011001 0.198734134108

11111
0 111110 0.792356687898
1 111111 0.207643312102

11110
0 111100 0.799379277415
1 111101 0.200620722585

11010
0 110100 0.800955195835
1 110101 0.199044804165

11011
0 110110 0.800955905026
1 110111 0.199044094974

01000
0 010000 0.800516598036
1 010001 0.199483401964

01001
0 010010 0.799370478065
1 010011 0.200629521935

00111
0 001110 0.802452475945
1 001111 0.197547524055

00110
0 001100 0.800739533413
1 001101 0.199260466587

00010
0 000100 0.800143092135
1 000101 0.199856907865

00011
0 000110 0.800805984532
1 000111 0.199194015468

10011
0 100110 0.800699164128
1 100111 0.199300835872

10010
0 100100 0.798696813071
1 100101 0.201303186929

10110
0 101100 0.800543191543
1 101101 0.199456808457

10111
0 101110 0.806103988044
1 101111 0.193896011956

01110
0 011100 0.797636459369
1 011101 0.202363540631

01111
0 011110 0.802005411428
1 011111 0.197994588572

11001
0 110010 0.799772713913
1 110011 0.200227286087

11000
0 110000 0.799884162931
1 110001 0.200115837069

11100
0 111000 0.800047107779
1 111001 0.199952892221

11101
0 111010 0.801829741045
1 111011 0.198170258955

01011
0 010110 0.80104084839
1 010111 0.19895915161

01010
0 010100 0.799699170276
1 010101 0.200300829724

00001
0 000010 0.799486624016
1 000011 0.200513375984

00000
0 000000 0.800429659087
1 000001 0.19957003632

00100
0 001000 0.800257443406
1 001001 0.199742556594

00101
0 001010 0.8012302998
1 001011 0.1987697002

110000
0 1100000 0.800553713225
1 1100001 0.199446286775

110001
0 1100010 0.79684307812
1 1100011 0.20315692188

110101
0 1101010 0.801848756023
1 1101011 0.198151243977

110100
0 1101000 0.804863147605
1 1101001 0.195136852395

010100
0 0101000 0.798145976843
1 0101001 0.201854023157

010101
0 0101010 0.798707789833
1 0101011 0.201292210167

001100
0 0011000 0.80062583546
1 0011001 0.19937416454

001101
0 0011010 0.795922353803
1 0011011 0.204077646197

011110
0 0111100 0.798968049216
1 0111101 0.201031950784

011111
0 0111110 0.788987138264
1 0111111 0.211012861736

001001
0 0010010 0.798999038244
1 0010011 0.201000961756

001000
0 0010000 0.800683155358
1 0010001 0.199316844642

011011
0 0110110 0.798867127496
1 0110111 0.201132872504

011010
0 0110100 0.802390360027
1 0110101 0.197609639973

000110
0 0001100 0.800098458696
1 0001101 0.199901541304

000111
0 0001110 0.803063991986
1 0001111 0.196936008014

000011
0 0000110 0.801868464485
1 0000111 0.198131535515

000010
0 0000100 0.800201315424
1 0000101 0.199798684576

100100
0 1001000 0.799706795235
1 1001001 0.200293204765

100101
0 1001010 0.798802599236
1 1001011 0.201197400764

111100
0 1111000 0.800995520159
1 1111001 0.199004479841

111101
0 1111010 0.794129313764
1 1111011 0.205870686236

100010
0 1000100 0.799909180724
1 1000101 0.200090819276

100011
0 1000110 0.796578131059
1 1000111 0.203421868941

101110
0 1011100 0.797521467603
1 1011101 0.202478532397

101111
0 1011110 0.802028397566
1 1011111 0.197971602434

111001
0 1110010 0.804652989104
1 1110011 0.195347010896

111000
0 1110000 0.803189401374
1 1110001 0.196810598626

101011
0 1010110 0.807126862039
1 1010111 0.192873137961

101010
0 1010100 0.800454623225
1 1010101 0.199545376775

110011
0 1100110 0.799099716215
1 1100111 0.200900283785

110010
0 1100100 0.79741780587
1 1100101 0.20258219413

010010
0 0100100 0.799016515919
1 0100101 0.200983484081

010011
0 0100110 0.801097962669
1 0100111 0.198902037331

010111
0 0101110 0.807817589577
1 0101111 0.192182410423

010110
0 0101100 0.801368015887
1 0101101 0.198631984113

110110
0 1101100 0.797305101059
1 1101101 0.202694898941

110111
0 1101110 0.799380325329
1 1101111 0.200619674671

011000
0 0110000 0.799066186605
1 0110001 0.200933813395

011001
0 0110010 0.798555691554
1 0110011 0.201444308446

001111
0 0011110 0.801999802
1 0011111 0.198000198

001110
0 0011100 0.797665179986
1 0011101 0.202334820014

011101
0 0111010 0.803700491472
1 0111011 0.196299508528

011100
0 0111000 0.799814190015
1 0111001 0.200185809985

001010
0 0010100 0.799510539871
1 0010101 0.200489460129

001011
0 0010110 0.799503062806
1 0010111 0.200496937194

101101
0 1011010 0.798393416928
1 1011011 0.201606583072

000000
0 0000000 0.800468441111
1 0000001 0.199531558889

000001
0 0000010 0.79927869573
1 0000011 0.20072130427

100111
0 1001110 0.8
1 1001111 0.2

100110
0 1001100 0.803312275909
1 1001101 0.196687724091

000101
0 0001010 0.801840723561
1 0001011 0.198159276439

000100
0 0001000 0.800394655792
1 0001001 0.199605344208

111111
0 1111110 0.805214723926
1 1111111 0.194785276074

111110
0 1111100 0.801045016077
1 1111101 0.198954983923

100001
0 1000010 0.800318893525
1 1000011 0.199681106475

100000
0 1000000 0.800273808688
1 1000001 0.199724665065

010001
0 0100010 0.798226952529
1 0100011 0.201773047471

010000
0 0100000 0.799994805576
1 0100001 0.200005194424

101100
0 1011000 0.803836860218
1 1011001 0.196163139782

111010
0 1110100 0.795300715529
1 1110101 0.204699284471

111011
0 1110110 0.809467918623
1 1110111 0.190532081377

101000
0 1010000 0.799850885824
1 1010001 0.200149114176

101001
0 1010010 0.800847973879
1 1010011 0.199152026121

0001011
0 00010110 0.799610894942
1 00010111 0.200389105058

0001010
0 00010100 0.799621466512
1 00010101 0.200378533488

1100011
0 11000110 0.803543637017
1 11000111 0.196456362983

1000101
0 10001010 0.800932315147
1 10001011 0.199067684853

1000100
0 10001000 0.799285023858
1 10001001 0.200714976142

1111001
0 11110010 0.814907453727
1 11110011 0.185092546273

1111000
0 11110000 0.802634849615
1 11110001 0.197365150385

1101110
0 11011100 0.798934108527
1 11011101 0.201065891473

1101111
0 11011110 0.80694980695
1 11011111 0.19305019305

1100100
0 11001000 0.799502288857
1 11001001 0.200497711143

1100101
0 11001010 0.794412867336
1 11001011 0.205587132664

0001000
0 00010000 0.80050262484
1 00010001 0.19949737516

0001001
0 00010010 0.799004517957
1 00010011 0.200995482043

0011111
0 00111110 0.7915
1 00111111 0.2085

0100101
0 01001010 0.799908592322
1 01001011 0.200091407678

0100100
0 01001000 0.799757811722
1 01001001 0.200242188278

0111101
0 01111010 0.788746298124
1 01111011 0.211253701876

0111100
0 01111000 0.800919026329
1 01111001 0.199080973671

1000110
0 10001100 0.80015211439
1 10001101 0.19984788561

1000111
0 10001110 0.808315463426
1 10001111 0.191684536574

0101111
0 01011110 0.800719054956
1 01011111 0.199280945044

1111011
0 11110110 0.795761078998
1 11110111 0.204238921002

1111010
0 11110100 0.781718281718
1 11110101 0.218281718282

0101110
0 01011100 0.797165200391
1 01011101 0.202834799609

0010011
0 00100110 0.801901743265
1 00100111 0.198098256735

0010010
0 00100100 0.799457184258
1 00100101 0.200542815742

0110111
0 01101110 0.798568019093
1 01101111 0.201431980907

0110110
0 01101100 0.795577454633
1 01101101 0.204422545367

1110011
0 11100110 0.817085427136
1 11100111 0.182914572864

1110010
0 11100100 0.793827009882
1 11100101 0.206172990118

1011101
0 10111010 0.811084337349
1 10111011 0.188915662651

1011100
0 10111000 0.803744035238
1 10111001 0.196255964762

0101100
0 01011000 0.803683421544
1 01011001 0.196316578456

0101101
0 01011010 0.794988891632
1 01011011 0.205011108368

1010111
0 10101110 0.786471479051
1 10101111 0.213528520949

1010110
0 10101100 0.802412545235
1 10101101 0.197587454765

0100110
0 01001100 0.803155361983
1 01001101 0.196844638017

0100111
0 01001110 0.800171736997
1 01001111 0.199828263003

0111110
0 01111100 0.804381049414
1 01111101 0.195618950586

0111111
0 01111110 0.805714285714
1 01111111 0.194285714286

0010000
0 00100000 0.800311649028
1 00100001 0.199688350972

0010001
0 00100010 0.798876938891
1 00100011 0.201123061109

1100001
0 11000010 0.800933552993
1 11000011 0.199066447007

1100000
0 11000000 0.801241952769
1 11000001 0.198758047231

0110100
0 01101000 0.803792628842
1 01101001 0.196207371158

0110101
0 01101010 0.805265772479
1 01101011 0.194734227521

1110000
0 11100000 0.804111430142
1 11100001 0.195888569858

1110001
0 11100010 0.797806033408
1 11100011 0.202193966592

0011110
0 00111100 0.797555857302
1 00111101 0.202444142698

0001101
0 00011010 0.796722507677
1 00011011 0.203277492323

0001100
0 00011000 0.801093850887
1 00011001 0.198906149113

1010100
0 10101000 0.800299245778
1 10101001 0.199700754222

1010101
0 10101010 0.803405193533
1 10101011 0.196594806467

1011110
0 10111100 0.804754678806
1 10111101 0.195245321194

1011111
0 10111110 0.77868852459
1 10111111 0.22131147541

0000111
0 00001110 0.801709033904
1 00001111 0.198290966096

0000110
0 00001100 0.800085063722
1 00001101 0.199914936278

0100011
0 01000110 0.794810245814
1 01000111 0.205189754186

0100010
0 01000100 0.80009677568
1 01000101 0.19990322432

1001111
0 10011110 0.797158255757
1 10011111 0.202841744243

1001110
0 10011100 0.803037726605
1 10011101 0.196962273395

1011000
0 10110000 0.799052650756
1 10110001 0.200947349244

1100010
0 11000100 0.799163690749
1 11000101 0.200836309251

1011001
0 10110010 0.793828542989
1 10110011 0.206171457011

0001110
0 00011100 0.796330666018
1 00011101 0.203669333982

0001111
0 00011110 0.803225806452
1 00011111 0.196774193548

0011100
0 00111000 0.798832839378
1 00111001 0.201167160622

0011101
0 00111010 0.801854974705
1 00111011 0.198145025295

0000100
0 00001000 0.800670755335
1 00001001 0.199329244665

0000101
0 00001010 0.802067167659
1 00001011 0.197932832341

0100000
0 01000000 0.800030555635
1 01000001 0.199967534638

0100001
0 01000010 0.800164995073
1 01000011 0.199835004927

1101011
0 11010110 0.808436724566
1 11010111 0.191563275434

1101010
0 11010100 0.794211429973
1 11010101 0.205788570027

0101001
0 01010010 0.800145216918
1 01010011 0.199854783082

0101000
0 01010000 0.799943380924
1 01010001 0.200056619076

1001100
0 10011000 0.798755123729
1 10011001 0.201244876271

1001101
0 10011010 0.792658730159
1 10011011 0.207341269841

0110001
0 01100010 0.79660965734
1 01100011 0.20339034266

0110000
0 01100000 0.799668710631
1 01100001 0.200331289369

0010101
0 00101010 0.797540409729
1 00101011 0.202459590271

0010100
0 00101000 0.797607688374
1 00101001 0.202392311626

1001001
0 10010010 0.798977123082
1 10010011 0.201022876918

1001000
0 10010000 0.801408267049
1 10010001 0.198591732951

1111111
0 11111110 0.803149606299
1 11111111 0.196850393701

1111110
0 11111100 0.788571428571
1 11111101 0.211428571429

1101000
0 11010000 0.79948383179
1 11010001 0.20051616821

1101001
0 11010010 0.803757044458
1 11010011 0.196242955542

1110101
0 11101010 0.788852149268
1 11101011 0.211147850732

1110100
0 11101000 0.809118541033
1 11101001 0.190881458967

1010001
0 10100010 0.795639827792
1 10100011 0.204360172208

1010000
0 10100000 0.798727097691
1 10100001 0.201272902309

1000011
0 10000110 0.800220277795
1 10000111 0.199779722205

1000010
0 10000100 0.798274875005
1 10000101 0.201725124995

0101010
0 01010100 0.802008608321
1 01010101 0.197991391679

0101011
0 01010110 0.806807170543
1 01010111 0.193192829457

0110010
0 01100100 0.798320100549
1 01100101 0.201679899451

0110011
0 01100110 0.794750273423
1 01100111 0.205249726577

0010110
0 00101100 0.801101572356
1 00101101 0.198898427644

0010111
0 00101110 0.813006134969
1 00101111 0.186993865031

0011001
0 00110010 0.799713528175
1 00110011 0.200286471825

0011000
0 00110000 0.799069569771
1 00110001 0.200930430229

0000001
0 00000010 0.79923790198
1 00000011 0.20076209802

1110110
0 11101100 0.804253262446
1 11101101 0.195746737554

1110111
0 11101110 0.802874743326
1 11101111 0.197125256674

0000000
0 00000000 0.800638737965
1 00000001 0.199361262035

1111100
0 11111000 0.801304565981
1 11111001 0.198695434019

1111101
0 11111010 0.816161616162
1 11111011 0.183838383838

1011011
0 10110110 0.802721088435
1 10110111 0.197278911565

1011010
0 10110100 0.805521472393
1 10110101 0.194478527607

1010010
0 10100100 0.797267693057
1 10100101 0.202732306943

1010011
0 10100110 0.797871038786
1 10100111 0.202128961214

0111011
0 01110110 0.812960235641
1 01110111 0.187039764359

0111010
0 01110100 0.798561151079
1 01110101 0.201438848921

1000000
0 10000000 0.799784872821
1 10000001 0.200215127179

1000001
0 10000010 0.799442151918
1 10000011 0.200557848082

0011010
0 00110100 0.801607509894
1 00110101 0.198392490106

0011011
0 00110110 0.79791816224
1 00110111 0.20208183776

0000010
0 00000100 0.800683229932
1 00000101 0.199316770068

0000011
0 00000110 0.802278101785
1 00000111 0.197721898215

0111000
0 01110000 0.803325793238
1 01110001 0.196674206762

0111001
0 01110010 0.802149487054
1 01110011 0.197850512946

1101101
0 11011010 0.811490978158
1 11011011 0.188509021842

1101100
0 11011000 0.804442298407
1 11011001 0.195557701593

1001010
0 10010100 0.799067698495
1 10010101 0.200932301505

1001011
0 10010110 0.799080682231
1 10010111 0.200919317769

1100111
0 11001110 0.799318071115
1 11001111 0.200681928885

1100110
0 11001100 0.803943179035
1 11001101 0.196056820965

00000101
0 00001010 0.802414255605
1 00001011 0.197585744395

10110001
0 01100010 0.799788455727
1 01100011 0.200211544273

11001010
0 10010100 0.808798903943
1 10010101 0.191201096057

11001011
0 10010110 0.791176470588
1 10010111 0.208823529412

10110000
0 01100000 0.798867609059
1 01100001 0.201132390941

11010001
0 10100010 0.798758328286
1 10100011 0.201241671714

11010000
0 10100000 0.795564163913
1 10100001 0.204435836087

01000001
0 10000010 0.799617992551
1 10000011 0.200382007449

10001000
0 00010000 0.7999616086
1 00010001 0.2000383914

10000000
0 00000000 0.800915681038
1 00000001 0.199084318962

01111000
0 11110000 0.807412001861
1 11110001 0.192587998139

01111001
0 11110010 0.81409856519
1 11110011 0.18590143481

10111010
0 01110100 0.802733214498
1 01110101 0.197266785502

00100001
0 01000010 0.800564215358
1 01000011 0.199435784642

00100000
0 01000000 0.799926508485
1 01000001 0.200071105427

00010100
0 00101000 0.79899977094
1 00101001 0.20100022906

00010101
0 00101010 0.796237050579
1 00101011 0.203762949421

10111000
0 01110000 0.804231998782
1 01110001 0.195768001218

10111001
0 01110010 0.795511221945
1 01110011 0.204488778055

10011001
0 00110010 0.788774894387
1 00110011 0.211225105613

10111110
0 01111100 0.813157894737
1 01111101 0.186842105263

00110000
0 01100000 0.799868934667
1 01100001 0.200131065333

00110001
0 01100010 0.795815077806
1 01100011 0.204184922194

11100001
0 11000010 0.798534227351
1 11000011 0.201465772649

11100000
0 11000000 0.801785375119
1 11000001 0.198214624881

01100000
0 11000000 0.80110602231
1 11000001 0.19889397769

00111101
0 01111010 0.786585365854
1 01111011 0.213414634146

10100000
0 01000000 0.800447679813
1 01000001 0.199552320187

10100001
0 01000010 0.798580268003
1 01000011 0.201419731997

00111000
0 01110000 0.803098106713
1 01110001 0.196901893287

00011110
0 00111100 0.801668211307
1 00111101 0.198331788693

00011111
0 00111110 0.789407313997
1 00111111 0.210592686003

00100101
0 01001010 0.800665213901
1 01001011 0.199334786099

00001100
0 00011000 0.800368317132
1 00011001 0.199631682868

00001101
0 00011010 0.797545779196
1 00011011 0.202454220804

10001110
0 00011100 0.799263080324
1 00011101 0.200736919676

11001001
0 10010010 0.800796812749
1 10010011 0.199203187251

11001000
0 10010000 0.803058832571
1 10010001 0.196941167429

11111100
0 11111000 0.80193236715
1 11111001 0.19806763285

11111101
0 11111010 0.765765765766
1 11111011 0.234234234234

01111011
0 11110110 0.801401869159
1 11110111 0.198598130841

01111010
0 11110100 0.777847309136
1 11110101 0.222152690864

10111011
0 01110110 0.780612244898
1 01110111 0.219387755102

10001001
0 00010010 0.793150894359
1 00010011 0.206849105641

01100011
0 11000110 0.805972366662
1 11000111 0.194027633338

01100010
0 11000100 0.799681371619
1 11000101 0.200318628381

00010111
0 00101110 0.812297734628
1 00101111 0.187702265372

00010110
0 00101100 0.801452129919
1 00101101 0.198547870081

01000000
0 10000000 0.79974410633
1 10000001 0.20025589367

00110011
0 01100110 0.797474132684
1 01100111 0.202525867316

00110010
0 01100100 0.799016805762
1 01100101 0.200983194238

10100011
0 01000110 0.806813088301
1 01000111 0.193186911699

10100010
0 01000100 0.803284979661
1 01000101 0.196715020339

00011101
0 00111010 0.802957872722
1 00111011 0.197042127278

00011100
0 00111000 0.796355022351
1 00111001 0.203644977649

10101010
0 01010100 0.804238450983
1 01010101 0.195761549017

10101011
0 01010110 0.818068535826
1 01010111 0.181931464174

00001111
0 00011110 0.804836459464
1 00011111 0.195163540536

00001110
0 00011100 0.795567824553
1 00011101 0.204432175447

11111111
0 11111110 0.88
1 11111111 0.12

11111110
0 11111100 0.78431372549
1 11111101 0.21568627451

01010110
0 10101100 0.805734874643
1 10101101 0.194265125357

01010111
0 10101110 0.788714733542
1 10101111 0.211285266458

00000000
0 00000000 0.800569660163
1 00000001 0.199430339837

00000001
0 00000010 0.799354255641
1 00000011 0.200645744359

00111010
0 01110100 0.797506384257
1 01110101 0.202493615743

00111011
0 01110110 0.820668693009
1 01110111 0.179331306991

01101010
0 11010100 0.79518815546
1 11010101 0.20481184454

01101011
0 11010110 0.807397959184
1 11010111 0.192602040816

01000100
0 10001000 0.799973121118
1 10001001 0.200026878882

01000101
0 10001010 0.800706958159
1 10001011 0.199293041841

10001011
0 00010110 0.799106455092
1 00010111 0.200893544908

10001010
0 00010100 0.80494715883
1 00010101 0.19505284117

10011011
0 00110110 0.803229665072
1 00110111 0.196770334928

00001011
0 00010110 0.799737360473
1 00010111 0.200262639527

11100100
0 11001000 0.805286614415
1 11001001 0.194713385585

11100101
0 11001010 0.799408284024
1 11001011 0.200591715976

11101110
0 11011100 0.805626598465
1 11011101 0.194373401535

11101111
0 11011110 0.822916666667
1 11011111 0.177083333333

10101001
0 01010010 0.797094801223
1 01010011 0.202905198777

10101000
0 01010000 0.80075546568
1 01010001 0.19924453432

00000011
0 00000110 0.802855568644
1 00000111 0.197144431356

00110101
0 01101010 0.80810267512
1 01101011 0.19189732488

10000010
0 00000100 0.801538976246
1 00000101 0.198461023754

10000011
0 00000110 0.799961897504
1 00000111 0.200038102496

00100100
0 01001000 0.799528166178
1 01001001 0.200471833822

00000010
0 00000100 0.8004696068
1 00000101 0.1995303932

00000100
0 00001000 0.800676827829
1 00001001 0.199323172171

11011110
0 10111100 0.787081339713
1 10111101 0.212918660287

11011111
0 10111110 0.76
1 10111111 0.24

01101001
0 11010010 0.801714731099
1 11010011 0.198285268901

01101000
0 11010000 0.800913242009
1 11010001 0.199086757991

10110111
0 01101110 0.785714285714
1 01101111 0.214285714286

10110110
0 01101100 0.78995157385
1 01101101 0.21004842615

11001100
0 10011000 0.802284843869
1 10011001 0.197715156131

11001101
0 10011010 0.798251093067
1 10011011 0.201748906933

11000110
0 10001100 0.794845053635
1 10001101 0.205154946365

11000111
0 10001110 0.792199878123
1 10001111 0.207800121877

00111001
0 01110010 0.803766707169
1 01110011 0.196233292831

10110010
0 01100100 0.795454545455
1 01100101 0.204545454545

00101110
0 01011100 0.798671898581
1 01011101 0.201328101419

00101111
0 01011110 0.797900262467
1 01011111 0.202099737533

01000111
0 10001110 0.81223160077
1 10001111 0.18776839923

10110011
0 01100110 0.783946891973
1 01100111 0.216053108027

00110100
0 01101000 0.803941829315
1 01101001 0.196058170685

10011111
0 00111110 0.799516908213
1 00111111 0.200483091787

10011110
0 00111100 0.781192378611
1 00111101 0.218807621389

01001110
0 10011100 0.801318411774
1 10011101 0.198681588226

01001111
0 10011110 0.797421731123
1 10011111 0.202578268877

01011100
0 10111000 0.806713672594
1 10111001 0.193286327406

01011101
0 10111010 0.806024096386
1 10111011 0.193975903614

11100111
0 11001110 0.843406593407
1 11001111 0.156593406593

11100110
0 11001100 0.80012300123
1 11001101 0.19987699877

11101101
0 11011010 0.80987654321
1 11011011 0.19012345679

11101100
0 11011000 0.797475961538
1 11011001 0.202524038462

01110010
0 11100100 0.792326431181
1 11100101 0.207673568819

10010101
0 00101010 0.802729340409
1 00101011 0.197270659591

00011000
0 00110000 0.798956950503
1 00110001 0.201043049497

00011001
0 00110010 0.802482337216
1 00110011 0.197517662784

10000001
0 00000010 0.798773111325
1 00000011 0.201226888675

10010100
0 00101000 0.792046364434
1 00101001 0.207953635566

00100111
0 01001110 0.804923076923
1 01001111 0.195076923077

00100110
0 01001100 0.804233809669
1 01001101 0.195766190331

00101101
0 01011010 0.796565594059
1 01011011 0.203434405941

00101100
0 01011000 0.801267524486
1 01011001 0.198732475514

11001111
0 10011110 0.796116504854
1 10011111 0.203883495146

11001110
0 10011100 0.80987202925
1 10011101 0.19012797075

11000101
0 10001010 0.801823708207
1 10001011 0.198176291793

11000100
0 10001000 0.79654737807
1 10001001 0.20345262193

10001111
0 00011110 0.796768178993
1 00011111 0.203231821007

10011010
0 00110100 0.810231539424
1 00110101 0.189768460576

01100001
0 11000010 0.801517162905
1 11000011 0.198482837095

01000110
0 10001100 0.801513877208
1 10001101 0.198486122792

00011010
0 00110100 0.799503911467
1 00110101 0.200496088533

01001101
0 10011010 0.791273402445
1 10011011 0.208726597555

01001100
0 10011000 0.797876374668
1 10011001 0.202123625332

00011011
0 00110110 0.796589889321
1 00110111 0.203410110679

10110100
0 01101000 0.803198781417
1 01101001 0.196801218583

11010100
0 10101000 0.801883878938
1 10101001 0.198116121062

11010101
0 10101010 0.795589988081
1 10101011 0.204410011919

11110101
0 11101010 0.778032036613
1 11101011 0.221967963387

11110100
0 11101000 0.817891373802
1 11101001 0.182108626198

01011111
0 10111110 0.783505154639
1 10111111 0.216494845361

01010101
0 10101010 0.805427073697
1 10101011 0.194572926303

01010100
0 10101000 0.799908651467
1 10101001 0.200091348533

10111111
0 01111110 0.851851851852
1 01111111 0.148148148148

01110001
0 11100010 0.794684488654
1 11100011 0.205315511346

01011110
0 10111100 0.809493264913
1 10111101 0.190506735087

01010000
0 10100000 0.79952367744
1 10100001 0.20047632256

01010001
0 10100010 0.794852181895
1 10100011 0.205147818105

01110100
0 11101000 0.807057057057
1 11101001 0.192942942943

01110101
0 11101010 0.791666666667
1 11101011 0.208333333333

10110101
0 01101010 0.793690851735
1 01101011 0.206309148265

01111110
0 11111100 0.789598108747
1 11111101 0.210401891253

01111111
0 11111110 0.78431372549
1 11111111 0.21568627451

01101100
0 11011000 0.806193353474
1 11011001 0.193806646526

01101101
0 11011010 0.811875367431
1 11011011 0.188124632569

10010000
0 00100000 0.799534848108
1 00100001 0.200465151892

10010001
0 00100010 0.799582866633
1 00100011 0.200417133367

11101011
0 11010110 0.812080536913
1 11010111 0.187919463087

00111100
0 01111000 0.798947531342
1 01111001 0.201052468658

10011000
0 00110000 0.799521040027
1 00110001 0.200478959973

10011101
0 00111010 0.797263681592
1 00111011 0.202736318408

00110110
0 01101100 0.796971060129
1 01101101 0.203028939871

00110111
0 01101110 0.801657785672
1 01101111 0.198342214328

10101100
0 01011000 0.813138905592
1 01011001 0.186861094408

10101101
0 01011010 0.788766788767
1 01011011 0.211233211233

01100110
0 11001100 0.804892966361
1 11001101 0.195107033639

01100111
0 11001110 0.789816459443
1 11001111 0.210183540557

00010010
0 00100100 0.799026278967
1 00100101 0.200973721033

00010011
0 00100110 0.802270649192
1 00100111 0.197729350808

00001010
0 00010100 0.798295779481
1 00010101 0.201704220519

10010110
0 00101100 0.799727520436
1 00101101 0.200272479564

11010111
0 10101110 0.777202072539
1 10101111 0.222797927461

11010110
0 10101100 0.788827501535
1 10101101 0.211172498465

10100110
0 01001100 0.798803864438
1 01001101 0.201196135562

10010111
0 00101110 0.815773630343
1 00101111 0.184226369657

11011101
0 10111010 0.831325301205
1 10111011 0.168674698795

11011100
0 10111000 0.791995148575
1 10111001 0.208004851425

01110000
0 11100000 0.803538812785
1 11100001 0.196461187215

11011000
0 10110000 0.798769507803
1 10110001 0.201230492197

11011001
0 10110010 0.79012345679
1 10110011 0.20987654321

01010011
0 10100110 0.797759612474
1 10100111 0.202240387526

01010010
0 10100100 0.795636721113
1 10100101 0.204363278887

11111010
0 11110100 0.79702970297
1 11110101 0.20297029703

11111011
0 11110110 0.769230769231
1 11110111 0.230769230769

01011010
0 10110100 0.806707033069
1 10110101 0.193292966931

01011011
0 10110110 0.80313064419
1 10110111 0.19686935581

10000100
0 00001000 0.800646407466
1 00001001 0.199353592534

10000101
0 00001010 0.800696257615
1 00001011 0.199303742385

01111101
0 11111010 0.830729166667
1 11111011 0.169270833333

01111100
0 11111000 0.801139962001
1 11111001 0.198860037999

00101000
0 01010000 0.799739685517
1 01010001 0.200260314483

00101001
0 01010010 0.800897638983
1 01010011 0.199102361017

01101111
0 11011110 0.803317535545
1 11011111 0.196682464455

01101110
0 11011100 0.797369994023
1 11011101 0.202630005977

10010011
0 00100110 0.800426569165
1 00100111 0.199573430835

10010010
0 00100100 0.801180574188
1 00100101 0.198819425812

00010001
0 00100010 0.798701982444
1 00100011 0.201298017556

00010000
0 00100000 0.800505267377
1 00100001 0.199494732623

11000000
0 10000000 0.799946877638
1 10000001 0.200053122362

11000001
0 10000010 0.798738049713
1 10000011 0.201261950287

00111111
0 01111110 0.79376498801
1 01111111 0.20623501199

00111110
0 01111100 0.802274162982
1 01111101 0.197725837018

11101000
0 11010000 0.793839218633
1 11010001 0.206160781367

11101001
0 11010010 0.812101910828
1 11010011 0.187898089172

10101111
0 01011110 0.810874704492
1 01011111 0.189125295508

10101110
0 01011100 0.790757381258
1 01011101 0.209242618742

01100101
0 11001010 0.793129654963
1 11001011 0.206870345037

01100100
0 11001000 0.798056984871
1 11001001 0.201943015129

10100101
0 01001010 0.796938316074
1 01001011 0.203061683926

10100100
0 01001000 0.800671678815
1 01001001 0.199328321185

11110110
0 11101100 0.789346246973
1 11101101 0.210653753027

00001001
0 00010010 0.800471147032
1 00010011 0.199528852968

00001000
0 00010000 0.80063700797
1 00010001 0.19936299203

10111101
0 01111010 0.79792746114
1 01111011 0.20207253886

01001000
0 10010000 0.800996645903
1 10010001 0.199003354097

01001001
0 10010010 0.798522601141
1 10010011 0.201477398859

10111100
0 01111000 0.808925204274
1 01111001 0.191074795726

11110000
0 11100000 0.806441622793
1 11100001 0.193558377207

11110001
0 11100010 0.810453400504
1 11100011 0.189546599496

11011011
0 10110110 0.801007556675
1 10110111 0.198992443325

11011010
0 10110100 0.801053247513
1 10110101 0.198946752487

11111001
0 11110010 0.818181818182
1 11110011 0.181818181818

11111000
0 11110000 0.783343769568
1 11110001 0.216656230432

11010010
0 10100100 0.803988781552
1 10100101 0.196011218448

11010011
0 10100110 0.798340778558
1 10100111 0.201659221442

01011001
0 10110010 0.794763908368
1 10110011 0.205236091632

01011000
0 10110000 0.799124476589
1 10110001 0.200875523411

10000111
0 00001110 0.800765696784
1 00001111 0.199234303216

10000110
0 00001100 0.796260896161
1 00001101 0.203739103839

00000110
0 00001100 0.801033077433
1 00001101 0.198966922567

00000111
0 00001110 0.801945929316
1 00001111 0.198054070684

10001101
0 00011010 0.793423656569
1 00011011 0.206576343431

10001100
0 00011000 0.803999847915
1 00011001 0.196000152085

00101011
0 01010110 0.804089610585
1 01010111 0.195910389415

00101010
0 01010100 0.801450381679
1 01010101 0.198549618321

11110111
0 11101110 0.830188679245
1 11101111 0.169811320755

00100010
0 01000100 0.799299020549
1 01000101 0.200700979451

00100011
0 01000110 0.791746128614
1 01000111 0.208253871386

11000011
0 10000110 0.807356321839
1 10000111 0.192643678161

11000010
0 10000100 0.797623128785
1 10000101 0.202376871215

01000010
0 10000100 0.798438215977
1 10000101 0.201561784023

01000011
0 10000110 0.798440426589
1 10000111 0.201559573411

10100111
0 01001110 0.781476997579
1 01001111 0.218523002421

10011100
0 00111000 0.808724832215
1 00111001 0.191275167785

11101010
0 11010100 0.790419161677
1 11010101 0.209580838323

01001011
0 10010110 0.801126846353
1 10010111 0.198873153647

01001010
0 10010100 0.796632765779
1 10010101 0.203367234221

11100010
0 11000100 0.79703125
1 11000101 0.20296875

11100011
0 11000110 0.7934648582
1 11000111 0.2065351418

01110011
0 11100110 0.812345679012
1 11100111 0.187654320988

01110111
0 11101110 0.795275590551
1 11101111 0.204724409449

01110110
0 11101100 0.807971014493
1 11101101 0.192028985507

11110011
0 11100110 0.837837837838
1 11100111 0.162162162162

11110010
0 11100100 0.799877225292
1 11100101 0.200122774708

