e
1 1 0.039342
0 0 0.960658

1
0 10 0.49461135682
1 11 0.50538864318

0
0 00 0.979743987975
1 01 0.0202559079298

11
0 110 0.95956344616
1 111 0.04043655384

10
0 100 0.970317076931
1 101 0.029682923069

00
0 000 0.979938884331
1 001 0.0200610094211

01
0 010 0.0195282388612
1 011 0.980471761139

010
0 0100 0.497368421053
1 0101 0.502631578947

011
0 0110 0.97919178154
1 0111 0.0208082184601

001
0 0010 0.0100151471819
1 0011 0.989984852818

000
0 0000 0.979948551334
1 0001 0.0200513402436

111
0 1110 0.493781094527
1 1111 0.506218905473

110
0 1100 0.979736883484
1 1101 0.0202631165155

100
0 1000 0.979466564979
1 1001 0.0205334350207

101
0 1010 0.330505540166
1 1011 0.669494459834

0110
0 01100 0.979911144417
1 01101 0.0200888555829

0111
0 01110 0.0186397984887
1 01111 0.981360201511

0000
0 00000 0.979947303877
1 00001 0.0200525854824

0001
0 00010 0.0099222978636
1 00011 0.990077702136

0011
0 00110 0.979462131466
1 00111 0.0205378685341

0010
0 00100 0.0274986779482
1 00101 0.972501322052

0101
0 01010 0.961256544503
1 01011 0.0387434554974

0100
0 01000 0.967724867725
1 01001 0.0322751322751

1111
0 11110 0.957248157248
1 11111 0.0427518427518

1110
0 11100 0.971536523929
1 11101 0.0284634760705

1100
0 11000 0.979585285999
1 11001 0.0204147140014

1101
0 11010 0.0188825659596
1 11011 0.98111743404

1010
0 10100 0.96280775275
1 10101 0.0371922472499

1011
0 10110 0.966123610034
1 10111 0.0338763899664

1001
0 10010 0.014444157854
1 10011 0.985555842146

1000
0 10000 0.980009408609
1 10001 0.0199905913906

10000
0 100000 0.980147870227
1 100001 0.0198521297727

10001
0 100010 0.0102786042737
1 100011 0.989721395726

10101
0 101010 0.492957746479
1 101011 0.507042253521

10100
0 101000 0.980957562568
1 101001 0.019042437432

01101
0 011010 0.00905941913136
1 011011 0.990940580869

01100
0 011000 0.979564858768
1 011001 0.0204351412324

11111
0 111110 0.505747126437
1 111111 0.494252873563

11110
0 111100 0.981262833676
1 111101 0.0187371663244

11010
0 110100 0.520547945205
1 110101 0.479452054795

11011
0 110110 0.976008436594
1 110111 0.0239915634063

01000
0 010000 0.984691088026
1 010001 0.0153089119738

01001
0 010010 0.409836065574
1 010011 0.590163934426

00111
0 001110 0.0093774420422
1 001111 0.990622557958

00110
0 001100 0.979878088746
1 001101 0.0201219112539

00010
0 000100 0.0147138964578
1 000101 0.985286103542

00011
0 000110 0.979443151904
1 000111 0.0205568480956

10011
0 100110 0.980371630463
1 100111 0.0196283695368

10010
0 100100 0.446428571429
1 100101 0.553571428571

10110
0 101100 0.981531049251
1 101101 0.0184689507495

10111
0 101110 0.290076335878
1 101111 0.709923664122

01110
0 011100 0.459459459459
1 011101 0.540540540541

01111
0 011110 0.977412731006
1 011111 0.0225872689938

11001
0 110010 0.00812368972746
1 110011 0.991876310273

11000
0 110000 0.979962644996
1 110001 0.0200373550036

11100
0 111000 0.980554835364
1 111001 0.0194451646357

11101
0 111010 0.345132743363
1 111011 0.654867256637

01011
0 010110 0.459459459459
1 010111 0.540540540541

01010
0 010100 0.980392156863
1 010101 0.0196078431373

00001
0 000010 0.00991502979475
1 000011 0.990084970205

00000
0 000000 0.979943197439
1 000001 0.020056689656

00100
0 001000 0.5
1 001001 0.5

00101
0 001010 0.979336595976
1 001011 0.0206634040239

110000
0 1100000 0.980082367824
1 1100001 0.0199176321758

110001
0 1100010 0.0100844916871
1 1100011 0.989915508313

110101
0 1101010 1.0

110100
0 1101000 1.0

010100
0 0101000 0.980555555556
1 0101001 0.0194444444444

010101
1 0101011 1.0

001100
0 0011000 0.979604236343
1 0011001 0.0203957636566

001101
0 0011010 0.00868621064061
1 0011011 0.991313789359

011110
0 0111100 0.981880252101
1 0111101 0.0181197478992

011111
0 0111110 0.0227272727273
1 0111111 0.977272727273

001001
0 0010010 0.961538461538
1 0010011 0.0384615384615

001000
0 0010000 0.961538461538
1 0010001 0.0384615384615

011011
0 0110110 0.976068835709
1 0110111 0.0239311642915

011010
1 0110101 1.0

000110
0 0001100 0.979915020799
1 0001101 0.0200849792013

000111
0 0001110 0.00956429330499
1 0001111 0.990435706695

000011
0 0000110 0.979458658181
1 0000111 0.0205413418189

000010
0 0000100 0.014468558709
1 0000101 0.985531441291

100100
0 1001000 0.96
1 1001001 0.04

100101
0 1001010 1.0

111100
0 1111000 0.980381899032
1 1111001 0.0196181009678

111101
0 1111010 0.027397260274
1 1111011 0.972602739726

100010
0 1000100 0.0263157894737
1 1000101 0.973684210526

100011
0 1000110 0.978682700191
1 1000111 0.0213172998087

101110
0 1011100 0.894736842105
1 1011101 0.105263157895

101111
0 1011110 0.989247311828
1 1011111 0.010752688172

111001
1 1110011 1.0

111000
0 1110000 0.979904812269
1 1110001 0.0200951877314

101011
0 1010110 0.944444444444
1 1010111 0.0555555555556

101010
0 1010100 0.942857142857
1 1010101 0.0571428571429

110011
0 1100110 0.980184940555
1 1100111 0.0198150594452

110010
1 1100101 1.0

010010
0 0100100 1.0

010011
0 0100110 1.0

010111
0 0101110 0.925
1 0101111 0.075

010110
0 0101100 0.970588235294
1 0101101 0.0294117647059

110110
0 1101100 0.981631550513
1 1101101 0.0183684494868

110111
0 1101110 0.010989010989
1 1101111 0.989010989011

011000
0 0110000 0.979963864693
1 0110001 0.0200361353066

011001
0 0110010 0.00828655439722
1 0110011 0.991713445603

001111
0 0011110 0.977123323692
1 0011111 0.0228766763082

001110
1 0011101 1.0

011101
0 0111010 0.925
1 0111011 0.075

011100
0 0111000 1.0

001010
0 0010100 0.981121599112
1 0010101 0.0188784008884

001011
1 0010111 1.0

101101
0 1011010 0.0289855072464
1 1011011 0.971014492754

000000
0 0000000 0.979937211902
1 0000001 0.0200626728816

000001
0 0000010 0.00991882550298
1 0000011 0.990081174497

100111
1 1001111 1.0

100110
0 1001100 0.978109983983
1 1001101 0.0218900160171

000101
0 0001010 0.978982300885
1 0001011 0.021017699115

000100
0 0001000 0.0740740740741
1 0001001 0.925925925926

111111
0 1111110 1.0

111110
0 1111100 0.954545454545
1 1111101 0.0454545454545

100001
0 1000010 0.00972762645914
1 1000011 0.990272373541

100000
0 1000000 0.980235529886
1 1000001 0.019764470114

010001
0 0100010 0.0357142857143
1 0100011 0.964285714286

010000
0 0100000 0.986674069961
1 0100001 0.0133259300389

101100
0 1011000 0.977638396509
1 1011001 0.0223616034906

111010
0 1110100 0.974358974359
1 1110101 0.025641025641

111011
0 1110110 0.972972972973
1 1110111 0.027027027027

101000
0 1010000 0.985024958403
1 1010001 0.0149750415973

101001
1 1010011 1.0

0001011
1 00010111 1.0

0001010
0 00010100 0.981355932203
1 00010101 0.0186440677966

1000101
0 10001010 1.0

1000100
0 10001000 1.0

1111001
1 11110011 1.0

1111000
0 11110000 0.979722518677
1 11110001 0.0202774813234

1101110
1 11011101 1.0

1101111
0 11011110 1.0

1100101
0 11001010 1.0

0001000
0 00010000 0.5
1 00010001 0.5

0001001
0 00010010 1.0

0011111
0 00111110 0.0114942528736
1 00111111 0.988505747126

0100100
0 01001000 0.96
1 01001001 0.04

0111101
0 01111010 0.0144927536232
1 01111011 0.985507246377

0111100
0 01111000 0.981278416689
1 01111001 0.018721583311

1000110
0 10001100 0.980173135996
1 10001101 0.0198268640045

1000111
0 10001110 0.0128205128205
1 10001111 0.987179487179

0101111
0 01011110 0.666666666667
1 01011111 0.333333333333

0101110
0 01011100 0.918918918919
1 01011101 0.0810810810811

1111010
0 11110100 0.5
1 11110101 0.5

1111011
0 11110110 0.971830985915
1 11110111 0.0281690140845

0010011
0 00100110 1.0

0010010
0 00100100 1.0

0110111
0 01101110 0.0112359550562
1 01101111 0.988764044944

0110110
0 01101100 0.981818181818
1 01101101 0.0181818181818

1110011
0 11100110 0.986666666667
1 11100111 0.0133333333333

1011101
0 10111010 0.25
1 10111011 0.75

1011100
0 10111000 1.0

0101100
0 01011000 1.0

0101101
1 01011011 1.0

1010111
1 10101111 1.0

1010110
0 10101100 0.970588235294
1 10101101 0.0294117647059

0100110
0 01001100 0.972222222222
1 01001101 0.0277777777778

0111110
0 01111100 0.5
1 01111101 0.5

0111111
0 01111110 1.0

0010000
0 00100000 1.0

0010001
0 00100010 1.0

1100001
0 11000010 0.00979294907666
1 11000011 0.990207050923

1100000
0 11000000 0.980286014841
1 11000001 0.0197139851591

0110101
0 01101010 1.0

1110000
0 11100000 0.980032379924
1 11100001 0.0199676200756

1110001
1 11100011 1.0

0011110
0 00111100 0.981431646932
1 00111101 0.0185683530678

0001101
0 00011010 0.00805108273182
1 00011011 0.991948917268

0001100
0 00011000 0.97958301088
1 00011001 0.02041698912

1010100
0 10101000 0.969696969697
1 10101001 0.030303030303

1010101
1 10101011 1.0

1011110
0 10111100 1.0

1011111
0 10111110 1.0

0000111
0 00001110 0.00949538795442
1 00001111 0.990504612046

0000110
0 00001100 0.979909761773
1 00001101 0.0200902382266

0100011
0 01000110 0.962962962963
1 01000111 0.037037037037

0100010
0 01000100 1.0

1001111
0 10011110 0.973333333333
1 10011111 0.0266666666667

1011000
0 10110000 0.979358437936
1 10110001 0.0206415620642

1100010
1 11000101 1.0

1100011
0 11000110 0.978799559471
1 11000111 0.0212004405286

0001110
1 00011101 1.0

0001111
0 00011110 0.977199570815
1 00011111 0.0228004291845

0011101
0 00111010 1.0

0000100
0 00001000 0.0384615384615
1 00001001 0.961538461538

0000101
0 00001010 0.978543195935
1 00001011 0.0214568040655

0100000
0 01000000 0.975239167136
1 01000001 0.0247608328644

0100001
1 01000011 1.0

1101010
0 11010100 0.942857142857
1 11010101 0.0571428571429

0101001
1 01010011 1.0

0101000
0 01010000 0.984702549575
1 01010001 0.0152974504249

1001100
0 10011000 0.980622270742
1 10011001 0.0193777292576

1001101
0 10011010 0.0365853658537
1 10011011 0.963414634146

0110001
0 01100010 0.0102978012803
1 01100011 0.98970219872

0110000
0 01100000 0.98008342201
1 01100001 0.0199165779905

0010101
1 00101011 1.0

0010100
0 00101000 0.980758347482
1 00101001 0.0192416525184

1001001
1 10010011 1.0

1001000
0 10010000 1.0

1111110
0 11111100 0.96511627907
1 11111101 0.0348837209302

1101000
0 11010000 1.0

1110101
0 11101010 1.0

1110100
0 11101000 1.0

1010001
1 10100011 1.0

1010000
0 10100000 0.986486486486
1 10100001 0.0135135135135

1000011
0 10000110 0.980914959304
1 10000111 0.019085040696

1000010
0 10000100 0.0285714285714
1 10000101 0.971428571429

1011001
1 10110011 1.0

0101011
0 01010110 0.944444444444
1 01010111 0.0555555555556

0110010
1 01100101 1.0

0110011
0 01100110 0.980053908356
1 01100111 0.0199460916442

0010111
0 00101110 0.973684210526
1 00101111 0.0263157894737

0011001
0 00110010 0.00847226018038
1 00110011 0.99152773982

0011000
0 00110000 0.979976214998
1 00110001 0.0200237850018

1011011
0 10110110 0.985074626866
1 10110111 0.0149253731343

1110110
0 11101100 0.972222222222
1 11101101 0.0277777777778

1110111
1 11101111 1.0

0000000
0 00000000 0.97993126574
1 00000001 0.0200686166848

1111100
0 11111000 0.940476190476
1 11111001 0.0595238095238

1111101
0 11111010 0.25
1 11111011 0.75

0000001
0 00000010 0.0099407917028
1 00000011 0.990059208297

1011010
1 10110101 1.0

1010011
0 10100110 1.0

0111011
0 01110110 1.0

0111010
0 01110100 1.0

1000000
0 10000000 0.980227529848
1 10000001 0.0197724701518

1000001
0 10000010 0.00882939333523
1 10000011 0.991170606665

0011010
1 00110101 1.0

0011011
0 00110110 0.975903614458
1 00110111 0.0240963855422

0000010
0 00000100 0.0141884222474
1 00000101 0.985811577753

0000011
0 00000110 0.979429156243
1 00000111 0.0205708437571

0111000
0 01110000 1.0

1101101
0 11011010 0.0294117647059
1 11011011 0.970588235294

1101100
0 11011000 0.977435332966
1 11011001 0.0225646670336

1001010
0 10010100 0.967741935484
1 10010101 0.0322580645161

1100111
1 11001111 1.0

1100110
0 11001100 0.978167115903
1 11001101 0.021832884097

00000101
0 00001010 0.978123200921
1 00001011 0.0218767990789

00000100
0 00001000 0.04
1 00001001 0.96

11001010
0 10010100 0.967741935484
1 10010101 0.0322580645161

01111011
0 11110110 0.970588235294
1 11110111 0.0294117647059

10110000
0 01100000 0.979777841071
1 01100001 0.0202221589291

11010000
0 10100000 1.0

01000001
1 10000011 1.0

01000000
0 10000000 0.98268897865
1 10000001 0.0173110213503

10000000
0 00000000 0.979324850019
1 00000001 0.0206751499813

01111000
0 11110000 0.979558462796
1 11110001 0.0204415372036

01111001
1 11110011 1.0

00100000
0 01000000 1.0

00010100
0 00101000 0.981001727116
1 00101001 0.0189982728843

00010101
1 00101011 1.0

10111000
0 01110000 1.0

10011110
0 00111100 0.972602739726
1 00111101 0.027397260274

10011001
1 00110011 1.0

10111110
0 01111100 1.0

00110000
0 01100000 0.980089651729
1 01100001 0.0199103482714

10010100
0 00101000 0.966666666667
1 00101001 0.0333333333333

11100001
1 11000011 1.0

11100000
0 11000000 0.981002202643
1 11000001 0.0189977973568

01100000
0 11000000 0.980270912078
1 11000001 0.0197290879216

00111101
0 01111010 0.0144927536232
1 01111011 0.985507246377

10100000
0 01000000 0.974885844749
1 01000001 0.0251141552511

10100001
1 01000011 1.0

00011110
0 00111100 0.98160856437
1 00111101 0.01839143563

00011111
0 00111110 0.0117647058824
1 00111111 0.988235294118

00001100
0 00011000 0.979590770267
1 00011001 0.020409229733

00001101
0 00011010 0.00821297082979
1 00011011 0.99178702917

11111100
0 11111000 0.939759036145
1 11111001 0.0602409638554

11111101
1 11111011 1.0

10110001
0 01100010 0.0135135135135
1 01100011 0.986486486486

10110011
0 01100110 0.975609756098
1 01100111 0.0243902439024

01111010
1 11110101 1.0

10111011
0 01110110 1.0

10111010
0 01110100 1.0

01100011
0 11000110 0.979752530934
1 11000111 0.0202474690664

01100010
1 11000101 1.0

00010111
0 00101110 0.973684210526
1 00101111 0.0263157894737

00110011
0 01100110 0.980154355017
1 01100111 0.0198456449835

00110010
1 01100101 1.0

10100011
0 01000110 0.962962962963
1 01000111 0.037037037037

00011101
0 00111010 1.0

10101011
0 01010110 0.5
1 01010111 0.5

00001111
0 00011110 0.97754039989
1 00011111 0.0224596001096

00001110
1 00011101 1.0

01010110
0 10101100 0.970588235294
1 10101101 0.0294117647059

01010111
1 10101111 1.0

00000000
0 00000000 0.979943682494
1 00000001 0.0200561975233

00000001
0 00000010 0.00997140982377
1 00000011 0.990028590176

00111010
0 01110100 1.0

01101010
0 11010100 0.941176470588
1 11010101 0.0588235294118

01000100
0 10001000 1.0

10001010
0 00010100 0.864864864865
1 00010101 0.135135135135

10011011
0 00110110 0.987341772152
1 00110111 0.0126582278481

11101111
0 11011110 1.0

10101001
1 01010011 1.0

10101000
0 01010000 0.96875
1 01010001 0.03125

00000011
0 00000110 0.979350348028
1 00000111 0.0206496519722

00110101
0 01101010 1.0

10000010
0 00000100 0.0967741935484
1 00000101 0.903225806452

10000011
0 00000110 0.983333333333
1 00000111 0.0166666666667

00100100
0 01001000 0.96
1 01001001 0.04

00000010
0 00000100 0.0127094165222
1 00000101 0.987290583478

11011110
0 10111100 1.0

10110111
1 01101111 1.0

10110110
0 01101100 1.0

11001100
0 10011000 0.980435381648
1 10011001 0.0195646183522

11001101
0 10011010 0.037037037037
1 10011011 0.962962962963

11000110
0 10001100 0.980309423347
1 10001101 0.0196905766526

11000111
0 10001110 0.012987012987
1 10001111 0.987012987013

00101110
0 01011100 0.918918918919
1 01011101 0.0810810810811

00101111
1 01011111 1.0

01000111
1 10001111 1.0

01000110
0 10001100 0.961538461538
1 10001101 0.0384615384615

10011111
1 00111111 1.0

01011100
0 10111000 1.0

01011101
1 10111011 1.0

11100111
1 11001111 1.0

11100110
0 11001100 0.959459459459
1 11001101 0.0405405405405

11101101
1 11011011 1.0

11101100
0 11011000 0.971428571429
1 11011001 0.0285714285714

10010101
1 00101011 1.0

00011000
0 00110000 0.979918442271
1 00110001 0.0200815577294

00011001
0 00110010 0.00863991081382
1 00110011 0.991360089186

10000001
0 00000010 0.00842288701714
1 00000011 0.991577112983

00110001
0 01100010 0.0102301790281
1 01100011 0.989769820972

00100110
0 01001100 1.0

11001111
0 10011110 0.973333333333
1 10011111 0.0266666666667

11000101
0 10001010 1.0

10001111
0 00011110 0.961038961039
1 00011111 0.038961038961

10011010
1 00110101 1.0

01100001
0 11000010 0.01
1 11000011 0.99

01001101
1 10011011 1.0

01001100
0 10011000 1.0

00011011
0 00110110 0.975650713686
1 00110111 0.024349286314

00011010
1 00110101 1.0

11010100
0 10101000 0.969696969697
1 10101001 0.030303030303

11010101
1 10101011 1.0

11110101
0 11101010 1.0

11110100
0 11101000 1.0

10110101
0 01101010 1.0

01011111
0 10111110 1.0

01011110
0 10111100 1.0

01010000
0 10100000 0.986191024166
1 10100001 0.0138089758343

01010001
1 10100011 1.0

01110100
0 11101000 1.0

01111110
0 11111100 0.96511627907
1 11111101 0.0348837209302

01101100
0 11011000 0.977553310887
1 11011001 0.0224466891134

01101101
0 11011010 0.030303030303
1 11011011 0.969696969697

10010000
0 00100000 1.0

00111100
0 01111000 0.981080340005
1 01111001 0.0189196599945

10011000
0 00110000 0.982744224882
1 00110001 0.0172557751183

00110110
0 01101100 0.981481481481
1 01101101 0.0185185185185

00110111
0 01101110 0.0113636363636
1 01101111 0.988636363636

10101100
0 01011000 1.0

10101101
1 01011011 1.0

01100110
0 11001100 0.978547854785
1 11001101 0.0214521452145

01100111
1 11001111 1.0

00010010
0 00100100 1.0

00001010
0 00010100 0.98384304674
1 00010101 0.0161569532602

00001011
1 00010111 1.0

10100110
0 01001100 0.971428571429
1 01001101 0.0285714285714

11011101
0 10111010 1.0

01110000
0 11100000 1.0

11011000
0 10110000 0.979166666667
1 10110001 0.0208333333333

11011001
1 10110011 1.0

01010011
0 10100110 1.0

11111010
0 11110100 1.0

11111011
0 11110110 1.0

01011011
0 10110110 1.0

10000100
1 00001001 1.0

10000101
0 00001010 1.0

01111101
0 11111010 1.0

01111100
0 11111000 1.0

00101000
0 01010000 0.98499711483
1 01010001 0.0150028851702

00101001
1 01010011 1.0

01101111
0 11011110 1.0

01101110
1 11011101 1.0

10010011
0 00100110 1.0

00010001
0 00100010 1.0

00010000
0 00100000 1.0

11000000
0 10000000 0.980202786575
1 10000001 0.0197972134247

11000001
0 10000010 0.0089414479377
1 10000011 0.991058552062

00111111
0 01111110 1.0

00111110
1 01111101 1.0

11101000
0 11010000 1.0

10101111
0 01011110 1.0

01100101
0 11001010 1.0

11110110
0 11101100 0.971014492754
1 11101101 0.0289855072464

00001001
0 00010010 1.0

00001000
1 00010001 1.0

10001110
1 00011101 1.0

01001000
0 10010000 1.0

01001001
1 10010011 1.0

10111100
0 01111000 0.989130434783
1 01111001 0.0108695652174

11110000
0 11100000 0.979847494553
1 11100001 0.0201525054466

11110001
1 11100011 1.0

11011011
0 10110110 0.984848484848
1 10110111 0.0151515151515

11011010
1 10110101 1.0

11111001
1 11110011 1.0

11111000
0 11110000 0.987341772152
1 11110001 0.0126582278481

01011000
0 10110000 1.0

10000111
0 00001110 0.0147058823529
1 00001111 0.985294117647

10000110
0 00001100 0.981115879828
1 00001101 0.0188841201717

00000110
0 00001100 0.97988529101
1 00001101 0.0201147089898

00000111
0 00001110 0.00939745715865
1 00001111 0.990602542841

10001101
1 00011011 1.0

10001100
0 00011000 0.979202279202
1 00011001 0.0207977207977

00101011
0 01010110 0.970588235294
1 01010111 0.0294117647059

11110111
1 11101111 1.0

00100010
0 01000100 1.0

11000011
0 10000110 0.981068098333
1 10000111 0.0189319016671

11000010
0 10000100 0.0285714285714
1 10000101 0.971428571429

01000011
0 10000110 0.958333333333
1 10000111 0.0416666666667

11101010
0 11010100 1.0

10001000
0 00010000 1.0

11100011
0 11000110 0.934210526316
1 11000111 0.0657894736842

01110110
0 11101100 1.0

11110011
0 11100110 0.986666666667
1 11100111 0.0133333333333

