e
1 1 0.0198948
0 0 0.9801052

1
0 10 0.495008746004
1 11 0.504991253996

0
0 00 0.98995189496
1 01 0.0100480030103

11
0 110 0.980232315089
1 111 0.0197676849115

10
0 100 0.990282389496
1 101 0.00971761050355

00
0 000 0.989948539408
1 001 0.0100513575269

01
1 011 1.0

011
0 0110 0.989998070694
1 0111 0.0100019293062

001
1 0011 1.0

000
0 0000 0.98994674153
1 0001 0.0100531543579

111
0 1110 0.495971802618
1 1111 0.504028197382

110
0 1100 0.990282389496
1 1101 0.00971761050355

100
0 1000 0.990125507567
1 1001 0.00987449243263

101
1 1011 1.0

0110
0 01100 0.990276524165
1 01101 0.00972347583491

0111
1 01111 1.0

0000
0 00000 0.989948869867
1 00001 0.0100510249637

0001
1 00011 1.0

0011
0 00110 0.989992207046
1 00111 0.0100077929535

1111
0 11110 0.984015984016
1 11111 0.015984015984

1110
0 11100 0.990862944162
1 11101 0.00913705583756

1100
0 11000 0.990125507567
1 11001 0.00987449243263

1101
1 11011 1.0

1011
0 10110 0.990595611285
1 10111 0.00940438871473

1001
1 10011 1.0

1000
0 10000 0.989737057404
1 10001 0.0102629425959

01111
0 011110 0.991878172589
1 011111 0.00812182741117

11001
1 110011 1.0

11000
0 110000 0.989737057404
1 110001 0.0102629425959

10000
0 100000 0.989913152663
1 100001 0.010086847337

10001
1 100011 1.0

01101
1 011011 1.0

01100
0 011000 0.990129262129
1 011001 0.00987073787132

11111
0 111110 0.5
1 111111 0.5

11110
0 111100 0.990862944162
1 111101 0.00913705583756

11100
0 111000 0.989754098361
1 111001 0.0102459016393

11101
1 111011 1.0

11011
0 110110 0.990595611285
1 110111 0.00940438871473

00111
1 001111 1.0

00110
0 001100 0.990263910179
1 001101 0.00973608982061

00001
1 000011 1.0

00000
0 000000 0.989949231439
1 000001 0.0100506623243

00011
0 000110 0.99000631725
1 000111 0.00999368274976

10011
0 100110 0.988577362409
1 100111 0.0114226375909

10110
0 101100 0.991561181435
1 101101 0.0084388185654

10111
1 101111 1.0

110000
0 1100000 0.989913152663
1 1100001 0.010086847337

110001
1 1100011 1.0

001100
0 0011000 0.990126349259
1 0011001 0.00987365074052

001101
1 0011011 1.0

011110
0 0111100 0.990788126919
1 0111101 0.00921187308086

011111
1 0111111 1.0

011011
0 0110110 0.990506329114
1 0110111 0.00949367088608

000110
0 0001100 0.990271559479
1 0001101 0.00972844052052

000111
1 0001111 1.0

000011
0 0000110 0.98999686094
1 0000111 0.0100031390604

111100
0 1111000 0.989754098361
1 1111001 0.0102459016393

111101
1 1111011 1.0

100011
0 1000110 0.990918264379
1 1000111 0.00908173562059

101111
0 1011110 1.0

111001
1 1110011 1.0

111000
0 1110000 0.993788819876
1 1110001 0.00621118012422

110011
0 1100110 0.988577362409
1 1100111 0.0114226375909

110110
0 1101100 0.991561181435
1 1101101 0.0084388185654

110111
1 1101111 1.0

011000
0 0110000 0.989696113813
1 0110001 0.0103038861865

011001
1 0110011 1.0

001111
0 0011110 0.991803278689
1 0011111 0.00819672131148

101101
1 1011011 1.0

000000
0 0000000 0.989945596329
1 0000001 0.0100542963554

000001
1 0000011 1.0

100111
1 1001111 1.0

100110
0 1001100 0.989495798319
1 1001101 0.0105042016807

111111
0 1111110 1.0

111110
0 1111100 1.0

100001
1 1000011 1.0

100000
0 1000000 0.990307168679
1 1000001 0.00969283132148

101100
0 1011000 0.990425531915
1 1011001 0.00957446808511

111011
0 1110110 1.0

0011001
1 00110011 1.0

0011000
0 00110000 0.989689850418
1 00110001 0.0103101495817

1110011
0 11100110 1.0

0001111
0 00011110 0.99170984456
1 00011111 0.00829015544041

1011011
0 10110110 1.0

1110110
0 11101100 1.0

1111100
0 11111000 1.0

0000001
1 00000011 1.0

0000000
0 00000000 0.989943103317
1 00000001 0.0100567882779

1100011
0 11000110 0.990918264379
1 11000111 0.00908173562059

0111111
0 01111110 1.0

1001101
1 10011011 1.0

1111001
1 11110011 1.0

1111000
0 11110000 0.993788819876
1 11110001 0.00621118012422

1101111
0 11011110 1.0

1000000
0 10000000 0.990190950912
1 10000001 0.00980904908794

1000001
1 10000011 1.0

1100001
1 11000011 1.0

1100000
0 11000000 0.990307168679
1 11000001 0.00969283132148

0110001
1 01100011 1.0

1001100
0 10011000 0.986199575372
1 10011001 0.0138004246285

0110110
0 01101100 0.99148029819
1 01101101 0.00851970181044

0011111
1 00111111 1.0

0110000
0 01100000 0.989884790191
1 01100001 0.0101152098087

1110000
0 11100000 0.992708333333
1 11100001 0.00729166666667

1110001
1 11100011 1.0

0001101
1 00011011 1.0

0001100
0 00011000 0.9901654237
1 00011001 0.00983457629983

1011110
0 10111100 1.0

0011110
0 00111100 0.990702479339
1 00111101 0.00929752066116

0011011
0 00110110 0.990425531915
1 00110111 0.00957446808511

0000111
1 00001111 1.0

0000110
0 00001100 0.990265711206
1 00001101 0.00973428879447

1011000
0 10110000 0.990332975295
1 10110001 0.00966702470462

0000011
0 00000110 0.989958353593
1 00000111 0.0100416464072

1000011
0 10000110 0.99377593361
1 10000111 0.00622406639004

0111101
1 01111011 1.0

0111100
0 01111000 0.989669421488
1 01111001 0.0103305785124

1000110
0 10001100 0.99083503055
1 10001101 0.0091649694501

1000111
1 10001111 1.0

1111011
0 11110110 1.0

1011001
1 10110011 1.0

1101101
1 11011011 1.0

1101100
0 11011000 0.990425531915
1 11011001 0.00957446808511

1001111
0 10011110 1.0

0110011
0 01100110 0.988457502623
1 01100111 0.0115424973767

1100111
1 11001111 1.0

1100110
0 11001100 0.989495798319
1 11001101 0.0105042016807

0110111
1 01101111 1.0

1111110
0 11111100 1.0

11011000
0 10110000 0.990332975295
1 10110001 0.00966702470462

11011001
1 10110011 1.0

10000001
1 00000011 1.0

10000000
0 00000000 0.990503395494
1 00000001 0.00949660450577

10110000
0 01100000 0.990238611714
1 01100001 0.00976138828633

00000000
0 00000000 0.989937410232
1 00000001 0.0100624802614

00000001
1 00000011 1.0

11001111
0 10011110 1.0

00110111
1 01101111 1.0

11001101
1 10011011 1.0

01101111
0 11011110 1.0

01111000
0 11110000 0.993736951983
1 11110001 0.0062630480167

01111001
1 11110011 1.0

11000111
1 10001111 1.0

11000001
1 10000011 1.0

11000000
0 10000000 0.990190950912
1 10000001 0.00980904908794

00111111
0 01111110 1.0

10001111
0 00011110 1.0

10011011
0 00110110 1.0

10110001
1 01100011 1.0

10011110
0 00111100 1.0

10011001
1 00110011 1.0

00111100
0 01111000 0.989572471324
1 01111001 0.0104275286757

00110000
0 01100000 0.989881308172
1 01100001 0.0101186918282

00110001
1 01100011 1.0

11100001
1 11000011 1.0

11100000
0 11000000 0.99370409234
1 11000001 0.00629590766002

01100000
0 11000000 0.990272602052
1 11000001 0.00972739794774

10011000
0 00110000 0.989235737352
1 00110001 0.010764262648

00011011
0 00110110 0.990322580645
1 00110111 0.00967741935484

10111100
0 01111000 1.0

00011110
0 00111100 0.990595611285
1 00111101 0.00940438871473

00011111
1 00111111 1.0

00001100
0 00011000 0.99018069653
1 00011001 0.00981930346984

00001101
1 00011011 1.0

11110000
0 11100000 0.992708333333
1 11100001 0.00729166666667

11110001
1 11100011 1.0

10000011
0 00000110 0.992366412214
1 00000111 0.00763358778626

11011011
0 10110110 1.0

11011110
0 10111100 1.0

11111000
0 11110000 1.0

10000111
1 00001111 1.0

01111110
0 11111100 1.0

10110110
0 01101100 1.0

11001100
0 10011000 0.986199575372
1 10011001 0.0138004246285

10000110
0 00001100 0.989561586639
1 00001101 0.0104384133612

00000110
0 00001100 0.990272913641
1 00001101 0.00972708635859

00000111
1 00001111 1.0

01101100
0 11011000 0.990332975295
1 11011001 0.00966702470462

01101101
1 11011011 1.0

11111100
0 11111000 1.0

01111011
0 11110110 1.0

10110011
0 01100110 0.888888888889
1 01100111 0.111111111111

11000011
0 10000110 0.99377593361
1 10000111 0.00622406639004

00111101
1 01111011 1.0

11000110
0 10001100 0.99083503055
1 10001101 0.0091649694501

01100011
0 11000110 0.990862944162
1 11000111 0.00913705583756

10001101
1 00011011 1.0

01100110
0 11001100 0.989384288747
1 11001101 0.0106157112527

01100111
1 11001111 1.0

10001100
0 00011000 0.988694758479
1 00011001 0.0113052415211

11100011
0 11000110 1.0

00110011
0 01100110 0.989406779661
1 01100111 0.010593220339

00110110
0 01101100 0.991407089151
1 01101101 0.00859291084855

11110110
0 11101100 1.0

00011000
0 00110000 0.989694351096
1 00110001 0.0103056489038

11100110
0 11001100 1.0

00000011
0 00000110 0.989934784233
1 00000111 0.0100652157671

01100001
1 11000011 1.0

11101100
0 11011000 1.0

00001111
0 00011110 0.991631799163
1 00011111 0.00836820083682

11110011
0 11100110 1.0

00011001
1 00110011 1.0

