e
1 1 0.3337197
0 0 0.6662803

1
1 11 0.600069759142
0 10 0.399929941205

0
1 01 0.200312841307
0 00 0.799687158693

11
1 111 0.333527086202
0 110 0.666472414435

10
1 101 0.200785227532
0 100 0.799214772468

00
1 001 0.200194513751
0 000 0.799805486249

01
1 011 1.0
0 010 0.0

011
1 0111 0.200047952826
0 0110 0.799952047174

001
1 0011 1.0
0 0010 0.0

000
1 0001 0.200116156556
0 0000 0.799883843444

111
1 1111 0.600251532778
0 1110 0.399746970003

110
1 1101 0.200785227532
0 1100 0.799214772468

100
1 1001 0.200507561866
0 1000 0.799492438134

101
1 1011 1.0
0 1010 0.0

0110
1 01101 0.200797638182
0 01100 0.799202361818

0111
1 01111 1.0
0 01110 0.0

0000
1 00001 0.200092880065
0 00000 0.799907119935

0001
1 00011 1.0
0 00010 0.0

0011
1 00111 0.200113812358
0 00110 0.799886187642

1111
1 11111 0.334034237025
0 11110 0.665963268656

1110
1 11101 0.20073559981
0 11100 0.79926440019

1100
1 11001 0.200507561866
0 11000 0.799492438134

1101
1 11011 1.0
0 11010 0.0

1011
1 10111 0.199785802513
0 10110 0.800214197487

1001
1 10011 1.0
0 10010 0.0

1000
1 10001 0.200209194963
0 10000 0.799790805037

01111
1 011111 0.199904117336
0 011110 0.800092137247

11001
1 110011 1.0
0 110010 0.0

11000
1 110001 0.200209194963
0 110000 0.799790805037

10000
1 100001 0.200470342611
0 100000 0.799529657389

10001
1 100011 1.0
0 100010 0.0

01101
1 011011 1.0
0 011010 0.0

01100
1 011001 0.200666846368
0 011000 0.799333153632

11111
1 111111 0.601450141131
0 111110 0.398549858869

11110
1 111101 0.200736351651
0 111100 0.799263648349

11100
1 111001 0.199870664205
0 111000 0.800129335795

11101
1 111011 1.0
0 111010 0.0

11011
1 110111 0.199785802513
0 110110 0.800214197487

00111
1 001111 1.0
0 001110 0.0

00110
1 001101 0.200451704322
0 001100 0.799548295678

00001
1 000011 1.0
0 000010 0.0

00000
1 000001 0.199998459643
0 000000 0.800001540357

00011
1 000111 0.200491795782
0 000110 0.799508204218

10011
1 100111 0.19860666277
0 100110 0.80139333723

10110
1 101101 0.202174044833
0 101100 0.797825955167

10111
1 101111 1.0
0 101110 0.0

110000
1 1100001 0.200470342611
0 1100000 0.799529657389

110001
1 1100011 1.0
0 1100010 0.0

001100
1 0011001 0.200561431283
0 0011000 0.799438568717

001101
1 0011011 1.0
0 0011010 0.0

011110
1 0111101 0.20071248344
0 0111100 0.79928751656

011111
1 0111111 1.0
0 0111110 0.0

011011
1 0110111 0.199387075407
0 0110110 0.800612924593

000110
1 0001101 0.200398935195
0 0001100 0.799601064805

000111
1 0001111 1.0
0 0001110 0.0

000011
1 0000111 0.200317862463
0 0000110 0.799682137537

111100
1 1111001 0.199871600819
0 1111000 0.800128399181

111101
1 1111011 1.0
0 1111010 0.0

100011
1 1000111 0.201186620358
0 1000110 0.798813379642

101111
1 1011111 0.204322163697
0 1011110 0.795659157981

111001
1 1110011 1.0
0 1110010 0.0

111000
1 1110001 0.202183360079
0 1110000 0.797816639921

110011
1 1100111 0.19860666277
0 1100110 0.80139333723

110110
1 1101101 0.202174044833
0 1101100 0.797825955167

110111
1 1101111 1.0
0 1101110 0.0

011000
1 0110001 0.199714975654
0 0110000 0.800285024346

011001
1 0110011 1.0
0 0110010 0.0

001111
1 0011111 0.198795999157
0 0011110 0.801204000843

101101
1 1011011 1.0
0 1011010 0.0

000000
1 0000001 0.199976894693
0 0000000 0.800023105307

000001
1 0000011 1.0
0 0000010 0.0

100111
1 1001111 1.0
0 1001110 0.0

100110
1 1001101 0.200661617989
0 1001100 0.799338382011

111111
1 1111111 0.337351790924
0 1111110 0.662648209076

111110
1 1111101 0.200831881288
0 1111100 0.799168118712

100001
1 1000011 1.0
0 1000010 0.0

100000
1 1000001 0.200084720276
0 1000000 0.799915279724

101100
1 1011001 0.201087178888
0 1011000 0.798912821112

111011
1 1110111 0.201380725814
0 1110110 0.798619274186

0011001
1 00110011 1.0
0 00110010 0.0

0011000
1 00110001 0.200176028898
0 00110000 0.799823971102

1110011
1 11100111 0.200201631811
0 11100110 0.799798368189

0001111
1 00011111 0.19805472049
0 00011110 0.80194527951

1011011
1 10110111 0.197190570651
0 10110110 0.802809429349

1110110
1 11101101 0.202303630671
0 11101100 0.797696369329

1110111
1 11101111 1.0
0 11101110 0.0

1111100
1 11111001 0.20267735734
0 11111000 0.79732264266

1111101
1 11111011 1.0
0 11111010 0.0

0000001
1 00000011 1.0
0 00000010 0.0

0000000
1 00000001 0.200188642052
0 00000000 0.799811357948

1100011
1 11000111 0.201186620358
0 11000110 0.798813379642

0111111
1 01111111 0.203042736964
0 01111110 0.796957263036

1001101
1 10011011 1.0
0 10011010 0.0

1111001
1 11110011 1.0
0 11110010 0.0

1111000
1 11110001 0.202184544203
0 11110000 0.797815455797

1101111
1 11011111 0.204322163697
0 11011110 0.795659157981

1000000
1 10000001 0.199129782927
0 10000000 0.800870217073

1000001
1 10000011 1.0
0 10000010 0.0

1100001
1 11000011 1.0
0 11000010 0.0

1100000
1 11000001 0.200084720276
0 11000000 0.799915279724

0110001
1 01100011 1.0
0 01100010 0.0

0110000
1 01100001 0.200909803749
0 01100000 0.799090196251

0110110
1 01101101 0.202141729347
0 01101100 0.797858270653

0011111
1 00111111 1.0
0 00111110 0.0

1110000
1 11100001 0.198709478506
0 11100000 0.801290521494

1110001
1 11100011 1.0
0 11100010 0.0

0011110
1 00111101 0.201103957993
0 00111100 0.798896042007

0001101
1 00011011 1.0
0 00011010 0.0

0001100
1 00011001 0.200467735427
0 00011000 0.799532264573

1011110
1 10111101 0.199140804733
0 10111100 0.800859195267

1011111
1 10111111 1.0
0 10111110 0.0

0011011
1 00110111 0.19994386884
0 00110110 0.80005613116

0000111
1 00001111 1.0
0 00001110 0.0

0000110
1 00001101 0.20002273444
0 00001100 0.79997726556

1011000
1 10110001 0.197875360325
0 10110000 0.802124639675

0000011
1 00000111 0.200042543515
0 00000110 0.799957456485

1001100
1 10011001 0.200934272472
0 10011000 0.799065727528

1000011
1 10000111 0.201415908493
0 10000110 0.798584091507

0111101
1 01111011 1.0
0 01111010 0.0

0111100
1 01111001 0.199170683425
0 01111000 0.800829316575

1000110
1 10001101 0.201903407216
0 10001100 0.798096592784

1000111
1 10001111 1.0
0 10001110 0.0

1111011
1 11110111 0.201380725814
0 11110110 0.798619274186

1011001
1 10110011 1.0
0 10110010 0.0

1101101
1 11011011 1.0
0 11011010 0.0

1101100
1 11011001 0.201087178888
0 11011000 0.798912821112

1001111
1 10011111 0.201779786708
0 10011110 0.798220213292

0110011
1 01100111 0.198209352715
0 01100110 0.801790647285

1111111
1 11111111 0.601170322391
0 11111110 0.398829677609

1100111
1 11001111 1.0
0 11001110 0.0

1100110
1 11001101 0.200661617989
0 11001100 0.799338382011

0110111
1 01101111 1.0
0 01101110 0.0

1111110
1 11111101 0.200831881288
0 11111100 0.799168118712

10110001
1 01100011 1.0
0 01100010 0.0

10110000
1 01100001 0.1997610274
0 01100000 0.8002389726

01111000
1 11110001 0.201285689211
0 11110000 0.798714310789

01111001
1 11110011 1.0
0 11110010 0.0

10011111
1 00111111 1.0
0 00111110 0.0

10011110
1 00111101 0.198725889223
0 00111100 0.801274110777

10011001
1 00110011 1.0
0 00110010 0.0

00110000
1 01100001 0.201198543774
0 01100000 0.798801456226

00110001
1 01100011 1.0
0 01100010 0.0

11100001
1 11000011 1.0
0 11000010 0.0

11100000
1 11000001 0.199890064587
0 11000000 0.800109935413

01100000
1 11000001 0.200133434517
0 11000000 0.799866565483

01100001
1 11000011 1.0
0 11000010 0.0

00011110
1 00111101 0.201692010356
0 00111100 0.798307989644

00011111
1 00111111 1.0
0 00111110 0.0

00001100
1 00011001 0.200547750556
0 00011000 0.799452249444

00001101
1 00011011 1.0
0 00011010 0.0

10011000
1 00110001 0.200573641711
0 00110000 0.799426358289

11111100
1 11111001 0.20267735734
0 11111000 0.79732264266

11111101
1 11111011 1.0
0 11111010 0.0

01111011
1 11110111 0.201557981155
0 11110110 0.798442018845

01100011
1 11000111 0.201431560401
0 11000110 0.798568439599

00110011
1 01100111 0.197843882473
0 01100110 0.802156117527

00001111
1 00011111 0.197704716456
0 00011110 0.802295283544

11111111
1 11111111 0.336577900214
0 11111110 0.663422099786

11111110
1 11111101 0.202731383224
0 11111100 0.797268616776

00000000
1 00000001 0.200457243898
0 00000000 0.799542756102

00000001
1 00000011 1.0
0 00000010 0.0

11101111
1 11011111 0.206059482998
0 11011110 0.793940517002

10110111
1 01101111 1.0
0 01101110 0.0

10000011
1 00000111 0.20048391088
0 00000110 0.79951608912

11011110
1 10111101 0.199140804733
0 10111100 0.800859195267

11011111
1 10111111 1.0
0 10111110 0.0

00000011
1 00000111 0.199932143242
0 00000110 0.800067856758

10110110
1 01101101 0.199166786381
0 01101100 0.800833213619

11001100
1 10011001 0.200934272472
0 10011000 0.799065727528

11001101
1 10011011 1.0
0 10011010 0.0

11000110
1 10001101 0.201903407216
0 10001100 0.798096592784

11000111
1 10001111 1.0
0 10001110 0.0

00000111
1 00001111 1.0
0 00001110 0.0

11110110
1 11101101 0.202303630671
0 11101100 0.797696369329

11110111
1 11101111 1.0
0 11101110 0.0

11100111
1 11001111 1.0
0 11001110 0.0

11100110
1 11001101 0.204086418667
0 11001100 0.795913581333

11101101
1 11011011 1.0
0 11011010 0.0

11101100
1 11011001 0.200919661424
0 11011000 0.799080338576

00011000
1 00110001 0.20007616618
0 00110000 0.79992383382

00011001
1 00110011 1.0
0 00110010 0.0

10000001
1 00000011 1.0
0 00000010 0.0

10000000
1 00000001 0.199115500215
0 00000000 0.800884499785

11001111
1 10011111 0.201779786708
0 10011110 0.798220213292

10011011
1 00110111 0.198964905649
0 00110110 0.801035094351

00011011
1 00110111 0.200190287994
0 00110110 0.799809712006

00111101
1 01111011 1.0
0 01111010 0.0

01111110
1 11111101 0.200347940568
0 11111100 0.799652059432

01111111
1 11111111 1.0
0 11111110 0.0

01101100
1 11011001 0.201128945101
0 11011000 0.798871054899

01101101
1 11011011 1.0
0 11011010 0.0

00111100
1 01111001 0.199088034663
0 01111000 0.800911965337

10111111
1 01111111 0.199378370966
0 01111110 0.800621629034

00110110
1 01101101 0.202898444808
0 01101100 0.797101555192

00110111
1 01101111 1.0
0 01101110 0.0

01100110
1 11001101 0.199810612958
0 11001100 0.800189387042

01100111
1 11001111 1.0
0 11011110 0.0

11011000
1 10110001 0.197875360325
0 10110000 0.802124639675

11011001
1 10110011 1.0
0 10110010 0.0

11111011
1 11110111 0.20067170445
0 11110110 0.79932829555

01101111
1 11011111 0.203883495146
0 11011110 0.796093110305

11000000
1 10000001 0.199129782927
0 10000000 0.800870217073

11000001
1 10000011 1.0
0 10000010 0.0

10111101
1 01111011 1.0
0 01111010 0.0

10001111
1 00011111 0.199446870451
0 00011110 0.800553129549

00111111
1 01111111 0.20398736862
0 01111110 0.79601263138

10111100
1 01111001 0.199501685476
0 01111000 0.800498314524

11110000
1 11100001 0.198703596309
0 11100000 0.801296403691

11110001
1 11100011 1.0
0 11100010 0.0

11011011
1 10110111 0.197190570651
0 10110110 0.802809429349

11111001
1 11110011 1.0
0 11110010 0.0

11111000
1 11110001 0.205798465112
0 11110000 0.794201534888

10000111
1 00001111 1.0
0 00001110 0.0

10000110
1 00001101 0.199456004103
0 00001100 0.800543995897

00000110
1 00001101 0.200164589809
0 00001100 0.799835410191

10110011
1 01100111 0.199662820103
0 01100110 0.800337179897

10001101
1 00011011 1.0
0 00011010 0.0

10001100
1 00011001 0.200146991272
0 00011000 0.799853008728

11000011
1 10000111 0.201415908493
0 10000110 0.798584091507

11100011
1 11000111 0.20022014947
0 11000110 0.79977985053

11110011
1 11100111 0.200201631811
0 11100110 0.799798368189

