e
1 1 0.5000001
0 0 0.4999999

1
1 11 0.333320733336
0 10 0.666679266664

0
1 01 0.666679333336
0 00 0.333320466664

11
1 111 0.333481738913
0 110 0.666518261087

10
1 101 0.66643247114
0 100 0.333567228866

00
1 001 0.667173086316
0 000 0.332826913684

01
1 011 0.333240335082
0 010 0.666759664918

010
1 0101 0.666478146509
0 0100 0.333521403562

011
1 0111 0.333526883695
0 0110 0.666473116305

001
1 0011 0.333283569203
0 0010 0.666716430797

000
1 0001 0.667408822946
0 0000 0.332591177054

111
1 1111 0.333391509621
0 1110 0.666608490379

110
1 1101 0.666341682106
0 1100 0.333658317894

100
1 1001 0.667055486405
0 1000 0.332944513595

101
1 1011 0.333218695251
0 1010 0.666781304749

0110
1 01101 0.66677022367
0 01100 0.33322977633

0111
1 01111 0.333216370796
0 01110 0.666783629204

0000
1 00001 0.668612624333
0 00000 0.331387375667

0001
1 00011 0.33303439986
0 00010 0.66696560014

0011
1 00111 0.334004349914
0 00110 0.665995650086

0010
1 00101 0.665632039712
0 00100 0.334366611361

0101
1 01011 0.333453723325
0 01010 0.666546276675

0100
1 01001 0.66721302187
0 01000 0.33278697813

1111
1 11111 0.333741695585
0 11110 0.666258304415

1110
1 11101 0.665485345044
0 11100 0.334514654956

1100
1 11001 0.666739514617
0 11000 0.333260485383

1101
1 11011 0.332748346026
0 11010 0.667251653974

1010
1 10101 0.666901604327
0 10100 0.333098395673

1011
1 10111 0.333287852588
0 10110 0.666712147412

1001
1 10011 0.333407936018
0 10010 0.666592063982

1000
1 10001 0.666808930187
0 10000 0.333191069813

10000
1 100001 0.667982715709
0 100000 0.332017284291

10001
1 100011 0.333088926338
0 100010 0.666911073662

10101
1 101011 0.333742979661
0 101010 0.666257020339

10100
1 101001 0.667280097284
0 101000 0.332719902716

01101
1 011011 0.332905889407
0 011010 0.667094110593

01100
1 011001 0.66649506893
0 011000 0.33350493107

11111
1 111111 0.333214747736
0 111110 0.666785252264

11110
1 111101 0.666375057714
0 111100 0.333624942286

11010
1 110101 0.667497484263
0 110100 0.332502515737

11011
1 110111 0.333951830318
0 110110 0.666048169682

01000
1 010001 0.666662612947
0 010000 0.333337387053

01001
1 010011 0.333486996274
0 010010 0.666513003726

00111
1 001111 0.33332794726
0 001110 0.66667205274

00110
1 001101 0.667074544379
0 001100 0.332925455621

00010
1 000101 0.665750018225
0 000100 0.334249981775

00011
1 000111 0.3357341574
0 000110 0.6642658426

10011
1 100111 0.333141925909
0 100110 0.666858074091

10010
1 100101 0.665573120611
0 100100 0.334424856801

10110
1 101101 0.666618037108
0 101100 0.333381962892

10111
1 101111 0.333160392845
0 101110 0.666839607155

01110
1 011101 0.66504072281
0 011100 0.33495927719

01111
1 011111 0.334005653974
0 011110 0.665994346026

11001
1 110011 0.333251051122
0 110010 0.666748948878

11000
1 110001 0.667101151249
0 110000 0.332898848751

11100
1 111001 0.667226104217
0 111000 0.332773895783

11101
1 111011 0.332432925716
0 111010 0.667567074284

01011
1 010111 0.332956772428
0 010110 0.667043227572

01010
1 010101 0.666603534906
0 010100 0.333396465094

00001
1 000011 0.332925277059
0 000010 0.667074722941

00000
1 000001 0.669883538341
0 000000 0.330116461659

00100
1 001001 0.667079507496
0 001000 0.332920492504

00101
1 001011 0.332874660809
0 001010 0.667125339191

110000
1 100001 0.668498747538
0 100000 0.331501252462

110001
1 100011 0.333923955388
0 100010 0.666076044612

110101
1 101011 0.332040124852
0 101010 0.667959875148

110100
1 101001 0.667884545122
0 101000 0.332115454878

010100
1 101001 0.666978552767
0 101000 0.333021447233

010101
1 101011 0.33459591931
0 101010 0.66540408069

001100
1 011001 0.667851231623
0 011000 0.332148768377

001101
1 011011 0.331545572711
0 011010 0.668454427289

011110
1 111101 0.66564905922
0 111100 0.33435094078

011111
1 111111 0.333462676432
0 111110 0.666537323568

001001
1 010011 0.331611763923
0 010010 0.668388236077

001000
1 010001 0.668516655963
0 010000 0.331483344037

011011
1 110111 0.333937797034
0 110110 0.666062202966

011010
1 110101 0.667329691253
0 110100 0.332670308747

000110
1 001101 0.664936872695
0 001100 0.335063127305

000111
1 001111 0.333438020921
0 001110 0.666561979079

000011
1 000111 0.334583353626
0 000110 0.665416646374

000010
1 000101 0.664134754445
0 000100 0.335865245555

100100
1 001001 0.666515467659
0 001000 0.333484532341

100101
1 001011 0.332415595466
0 001010 0.667584404534

111100
1 111001 0.671206934227
0 111000 0.328793065773

111101
1 111011 0.330197165293
0 111010 0.669802834707

100010
1 000101 0.666557331244
0 000100 0.333442668756

100011
1 000111 0.336308908483
0 000110 0.663691091517

101110
1 011101 0.665027534981
0 011100 0.334972465019

101111
1 011111 0.332879128901
0 011110 0.667120871099

111001
1 110011 0.332752866057
0 110010 0.667247133943

111000
1 110001 0.666141312254
0 110000 0.333858687746

101011
1 010111 0.332910708978
0 010110 0.667089291022

101010
1 010101 0.666186538795
0 010100 0.333813461205

110011
1 100111 0.33315523606
0 100110 0.66684476394

110010
1 100101 0.665025946044
0 100100 0.334974053956

010010
1 100101 0.665848627332
0 100100 0.334148339148

010011
1 100111 0.333135280316
0 100110 0.666864719684

010111
1 101111 0.333390084032
0 101110 0.666609915968

010110
1 101101 0.666497714594
0 101100 0.333502285406

110110
1 101101 0.66685970313
0 101100 0.33314029687

110111
1 101111 0.332701122175
0 101110 0.667298877825

011000
1 110001 0.66758228402
0 110000 0.33241771598

011001
1 110011 0.333501596473
0 110010 0.666498403527

001111
1 011111 0.336249939406
0 011110 0.663750060594

001110
1 011101 0.665067015681
0 011100 0.334932984319

011101
1 111011 0.333552459386
0 111010 0.666447540614

011100
1 111001 0.665244661438
0 111000 0.334755338562

001010
1 010101 0.667437233251
0 010100 0.332562766749

001011
1 010111 0.333049227435
0 010110 0.666950772565

101101
1 011011 0.333586630759
0 011010 0.666413369241

000000
1 000001 0.665642651868
0 000000 0.334357348132

000001
1 000011 0.333227523563
0 000010 0.666772476437

100111
1 001111 0.3332726412
0 001110 0.6667273588

100110
1 001101 0.668136172896
0 001100 0.331863827104

000101
1 001011 0.333793640462
0 001010 0.666206359538

000100
1 001001 0.668209521271
0 001000 0.331790478729

111111
1 111111 0.332718625643
0 111110 0.667281374357

111110
1 111101 0.667822670612
0 111100 0.332177329388

100001
1 000011 0.33277504703
0 000010 0.66722495297

100000
1 000001 0.671973433608
0 000000 0.328026566392

010001
1 100011 0.3326705461
0 100010 0.6673294539

010000
1 100001 0.667724674693
0 100000 0.332275325307

101100
1 011001 0.665817799469
0 011000 0.334182200531

111010
1 110101 0.667833187518
0 110100 0.332166812482

111011
1 110111 0.33397996657
0 110110 0.66602003343

101000
1 010001 0.665730610853
0 010000 0.334269389147

101001
1 010011 0.334428798795
0 010010 0.665571201205

