e
1 1 0.0530632
0 0 0.9469368

1
0 10 0.863325242353
1 11 0.136674757647

0
0 00 0.951622008987
1 01 0.048377885409

11
0 110 0.945962715791
1 111 0.0540372842094

10
0 100 0.984119465279
1 101 0.0158805347211

00
0 000 0.949969920962
1 001 0.0500299680655

01
0 010 0.85024273752
1 011 0.14975726248

010
0 0100 0.989846034562
1 0101 0.010153965438

011
0 0110 0.950732453903
1 0111 0.0492675460972

001
0 0010 0.848997300553
1 0011 0.151002699447

000
0 0000 0.949972343663
1 0001 0.0500275395205

111
0 1110 0.862464914519
1 1111 0.137535085481

110
0 1100 0.951607025727
1 1101 0.048392974273

100
0 1000 0.949923807707
1 1001 0.0500761922929

101
0 1010 0.927422680412
1 1011 0.0725773195876

0110
0 01100 0.94985051744
1 01101 0.0501494825604

0111
0 01110 0.848816568047
1 01111 0.151183431953

0000
0 00000 0.949962783598
1 00001 0.050037093434

0001
0 00010 0.849064930637
1 00011 0.150935069363

0011
0 00110 0.950541298823
1 00111 0.0494587011766

0010
0 00100 0.990275789276
1 00101 0.00972421072433

0101
0 01010 0.982806573957
1 01011 0.017193426043

0100
0 01000 0.950068473964
1 01001 0.0499315260357

1111
0 11110 0.948051948052
1 11111 0.0519480519481

1110
0 11100 0.98550295858
1 11101 0.0144970414201

1100
0 11000 0.949069464655
1 11001 0.050930535345

1101
0 11010 0.861445783133
1 11011 0.138554216867

1010
0 10100 0.965466133096
1 10101 0.0345338669038

1011
0 10110 0.975378787879
1 10111 0.0246212121212

1001
0 10010 0.84771438696
1 10011 0.15228561304

1000
0 10000 0.950153762811
1 10001 0.0498462371894

10000
0 100000 0.950765525546
1 100001 0.0492344744538

10001
0 100010 0.852157211786
1 100011 0.147842788214

10101
0 101010 0.849785407725
1 101011 0.150214592275

10100
0 101000 0.951028553884
1 101001 0.0489714461161

01101
0 011010 0.860593090798
1 011011 0.139406909202

01100
0 011000 0.949171966298
1 011001 0.0508280337024

11111
0 111110 0.928571428571
1 111111 0.0714285714286

11110
0 111100 0.968688845401
1 111101 0.0313111545988

11010
0 110100 0.98986013986
1 110101 0.0101398601399

11011
0 110110 0.971739130435
1 110111 0.0282608695652

01000
0 010000 0.950193422278
1 010001 0.0498065777224

01001
0 010010 0.844943119838
1 010011 0.155056880162

00111
0 001110 0.849123849124
1 001111 0.150876150876

00110
0 001100 0.949930458971
1 001101 0.0500695410292

00010
0 000100 0.990292009746
1 000101 0.00970799025351

00011
0 000110 0.950447872028
1 000111 0.0495521279723

10011
0 100110 0.952297847586
1 100111 0.0477021524142

10010
0 100100 0.98996760372
1 100101 0.0100323962797

10110
0 101100 0.939805825243
1 101101 0.0601941747573

10111
0 101110 0.769230769231
1 101111 0.230769230769

01110
0 011100 0.988497734402
1 011101 0.0115022655978

01111
0 011110 0.949119373777
1 011111 0.0508806262231

11001
0 110010 0.863759398496
1 110011 0.136240601504

11000
0 110000 0.949919302776
1 110001 0.050080697224

11100
0 111000 0.94716301411
1 111001 0.0528369858901

11101
0 111010 0.918367346939
1 111011 0.0816326530612

01011
0 010110 1.0

01010
0 010100 0.947517365578
1 010101 0.0524826344224

00001
0 000010 0.848902705758
1 000011 0.151097294242

00000
0 000000 0.949920494544
1 000001 0.0500793760103

00100
0 001000 0.950051974229
1 001001 0.0499480257708

00101
0 001010 0.991133799033
1 001011 0.00886620096722

110000
0 1100000 0.951662504035
1 1100001 0.0483374959648

110001
0 1100010 0.844021914277
1 1100011 0.155978085723

110101
0 1101010 0.896551724138
1 1101011 0.103448275862

110100
0 1101000 0.948781349347
1 1101001 0.0512186506535

010100
0 0101000 0.952755905512
1 0101001 0.0472440944882

010101
0 0101010 0.843137254902
1 0101011 0.156862745098

001100
0 0011000 0.949032048154
1 0011001 0.0509679518464

001101
0 0011010 0.860802469136
1 0011011 0.139197530864

011110
0 0111100 0.967010309278
1 0111101 0.0329896907216

011111
0 0111110 0.923076923077
1 0111111 0.0769230769231

001001
0 0010010 0.845182759349
1 0010011 0.154817240651

001000
0 0010000 0.950302969714
1 0010001 0.0496970302859

011011
0 0110110 0.97149122807
1 0110111 0.0285087719298

011010
0 0110100 0.991119005329
1 0110101 0.0088809946714

000110
0 0001100 0.949540985741
1 0001101 0.0504590142587

000111
0 0001110 0.851701529816
1 0001111 0.148298470184

000011
0 0000110 0.95065302604
1 0000111 0.0493469739603

000010
0 0000100 0.99035107273
1 0000101 0.00964892726973

100100
0 1001000 0.947799007706
1 1001001 0.0522009922939

100101
0 1001010 0.989583333333
1 1001011 0.0104166666667

111100
0 1111000 0.943434343434
1 1111001 0.0565656565657

111101
0 1111010 0.75
1 1111011 0.25

100010
0 1000100 0.989170468913
1 1000101 0.0108295310868

100011
0 1000110 0.946451204056
1 1000111 0.0535487959442

101110
0 1011100 1.0

101111
0 1011110 1.0

111001
0 1110010 0.869318181818
1 1110011 0.130681818182

111000
0 1110000 0.952139461173
1 1110001 0.0478605388273

101011
0 1010110 1.0

101010
0 1010100 0.984848484848
1 1010101 0.0151515151515

110011
0 1100110 0.955849889625
1 1100111 0.0441501103753

110010
0 1100100 0.988161559889
1 1100101 0.0118384401114

010010
0 0100100 0.990286487151
1 0100101 0.00971351284889

010011
0 0100110 0.95175879397
1 0100111 0.0482412060302

010110
0 0101100 0.926470588235
1 0101101 0.0735294117647

110110
0 1101100 0.941834451902
1 1101101 0.0581655480984

110111
0 1101110 0.769230769231
1 1101111 0.230769230769

011000
0 0110000 0.949800187059
1 0110001 0.0501998129411

011001
0 0110010 0.863448713877
1 0110011 0.136551286123

001111
0 0011110 0.948818897638
1 0011111 0.0511811023622

001110
0 0011100 0.988457502623
1 0011101 0.0115424973767

011101
0 0111010 1.0

011100
0 0111000 0.947813822285
1 0111001 0.0521861777151

001010
0 0010100 0.945513689347
1 0010101 0.0544863106533

001011
0 0010110 1.0

101101
0 1011010 0.838709677419
1 1011011 0.161290322581

000000
0 0000000 0.949959929843
1 0000001 0.0500399338873

000001
0 0000010 0.848985204562
1 0000011 0.151014795438

100111
0 1001110 0.798780487805
1 1001111 0.201219512195

100110
0 1001100 0.957238851558
1 1001101 0.0427611484423

000101
0 0001010 0.991218130312
1 0001011 0.00878186968839

000100
0 0001000 0.950170513874
1 0001001 0.0498294861256

111111
0 1111110 1.0

111110
0 1111100 1.0

100001
0 1000010 0.847309573725
1 1000011 0.152690426275

100000
0 1000000 0.949172344627
1 1000001 0.0508276553728

010001
0 0100010 0.853540890156
1 0100011 0.146459109844

010000
0 0100000 0.950613843294
1 0100001 0.049386156706

101100
0 1011000 0.96694214876
1 1011001 0.0330578512397

111010
0 1110100 0.911111111111
1 1110101 0.0888888888889

111011
0 1110110 1.0

101000
0 1010000 0.94382566586
1 1010001 0.0561743341404

101001
0 1010010 0.830721003135
1 1010011 0.169278996865

0001011
0 00010110 1.0

0001010
0 00010100 0.944555587311
1 00010101 0.0554444126893

1100011
0 11000110 0.946280991736
1 11000111 0.0537190082645

1000101
0 10001010 0.984771573604
1 10001011 0.0152284263959

1000100
0 10001000 0.950650216739
1 10001001 0.0493497832611

1111001
0 11110010 0.857142857143
1 11110011 0.142857142857

1111000
0 11110000 0.950749464668
1 11110001 0.0492505353319

1101110
0 11011100 1.0

1101111
0 11011110 1.0

1100100
0 11001000 0.947498238196
1 11001001 0.0525017618041

1100101
0 11001010 0.941176470588
1 11001011 0.0588235294118

0001000
0 00010000 0.950345613702
1 00010001 0.0496543862982

0001001
0 00010010 0.844841999666
1 00010011 0.155158000334

0011111
0 00111110 0.923076923077
1 00111111 0.0769230769231

0100101
0 01001010 1.0

0100100
0 01001000 0.947851999007
1 01001001 0.0521480009933

0111101
0 01111010 0.75
1 01111011 0.25

0111100
0 01111000 0.942430703625
1 01111001 0.0575692963753

1000110
0 10001100 0.941747572816
1 10001101 0.0582524271845

1000111
0 10001110 0.87573964497
1 10001111 0.12426035503

1111010
0 11110100 1.0

1111011
0 11110110 1.0

0010011
0 00100110 0.951552371204
1 00100111 0.0484476287956

0010010
0 00100100 0.990375601525
1 00100101 0.0096243984751

0110111
0 01101110 0.769230769231
1 01101111 0.230769230769

0110110
0 01101100 0.943566591422
1 01101101 0.0564334085779

1110011
0 11100110 1.0

1110010
0 11100100 0.967320261438
1 11100101 0.0326797385621

1011100
0 10111000 1.0

0101100
0 01011000 0.968253968254
1 01011001 0.031746031746

0101101
0 01011010 0.8
1 01011011 0.2

1010110
0 10101100 0.885714285714
1 10101101 0.114285714286

0100110
0 01001100 0.9574093629
1 01001101 0.0425906370996

0100111
0 01001110 0.791666666667
1 01001111 0.208333333333

0111110
0 01111100 1.0

0111111
0 01111110 1.0

0010000
0 00100000 0.950632075417
1 00100001 0.0493679245834

0010001
0 00100010 0.853375055878
1 00100011 0.146624944122

1100001
0 11000010 0.844288224956
1 11000011 0.155711775044

1100000
0 11000000 0.948100407056
1 11000001 0.0518995929444

0110100
0 01101000 0.948745519713
1 01101001 0.0512544802867

0110101
0 01101010 1.0

1110000
0 11100000 0.953728362184
1 11100001 0.0462716378162

1110001
0 11100010 0.87417218543
1 11100011 0.12582781457

0001101
0 00011010 0.862580645161
1 00011011 0.137419354839

0001100
0 00011000 0.94913946791
1 00011001 0.05086053209

1010100
0 10101000 0.953846153846
1 10101001 0.0461538461538

1010101
0 10101010 1.0

1011110
0 10111100 0.666666666667
1 10111101 0.333333333333

0011110
0 00111100 0.96887966805
1 00111101 0.0311203319502

0000111
0 00001110 0.85036255768
1 00001111 0.14963744232

0000110
0 00001100 0.949939263289
1 00001101 0.0500607367106

0100011
0 01000110 0.946482035928
1 01000111 0.0535179640719

0100010
0 01000100 0.989018751605
1 01000101 0.0109812483946

1001111
0 10011110 0.909090909091
1 10011111 0.0909090909091

1001110
0 10011100 0.977099236641
1 10011101 0.0229007633588

1011000
0 10110000 0.944444444444
1 10110001 0.0555555555556

1100010
0 11000100 0.990072546774
1 11000101 0.00992745322642

1011001
0 10110010 0.75
1 10110011 0.25

0001110
0 00011100 0.989002932551
1 00011101 0.0109970674487

0001111
0 00011110 0.951578947368
1 00011111 0.0484210526316

0011100
0 00111000 0.94762915782
1 00111001 0.0523708421798

0011101
0 00111010 1.0

0000100
0 00001000 0.950145281706
1 00001001 0.0498547182938

0000101
0 00001010 0.991599159916
1 00001011 0.00840084008401

0100000
0 01000000 0.949353813047
1 01000001 0.0506461869529

0100001
0 01000010 0.847809645704
1 01000011 0.152190354296

1101011
0 11010110 1.0

1101010
0 11010100 0.961538461538
1 11010101 0.0384615384615

0101001
0 01010010 0.83908045977
1 01010011 0.16091954023

0101000
0 01010000 0.940438871473
1 01010001 0.0595611285266

1001100
0 10011000 0.947032546267
1 10011001 0.0529674537332

1001101
0 10011010 0.821428571429
1 10011011 0.178571428571

0110001
0 01100010 0.842479674797
1 01100011 0.157520325203

0110000
0 01100000 0.951551393837
1 01100001 0.0484486061626

0010101
0 00101010 0.8407960199
1 00101011 0.1592039801

0010100
0 00101000 0.952694954128
1 00101001 0.0473050458716

1001001
0 10010010 0.851365015167
1 10010011 0.148634984833

1001000
0 10010000 0.949490449407
1 10010001 0.0505095505931

1111110
0 11111100 1.0

1101000
0 11010000 0.94825018615
1 11010001 0.0517498138496

1101001
0 11010010 0.820689655172
1 11010011 0.179310344828

1110101
0 11101010 0.25
1 11101011 0.75

1110100
0 11101000 0.951219512195
1 11101001 0.0487804878049

1010001
0 10100010 0.862068965517
1 10100011 0.137931034483

1010000
0 10100000 0.949546776125
1 10100001 0.0504532238755

1000011
0 10000110 0.949002942138
1 10000111 0.050997057862

1000010
0 10000100 0.989631811487
1 10000101 0.0103681885125

0101010
0 01010100 0.988372093023
1 01010101 0.0116279069767

0101011
0 01010110 1.0

0110010
0 01100100 0.989334314086
1 01100101 0.0106656859139

0110011
0 01100110 0.953488372093
1 01100111 0.046511627907

0010110
0 00101100 0.969696969697
1 00101101 0.030303030303

0011001
0 00110010 0.864028088094
1 00110011 0.135971911906

0011000
0 00110000 0.949843152716
1 00110001 0.0501568472839

0000001
0 00000010 0.849111684803
1 00000011 0.150888315197

1110110
0 11101100 0.75
1 11101101 0.25

0000000
0 00000000 0.949949836225
1 00000001 0.0500500203266

1111100
0 11111000 0.961538461538
1 11111001 0.0384615384615

1011011
0 10110110 1.0

1011010
0 10110100 1.0

1010010
0 10100100 0.984905660377
1 10100101 0.0150943396226

1010011
0 10100110 0.962962962963
1 10100111 0.037037037037

0111010
0 01110100 0.878787878788
1 01110101 0.121212121212

1000000
0 10000000 0.950151411174
1 10000001 0.0498485888261

1000001
0 10000010 0.846623270952
1 10000011 0.153376729048

0011010
0 00110100 0.991036213697
1 00110101 0.00896378630333

0011011
0 00110110 0.971175166297
1 00110111 0.0288248337029

0000010
0 00000100 0.990388245467
1 00000101 0.00961175453339

0000011
0 00000110 0.950739422155
1 00000111 0.0492605778447

0111000
0 01110000 0.952380952381
1 01110001 0.047619047619

0111001
0 01110010 0.871621621622
1 01110011 0.128378378378

1101101
0 11011010 0.846153846154
1 11011011 0.153846153846

1101100
0 11011000 0.96674584323
1 11011001 0.0332541567696

1001010
0 10010100 0.963157894737
1 10010101 0.0368421052632

1001011
0 10010110 1.0

1100111
0 11001110 0.85
1 11001111 0.15

1100110
0 11001100 0.956120092379
1 11001101 0.0438799076212

00000101
0 00001010 0.991447576813
1 00001011 0.00855242318657

00000100
0 00001000 0.950088381315
1 00001001 0.0499116186846

11001010
0 10010100 1.0

11001011
0 10010110 1.0

10110000
0 01100000 0.961538461538
1 01100001 0.0384615384615

11010001
0 10100010 0.812949640288
1 10100011 0.187050359712

11010000
0 10100000 0.943855516294
1 10100001 0.0561444837063

01000001
0 10000010 0.844900638539
1 10000011 0.155099361461

01000000
0 10000000 0.949864218244
1 10000001 0.0501357817559

10000000
0 00000000 0.950190165288
1 00000001 0.0498098347124

01111000
0 11110000 0.947963800905
1 11110001 0.052036199095

01111001
0 11110010 0.851851851852
1 11110011 0.148148148148

00100001
0 01000010 0.847697407364
1 01000011 0.152302592636

00100000
0 01000000 0.949334792445
1 01000001 0.0506652075546

00010100
0 00101000 0.951588502269
1 00101001 0.0484114977307

00010101
0 00101010 0.840206185567
1 00101011 0.159793814433

10111000
0 01110000 1.0

10011110
0 00111100 0.966666666667
1 00111101 0.0333333333333

10011001
0 00110010 0.843373493976
1 00110011 0.156626506024

00110000
0 01100000 0.95147172944
1 01100001 0.04852827056

00110001
0 01100010 0.842447026658
1 01100011 0.157552973342

11100001
0 11000010 0.877697841727
1 11000011 0.122302158273

11100000
0 11000000 0.952530541012
1 11000001 0.0474694589878

01100000
0 11000000 0.947861591435
1 11000001 0.0521384085649

00111101
0 01111010 0.733333333333
1 01111011 0.266666666667

10100000
0 01000000 0.950468299712
1 01000001 0.0495317002882

10100001
0 01000010 0.854237288136
1 01000011 0.145762711864

00111000
0 01110000 0.952203136669
1 01110001 0.0477968633308

00011110
0 00111100 0.969026548673
1 00111101 0.0309734513274

00011111
0 00111110 1.0

00001100
0 00011000 0.949390342741
1 00011001 0.0506096572592

00001101
0 00011010 0.864661654135
1 00011011 0.135338345865

11001001
0 10010010 0.879194630872
1 10010011 0.120805369128

11001000
0 10010000 0.951283004835
1 10010001 0.0487169951655

11111100
0 11111000 1.0

10110001
0 01100010 0.846153846154
1 01100011 0.153846153846

01111011
0 11110110 1.0

01111010
0 11110100 1.0

10001000
0 00010000 0.950251373787
1 00010001 0.049748626213

10001001
0 00010010 0.850225225225
1 00010011 0.149774774775

01100011
0 11000110 0.944086021505
1 11000111 0.0559139784946

01100010
0 11000100 0.990751909932
1 11000101 0.00924809006836

00010110
0 00101100 0.967741935484
1 00101101 0.0322580645161

00110011
0 01100110 0.953051643192
1 01100111 0.0469483568075

00110010
0 01100100 0.989287033617
1 01100101 0.0107129663835

10100011
0 01000110 1.0

10100010
0 01000100 0.99
1 01000101 0.01

00011101
0 00111010 1.0

00011100
0 00111000 0.945515196442
1 00111001 0.0544848035582

10101010
0 01010100 1.0

00001111
0 00011110 0.949339207048
1 00011111 0.0506607929515

00001110
0 00011100 0.988759689922
1 00011101 0.0112403100775

01010110
0 10101100 0.875
1 10101101 0.125

00000000
0 00000000 0.949937166447
1 00000001 0.0500626825473

00000001
0 00000010 0.848936822706
1 00000011 0.151063177294

00111010
0 01110100 0.878787878788
1 01110101 0.121212121212

01101010
0 11010100 0.96
1 11010101 0.04

01000100
0 10001000 0.950327900786
1 10001001 0.0496720992143

01000101
0 10001010 0.982456140351
1 10001011 0.0175438596491

10001011
0 00010110 1.0

10001010
0 00010100 0.917525773196
1 00010101 0.0824742268041

10011011
0 00110110 0.96
1 00110111 0.04

11100100
0 11001000 0.945945945946
1 11001001 0.0540540540541

11100101
0 11001010 0.8
1 11001011 0.2

10101001
0 01010010 0.777777777778
1 01010011 0.222222222222

10101000
0 01010000 0.913978494624
1 01010001 0.0860215053763

00110101
0 01101010 1.0

10000010
0 00000100 0.990929841422
1 00000101 0.00907015857761

10000011
0 00000110 0.954575596817
1 00000111 0.045424403183

00100100
0 01001000 0.947813466271
1 01001001 0.0521865337288

00100101
0 01001010 1.0

11011110
0 10111100 0.666666666667
1 10111101 0.333333333333

01101001
0 11010010 0.818181818182
1 11010011 0.181818181818

01101000
0 11010000 0.947865508122
1 11010001 0.0521344918776

00000011
0 00000110 0.950530609298
1 00000111 0.0494693907017

10110110
0 01101100 1.0

11001100
0 10011000 0.951690821256
1 10011001 0.048309178744

11001101
0 10011010 0.789473684211
1 10011011 0.210526315789

11000110
0 10001100 0.927947598253
1 10001101 0.0720524017467

11000111
0 10001110 0.884615384615
1 10001111 0.115384615385

00111001
0 01110010 0.871621621622
1 01110011 0.128378378378

10110010
0 01100100 1.0

01000111
0 10001110 0.874125874126
1 10001111 0.125874125874

10110011
0 01100110 1.0

00110100
0 01101000 0.948625180897
1 01101001 0.0513748191027

10011111
0 00111110 0.333333333333
1 00111111 0.666666666667

01001110
0 10011100 0.982456140351
1 10011101 0.0175438596491

01001111
0 10011110 0.9
1 10011111 0.1

11110110
0 11101100 0.75
1 11101101 0.25

10001110
0 00011100 0.993243243243
1 00011101 0.00675675675676

11100110
0 11001100 0.95652173913
1 11001101 0.0434782608696

11101101
0 11011010 1.0

11101100
0 11011000 1.0

01110010
0 11100100 0.961240310078
1 11100101 0.0387596899225

10010101
0 00101010 0.857142857143
1 00101011 0.142857142857

00011000
0 00110000 0.949448247214
1 00110001 0.0505517527859

00011001
0 00110010 0.865183687226
1 00110011 0.134816312774

10000001
0 00000010 0.852444687244
1 00000011 0.147555312756

10010100
0 00101000 0.972677595628
1 00101001 0.0273224043716

00100111
0 01001110 0.788732394366
1 01001111 0.211267605634

00100110
0 01001100 0.957332377196
1 01001101 0.0426676228039

00101101
0 01011010 1.0

00101100
0 01011000 0.96875
1 01011001 0.03125

11001111
0 10011110 1.0

11001110
0 10011100 0.941176470588
1 10011101 0.0588235294118

11000101
0 10001010 1.0

11000100
0 10001000 0.952564596992
1 10001001 0.0474354030081

10001111
0 00011110 1.0

10011010
0 00110100 0.982608695652
1 00110101 0.0173913043478

01100001
0 11000010 0.842572062084
1 11000011 0.157427937916

01000110
0 10001100 0.944246737841
1 10001101 0.055753262159

00011010
0 00110100 0.991398653702
1 00110101 0.00860134629768

01001101
0 10011010 0.826446280992
1 10011011 0.173553719008

01001100
0 10011000 0.946323529412
1 10011001 0.0536764705882

00011011
0 00110110 0.971830985915
1 00110111 0.0281690140845

10110100
0 01101000 0.961538461538
1 01101001 0.0384615384615

11010100
0 10101000 0.92
1 10101001 0.08

11010101
0 10101010 1.0

11110100
0 11101000 0.916666666667
1 11101001 0.0833333333333

01010101
0 10101010 1.0

01010100
0 10101000 0.958823529412
1 10101001 0.0411764705882

01110001
0 11100010 0.875
1 11100011 0.125

01110000
0 11100000 0.953125
1 11100001 0.046875

01010000
0 10100000 0.953939393939
1 10100001 0.0460606060606

01010001
0 10100010 0.894736842105
1 10100011 0.105263157895

01110100
0 11101000 0.965517241379
1 11101001 0.0344827586207

01110101
0 11101010 0.25
1 11101011 0.75

01111110
0 11111100 1.0

01101100
0 11011000 0.966507177033
1 11011001 0.0334928229665

01101101
0 11011010 0.84
1 11011011 0.16

10010000
0 00100000 0.951964809384
1 00100001 0.0480351906158

10010001
0 00100010 0.8401323043
1 00100011 0.1598676957

11101011
0 11010110 1.0

00111100
0 01111000 0.942184154176
1 01111001 0.0578158458244

10011000
0 00110000 0.957210242588
1 00110001 0.0427897574124

10011101
0 00111010 1.0

00110110
0 01101100 0.942922374429
1 01101101 0.0570776255708

00110111
0 01101110 0.769230769231
1 01101111 0.230769230769

10101100
0 01011000 0.967741935484
1 01011001 0.0322580645161

10101101
0 01011010 0.75
1 01011011 0.25

01100110
0 11001100 0.956097560976
1 11001101 0.0439024390244

01100111
0 11001110 0.85
1 11001111 0.15

00010010
0 00100100 0.990368757834
1 00100101 0.00963124216637

00010011
0 00100110 0.952945402299
1 00100111 0.0470545977011

00001010
0 00010100 0.946142208775
1 00010101 0.0538577912254

00001011
0 00010110 1.0

11010110
0 10101100 1.0

10100110
0 01001100 0.961538461538
1 01001101 0.0384615384615

10100111
0 01001110 1.0

11011100
0 10111000 1.0

11011000
0 10110000 0.941031941032
1 10110001 0.0589680589681

11011001
0 10110010 0.714285714286
1 10110011 0.285714285714

01010011
0 10100110 0.964285714286
1 10100111 0.0357142857143

01010010
0 10100100 0.979452054795
1 10100101 0.0205479452055

01011010
0 10110100 1.0

01011011
0 10110110 1.0

10000100
0 00001000 0.951247098042
1 00001001 0.0487529019584

10000101
0 00001010 0.994318181818
1 00001011 0.00568181818182

01111100
0 11111000 0.958333333333
1 11111001 0.0416666666667

00101000
0 01010000 0.941919951851
1 01010001 0.0580800481493

00101001
0 01010010 0.842424242424
1 01010011 0.157575757576

01101111
0 11011110 1.0

01101110
0 11011100 1.0

10010011
0 00100110 0.925170068027
1 00100111 0.0748299319728

10010010
0 00100100 0.990498812352
1 00100101 0.00950118764846

00000010
0 00000100 0.990359328296
1 00000101 0.00964067170402

00010001
0 00100010 0.854082053093
1 00100011 0.145917946907

00010000
0 00100000 0.950562191686
1 00100001 0.0494378083135

11000000
0 10000000 0.951850108276
1 10000001 0.0481498917239

11000001
0 10000010 0.856553147575
1 10000011 0.143446852425

00111111
0 01111110 1.0

00111110
0 01111100 1.0

11101000
0 11010000 0.974358974359
1 11010001 0.025641025641

11101001
0 11010010 1.0

01100101
0 11001010 0.965517241379
1 11001011 0.0344827586207

01100100
0 11001000 0.947583643123
1 11001001 0.0524163568773

10100101
0 01001010 1.0

10100100
0 01001000 0.950191570881
1 01001001 0.0498084291188

00001001
0 00010010 0.844561712108
1 00010011 0.155438287892

00001000
0 00010000 0.950350573316
1 00010001 0.0496494266842

10111101
0 01111010 1.0

01001000
0 10010000 0.949174744564
1 10010001 0.0508252554362

01001001
0 10010010 0.846428571429
1 10010011 0.153571428571

10111100
0 01111000 1.0

11110000
0 11100000 0.957207207207
1 11100001 0.0427927927928

11110001
0 11100010 0.869565217391
1 11100011 0.130434782609

11011011
0 10110110 1.0

11011010
0 10110100 1.0

11111001
0 11110010 1.0

11111000
0 11110000 1.0

11010010
0 10100100 0.991596638655
1 10100101 0.00840336134454

11010011
0 10100110 0.961538461538
1 10100111 0.0384615384615

01011001
0 10110010 1.0

01011000
0 10110000 0.967213114754
1 10110001 0.0327868852459

10000111
0 00001110 0.820512820513
1 00001111 0.179487179487

10000110
0 00001100 0.947984843266
1 00001101 0.0520151567344

00000110
0 00001100 0.950041407122
1 00001101 0.049958592878

00000111
0 00001110 0.851980542043
1 00001111 0.148019457957

10001101
0 00011010 0.827586206897
1 00011011 0.172413793103

10001100
0 00011000 0.944187699964
1 00011001 0.0558123000355

00101011
0 01010110 1.0

00101010
0 01010100 0.988165680473
1 01010101 0.0118343195266

00100010
0 01000100 0.988999476166
1 01000101 0.0110005238345

00100011
0 01000110 0.94550304878
1 01000111 0.0544969512195

11000011
0 10000110 0.941309255079
1 10000111 0.058690744921

11000010
0 10000100 0.990840965862
1 10000101 0.00915903413822

01000010
0 10000100 0.98943251218
1 10000101 0.0105674878199

01000011
0 10000110 0.950305810398
1 10000111 0.0496941896024

10011100
0 00111000 0.9921875
1 00111001 0.0078125

11101010
0 11010100 1.0

10010110
0 00101100 1.0

01001010
0 10010100 0.955696202532
1 10010101 0.0443037974684

11100010
0 11000100 0.977272727273
1 11000101 0.0227272727273

11100011
0 11000110 1.0

01110011
0 11100110 1.0

11110011
0 11100110 1.0

11110010
0 11100100 1.0

