e
1 1 0.541167
0 0 0.458833

1
0 10 0.476058407109
1 11 0.523941408105

0
0 00 0.43851641011
1 01 0.56148358989

11
0 110 0.355946149359
1 111 0.644053850641

10
0 100 0.390435633518
1 101 0.609564366482

00
0 000 0.50007952057
1 001 0.49992047943

01
0 010 0.608251768447
1 011 0.391747843395

010
0 0100 0.337806999519
1 0101 0.662193000481

011
0 0110 0.362279278949
1 0111 0.637720721051

001
0 0010 0.799846699719
1 0011 0.200152306115

000
0 0000 0.500343374853
1 0001 0.499656625147

111
0 1110 0.352446049035
1 1111 0.647553950965

110
0 1100 0.472150083874
1 1101 0.527849916126

100
0 1000 0.499816079247
1 1001 0.500183920753

101
0 1010 0.485532057695
1 1011 0.514467942305

0110
0 01100 0.500344610672
1 01101 0.499655389328

0111
0 01110 0.424163985215
1 01111 0.575836014785

0000
0 00000 0.500236373749
1 00001 0.499763626251

0001
0 00010 0.799333265705
1 00011 0.200666734295

0011
0 00110 0.499004107745
1 00111 0.500995892255

0010
0 00100 0.299657817314
1 00101 0.700342182686

0101
0 01010 0.372224915219
1 01011 0.627775084781

0100
0 01000 0.500108623579
1 01001 0.499891376421

1111
0 11110 0.313411921896
1 11111 0.686588078104

1110
0 11100 0.456133209243
1 11101 0.543866790757

1100
0 11000 0.499491098953
1 11001 0.500508901047

1101
0 11010 0.706235029996
1 11011 0.293764970004

1010
0 10100 0.378060568067
1 10101 0.621939431933

1011
0 10110 0.328208663708
1 10111 0.671791336292

1001
0 10010 0.800359358323
1 10011 0.199638654076

1000
0 10000 0.500450523024
1 10001 0.499549476976

10000
0 100000 0.500546500213
1 100001 0.499453499787

10001
0 100010 0.799042795483
1 100011 0.200957204517

10101
0 101010 0.455991666262
1 101011 0.544008333738

10100
0 101000 0.500287930508
1 101001 0.499712069492

01101
0 011010 0.799166890179
1 011011 0.200833109821

01100
0 011000 0.501177975413
1 011001 0.498822024587

11111
0 111110 0.311770625105
1 111111 0.688229374895

11110
0 111100 0.493153346159
1 111101 0.506846653841

11010
0 110100 0.316850683351
1 110101 0.683149316649

11011
0 110110 0.408203299723
1 110111 0.591796700277

01000
0 010000 0.501909471052
1 010001 0.498090528948

01001
0 010010 0.800667377125
1 010011 0.199332622875

00111
0 001110 0.798728981599
1 001111 0.201271018401

00110
0 001100 0.499348018674
1 001101 0.500651981326

00010
0 000100 0.299521728744
1 000101 0.700478271256

00011
0 000110 0.500213113942
1 000111 0.499786886058

10011
0 100110 0.49778976922
1 100111 0.50221023078

10010
0 100100 0.299794375627
1 100101 0.700205624373

10110
0 101100 0.500722186396
1 101101 0.499277813604

10111
0 101110 0.354555923022
1 101111 0.645444076978

01110
0 011100 0.405875457875
1 011101 0.594124542125

01111
0 011110 0.31700749287
1 011111 0.68299250713

11001
0 110010 0.800017609989
1 110011 0.199978197156

11000
0 110000 0.498827809895
1 110001 0.501172190105

11100
0 111000 0.49843992697
1 111001 0.50156007303

11101
0 111010 0.657733478458
1 111011 0.342266521542

01011
0 010110 0.308990764847
1 010111 0.691009235153

01010
0 010100 0.437683658384
1 010101 0.562316341616

00001
0 000010 0.799623212944
1 000011 0.200376787056

00000
0 000000 0.499926540369
1 000001 0.500073459631

00100
0 001000 0.499894229054
1 001001 0.500105770946

00101
0 001010 0.30172471932
1 001011 0.69827528068

110000
0 1100000 0.498403928274
1 1100001 0.501596071726

110001
0 1100010 0.799106356937
1 1100011 0.200893643063

110101
0 1101010 0.327195125747
1 1101011 0.672804874253

110100
0 1101000 0.499094035735
1 1101001 0.500905964265

010100
0 0101000 0.501129816508
1 0101001 0.498870183492

010101
0 0101010 0.608408189951
1 0101011 0.391591810049

001100
0 0011000 0.503827293386
1 0011001 0.496172706614

001101
0 0011010 0.800505000298
1 0011011 0.199494999702

011110
0 0111100 0.502064023015
1 0111101 0.497935976985

011111
0 0111110 0.332038873306
1 0111111 0.667961126694

001001
0 0010010 0.799450936808
1 0010011 0.200549063192

001000
0 0010000 0.503036890755
1 0010001 0.496963109245

011011
0 0110110 0.493104388117
1 0110111 0.506895611883

011010
0 0110100 0.301714395304
1 0110101 0.698285604696

000110
0 0001100 0.49799857324
1 0001101 0.50200142676

000111
0 0001110 0.798972650285
1 0001111 0.201027349715

000011
0 0000110 0.50030744818
1 0000111 0.49969255182

000010
0 0000100 0.29988170151
1 0000101 0.70011829849

100100
0 1001000 0.499138502319
1 1001001 0.500861497681

100101
0 1001010 0.301596703032
1 1001011 0.698403296968

111100
0 1111000 0.498413323704
1 1111001 0.501586676296

111101
0 1111010 0.773326164378
1 1111011 0.226673835622

100010
0 1000100 0.299160844736
1 1000101 0.700839155264

100011
0 1000110 0.500118882504
1 1000111 0.499881117496

101110
0 1011100 0.44989788866
1 1011101 0.55010211134

101111
0 1011110 0.306384484954
1 1011111 0.693615515046

111001
0 1110010 0.800062480475
1 1110011 0.199930728169

111000
0 1110000 0.499350782478
1 1110001 0.500649217522

101011
0 1010110 0.324066393258
1 1010111 0.675933606742

101010
0 1010100 0.389610569786
1 1010101 0.610389430214

110011
0 1100110 0.498920222246
1 1100111 0.501079777754

110010
0 1100100 0.298970152774
1 1100101 0.701029847226

010010
0 0100100 0.3005366473
1 0100101 0.6994633527

010011
0 0100110 0.496767588678
1 0100111 0.503232411322

010111
0 0101110 0.317070244813
1 0101111 0.682929755187

010110
0 0101100 0.500526619105
1 0101101 0.499473380895

110110
0 1101100 0.501338384234
1 1101101 0.498661615766

110111
0 1101110 0.536748906765
1 1101111 0.463251093235

011000
0 0110000 0.497993150536
1 0110001 0.502006849464

011001
0 0110010 0.799945208482
1 0110011 0.200054791518

001111
0 0011110 0.500320181272
1 0011111 0.499679818728

001110
0 0011100 0.300721174733
1 0011101 0.699278825267

011101
0 0111010 0.523860021209
1 0111011 0.476139978791

011100
0 0111000 0.498483809249
1 0111001 0.501516190751

001010
0 0010100 0.498829466849
1 0010101 0.501170533151

001011
0 0010110 0.299105849341
1 0010111 0.700894150659

101101
0 1011010 0.798658529216
1 1011011 0.201341470784

000000
0 0000000 0.499718032422
1 0000001 0.500281967578

000001
0 0000010 0.798305515412
1 0000011 0.201694484588

100111
0 1001110 0.798485419186
1 1001111 0.201514580814

100110
0 1001100 0.5007100142
1 1001101 0.4992899858

000101
0 0001010 0.30185046377
1 0001011 0.69814953623

000100
0 0001000 0.500652172107
1 0001001 0.499347827893

111111
0 1111110 0.302589028618
1 1111111 0.697410971382

111110
0 1111100 0.489017500889
1 1111101 0.510982499111

100001
0 1000010 0.800943794116
1 1000011 0.199056205884

100000
0 1000000 0.500134987057
1 1000001 0.499865012943

010001
0 0100010 0.798985295121
1 0100011 0.201014704879

010000
0 0100000 0.502461015112
1 0100001 0.497538984888

101100
0 1011000 0.50017699115
1 1011001 0.49982300885

111010
0 1110100 0.326449062914
1 1110101 0.673550937086

111011
0 1110110 0.382203191774
1 1110111 0.617796808226

101000
0 1010000 0.500967305759
1 1010001 0.499032694241

101001
0 1010010 0.80168553756
1 1010011 0.19831446244

0001011
0 00010110 0.298605280699
1 00010111 0.701394719301

0001010
0 00010100 0.497799223255
1 00010101 0.502200776745

1100011
0 11000110 0.499207144049
1 11000111 0.500792855951

1000101
0 10001010 0.302076889714
1 10001011 0.697923110286

1000100
0 10001000 0.496510368951
1 10001001 0.503489631049

1111001
0 11110010 0.799565862385
1 11110011 0.200423229635

1111000
0 11110000 0.498836392377
1 11110001 0.501163607623

1101110
0 11011100 0.354871155278
1 11011101 0.645128844722

1101111
0 11011110 0.338103673317
1 11011111 0.661896326683

1100100
0 11001000 0.498010342712
1 11001001 0.501989657288

1100101
0 11001010 0.300897129187
1 11001011 0.699102870813

0001000
0 00010000 0.503053333776
1 00010001 0.496946666224

0001001
0 00010010 0.798502620414
1 00010011 0.201497379586

0011111
0 00111110 0.796727129338
1 00111111 0.203272870662

0100101
0 01001010 0.302228130314
1 01001011 0.697771869686

0100100
0 01001000 0.500149195132
1 01001001 0.499850804868

0111101
0 01111010 0.801015349903
1 01111011 0.198984650097

0111100
0 01111000 0.498041941445
1 01111001 0.501958058555

1000110
0 10001100 0.492650845846
1 10001101 0.507349154154

1000111
0 10001110 0.796662570851
1 10001111 0.203337429149

0101111
0 01011110 0.301957620668
1 01011111 0.698042379332

1111011
0 11110110 0.464772193518
1 11110111 0.535227806482

1111010
0 11110100 0.303957540253
1 11110101 0.696042459747

0101110
0 01011100 0.482995389768
1 01011101 0.517004610232

0010011
0 00100110 0.497311827957
1 00100111 0.502688172043

0010010
0 00100100 0.299588127276
1 00100101 0.700411872724

0110111
0 01101110 0.801806645876
1 01101111 0.198193354124

0110110
0 01101100 0.50292947159
1 01101101 0.49707052841

1110011
0 11100110 0.496484255579
1 11100111 0.503515744421

1110010
0 11100100 0.29989134679
1 11100101 0.70010865321

1011101
0 10111010 0.643557528812
1 10111011 0.356442471188

1011100
0 10111000 0.499566859559
1 10111001 0.500433140441

0101100
0 01011000 0.499692301584
1 01011001 0.500307698416

0101101
0 01011010 0.798201639214
1 01011011 0.201798360786

1010111
0 10101110 0.343470431711
1 10101111 0.656529568289

1010110
0 10101100 0.499533503983
1 10101101 0.500466496017

0100110
0 01001100 0.499599282525
1 01001101 0.500400717475

0100111
0 01001110 0.796752561784
1 01001111 0.203247438216

0111110
0 01111100 0.470844388392
1 01111101 0.529155611608

0111111
0 01111110 0.304487198443
1 01111111 0.695512801557

0010000
0 00100000 0.500964948454
1 00100001 0.499035051546

0010001
0 00100010 0.79904162423
1 00100011 0.20095837577

1100001
0 11000010 0.800785841421
1 11000011 0.199214158579

1100000
0 11000000 0.499569074778
1 11000001 0.500430925222

0110100
0 01101000 0.497275822928
1 01101001 0.502724177072

0110101
0 01101010 0.299541927827
1 01101011 0.700458072173

1110000
0 11100000 0.496455453675
1 11100001 0.503544546325

1110001
0 11100010 0.798853398853
1 11100011 0.201146601147

0011110
0 00111100 0.494141971054
1 00111101 0.505858028946

0001101
0 00011010 0.801405281648
1 00011011 0.198594718352

0001100
0 00011000 0.506107994111
1 00011001 0.493892005889

1010100
0 10101000 0.501643936427
1 10101001 0.498356063573

1010101
0 10101010 0.485309493143
1 10101011 0.514690506857

1011110
0 10111100 0.502813699549
1 10111101 0.497186300451

1011111
0 10111110 0.312639411324
1 10111111 0.687360588676

0000111
0 00001110 0.801286122579
1 00001111 0.198713877421

0000110
0 00001100 0.503350116957
1 00001101 0.496649883043

0100011
0 01000110 0.500943182676
1 01000111 0.499056817324

0100010
0 01000100 0.301513929097
1 01000101 0.698486070903

1001111
0 10011110 0.508116084604
1 10011111 0.491883915396

1001110
0 10011100 0.297457669199
1 10011101 0.702542330801

1011000
0 10110000 0.4990438331
1 10110001 0.5009561669

1100010
0 11000100 0.296560116656
1 11000101 0.703439883344

1011001
0 10110010 0.800946296185
1 10110011 0.199053703815

0001110
0 00011100 0.303984113193
1 00011101 0.696015886807

0001111
0 00011110 0.492501973165
1 00011111 0.507498026835

0011100
0 00111000 0.494613447806
1 00111001 0.505386552194

0011101
0 00111010 0.298938511786
1 00111011 0.701061488214

0000100
0 00001000 0.504773586157
1 00001001 0.495226413843

0000101
0 00001010 0.301624377014
1 00001011 0.698375622986

0100000
0 01000000 0.500636580142
1 01000001 0.499363419858

0100001
0 01000010 0.801086085102
1 01000011 0.198913914898

1101011
0 11010110 0.304475298826
1 11010111 0.695524701174

1101010
0 11010100 0.471312888688
1 11010101 0.528687111312

0101001
0 01010010 0.801448966041
1 01010011 0.198551033959

0101000
0 01010000 0.501322033098
1 01010001 0.498677966902

1001100
0 10011000 0.501537847014
1 10011001 0.498462152986

1001101
0 10011010 0.799591411633
1 10011011 0.200408588367

0110001
0 01100010 0.799508983857
1 01100011 0.200491016143

0110000
0 01100000 0.501522153354
1 01100001 0.498477846646

0010101
0 00101010 0.799103317958
1 00101011 0.200896682042

0010100
0 00101000 0.500619067272
1 00101001 0.499380932728

1001001
0 10010010 0.800393622651
1 10010011 0.199606377349

1001000
0 10010000 0.503020446097
1 10010001 0.496979553903

1111111
0 11111110 0.301765460611
1 11111111 0.698234539389

1111110
0 11111100 0.498051229884
1 11111101 0.501948770116

1101000
0 11010000 0.500462208179
1 11010001 0.499537791821

1101001
0 11010010 0.80201966071
1 11010011 0.19798033929

1110101
0 11101010 0.345374818636
1 11101011 0.654625181364

1110100
0 11101000 0.500159659393
1 11101001 0.499840340607

1010001
0 10100010 0.798938417074
1 10100011 0.201061582926

1010000
0 10100000 0.503716417291
1 10100001 0.496283582709

1000011
0 10000110 0.503118253778
1 10000111 0.496881746222

1000010
0 10000100 0.2987908474
1 10000101 0.7012091526

0101010
0 01010100 0.337614081821
1 01010101 0.662385918179

0101011
0 01010110 0.363899307474
1 01010111 0.636100692526

0110010
0 01100100 0.297483527172
1 01100101 0.702516472828

0110011
0 01100110 0.502848378615
1 01100111 0.497151621385

0010110
0 00101100 0.501232134056
1 00101101 0.498767865944

0010111
0 00101110 0.300376408813
1 00101111 0.699623591187

0011001
0 00110010 0.7972761239
1 00110011 0.2027238761

0011000
0 00110000 0.495232443126
1 00110001 0.504767556874

0000001
0 00000010 0.799923792589
1 00000011 0.200076207411

1110110
0 11101100 0.500709746457
1 11101101 0.499290253543

1110111
0 11101110 0.470148749612
1 11101111 0.529851250388

0000000
0 00000000 0.500055630613
1 00000001 0.499944369387

1111100
0 11111000 0.498590297694
1 11111001 0.501409702306

1111101
0 11111010 0.760802504929
1 11111011 0.239197495071

1011011
0 10110110 0.495273109244
1 10110111 0.504726890756

1011010
0 10110100 0.302177120375
1 10110101 0.697822879625

1010010
0 10100100 0.301328345543
1 10100101 0.698671654457

1010011
0 10100110 0.496306927574
1 10100111 0.503693072426

0111011
0 01110110 0.336678406795
1 01110111 0.663321593205

0111010
0 01110100 0.364902080783
1 01110101 0.635097919217

1000000
0 10000000 0.499380814784
1 10000001 0.500619185216

1000001
0 10000010 0.796686364214
1 10000011 0.203313635786

0011010
0 00110100 0.300499217644
1 00110101 0.699500782356

0011011
0 00110110 0.487343033685
1 00110111 0.512656966315

0000010
0 00000100 0.300973770851
1 00000101 0.699026229149

0000011
0 00000110 0.49753946695
1 00000111 0.50246053305

0111000
0 01110000 0.500199152696
1 01110001 0.499800847304

0111001
0 01110010 0.80088177074
1 01110011 0.19911822926

1101101
0 11011010 0.800100452034
1 11011011 0.199899547966

1101100
0 11011000 0.5017016892
1 11011001 0.4982983108

1001010
0 10010100 0.499864764749
1 10010101 0.500135235251

1001011
0 10010110 0.299605421518
1 10010111 0.700394578482

1100111
0 11001110 0.800410058998
1 11001111 0.199589941002

1100110
0 11001100 0.501933098
1 11001101 0.498066902

00000101
0 00001010 0.302057542901
1 00001011 0.697942457099

10110001
0 01100010 0.799843698338
1 01100011 0.200156301662

11001010
0 10010100 0.498509242695
1 10010101 0.501490757305

11001011
0 10010110 0.299940114638
1 10010111 0.700059885362

10110000
0 01100000 0.502021604007
1 01100001 0.497978395993

11010001
0 10100010 0.79893004946
1 10100011 0.20106995054

11010000
0 10100000 0.50513836647
1 10100001 0.49486163353

01000001
0 10000010 0.798764210084
1 10000011 0.201235789916

10001000
0 00010000 0.505166398282
1 00010001 0.494833601718

10000000
0 00000000 0.501208113435
1 00000001 0.498791886565

01111000
0 11110000 0.500408468922
1 11110001 0.499591531078

01111001
0 11110010 0.803539464352
1 11110011 0.196426762133

10111010
0 01110100 0.328929792887
1 01110101 0.671070207113

00100001
0 01000010 0.800555298473
1 01000011 0.199444701527

00100000
0 01000000 0.49906160482
1 01000001 0.50093839518

00010100
0 00101000 0.500614686274
1 00101001 0.499385313726

00010101
0 00101010 0.798861079865
1 00101011 0.201138920135

10111000
0 01110000 0.499109847171
1 01110001 0.500890152829

10111001
0 01110010 0.800720121867
1 01110011 0.199279878133

10011001
0 00110010 0.80070518471
1 00110011 0.19929481529

10111110
0 01111100 0.488725367594
1 01111101 0.511274632406

00110000
0 01100000 0.500199728369
1 01100001 0.499800271631

00110001
0 01100010 0.798636149867
1 01100011 0.201363850133

11100001
0 11000010 0.801108876447
1 11000011 0.198891123553

11100000
0 11000000 0.500992391664
1 11000001 0.499007608336

01100000
0 11000000 0.497314293201
1 11000001 0.502685706799

00111101
0 01111010 0.807512650837
1 01111011 0.192487349163

10100000
0 01000000 0.501950978237
1 01000001 0.498049021763

10100001
0 01000010 0.801533956213
1 01000011 0.198466043787

00111000
0 01110000 0.50413085204
1 01110001 0.49586914796

00011110
0 00111100 0.488581730769
1 00111101 0.511418269231

00011111
0 00111110 0.78732503888
1 00111111 0.21267496112

00100101
0 01001010 0.301605640479
1 01001011 0.698394359521

00001100
0 00011000 0.511342155009
1 00011001 0.488657844991

00001101
0 00011010 0.800271413746
1 00011011 0.199728586254

10001110
0 00011100 0.303497686452
1 00011101 0.696502313548

11001001
0 10010010 0.801508590585
1 10010011 0.198491409415

11001000
0 10010000 0.502939209405
1 10010001 0.497060790595

11111100
0 11111000 0.499697189203
1 11111001 0.500302810797

11111101
0 11111010 0.793590196772
1 11111011 0.206409803228

01111011
0 11110110 0.503049566188
1 11110111 0.496950433812

01111010
0 11110100 0.301764793752
1 11110101 0.698235206248

10111011
0 01110110 0.373095168685
1 01110111 0.626904831315

10001001
0 00010010 0.798623746981
1 00010011 0.201376253019

01100011
0 11000110 0.494798439532
1 11000111 0.505201560468

01100010
0 11000100 0.295714557461
1 11000101 0.704285442539

00010111
0 00101110 0.301248521869
1 00101111 0.698751478131

00010110
0 00101100 0.502095971645
1 00101101 0.497904028355

01000000
0 10000000 0.501017233126
1 10000001 0.498982766874

00110011
0 01100110 0.500396353547
1 01100111 0.499603646453

00110010
0 01100100 0.300579491056
1 01100101 0.699420508944

10100011
0 01000110 0.503870076019
1 01000111 0.496129923981

10100010
0 01000100 0.301993112804
1 01000101 0.698006887196

00011101
0 00111010 0.300189022433
1 00111011 0.699810977567

00011100
0 00111000 0.494283847787
1 00111001 0.505716152213

10101010
0 01010100 0.378871612339
1 01010101 0.621128387661

10101011
0 01010110 0.329658197662
1 01010111 0.670341802338

00001111
0 00011110 0.491809828206
1 00011111 0.508190171794

00001110
0 00011100 0.304468443476
1 00011101 0.695531556524

11111111
0 11111110 0.300593159918
1 11111111 0.699406840082

11111110
0 11111100 0.497976156057
1 11111101 0.502023843943

01010110
0 10101100 0.50281098546
1 10101101 0.49718901454

01010111
0 10101110 0.426535553871
1 10101111 0.573464446129

00000000
0 00000000 0.498903404215
1 00000001 0.501096595785

00000001
0 00000010 0.800406943473
1 00000011 0.199593056527

00111010
0 01110100 0.510420996378
1 01110101 0.489579003622

00111011
0 01110110 0.301886314723
1 01110111 0.698113685277

01101010
0 11010100 0.499181347829
1 11010101 0.500818652171

01101011
0 11010110 0.29968772318
1 11010111 0.70031227682

01000100
0 10001000 0.495277970157
1 10001001 0.504722029843

01000101
0 10001010 0.303876938129
1 10001011 0.696123061871

10001011
0 00010110 0.297999144237
1 00010111 0.702000855763

10001010
0 00010100 0.497540308344
1 00010101 0.502459691656

10011011
0 00110110 0.487907255647
1 00110111 0.512092744353

00001011
0 00010110 0.299210117008
1 00010111 0.700789882992

11100100
0 11001000 0.495400379292
1 11001001 0.504599620708

11100101
0 11001010 0.298907574233
1 11001011 0.701092425767

11101110
0 11011100 0.379666082359
1 11011101 0.620333917641

11101111
0 11011110 0.324264368402
1 11011111 0.675735631598

10101001
0 01010010 0.802481779641
1 01010011 0.197518220359

10101000
0 01010000 0.501573480349
1 01010001 0.498426519651

00000011
0 00000110 0.497381368037
1 00000111 0.502618631963

00110101
0 01101010 0.299460303934
1 01101011 0.700539696066

10000010
0 00000100 0.300001993899
1 00000101 0.699998006101

10000011
0 00000110 0.497695132432
1 00000111 0.502304867568

00100100
0 01001000 0.499255462825
1 01001001 0.500744537175

00000010
0 00000100 0.30194109241
1 00000101 0.69805890759

00000100
0 00001000 0.502395981361
1 00001001 0.497604018639

11011110
0 10111100 0.501999172756
1 10111101 0.498000827244

11011111
0 10111110 0.376258891471
1 10111111 0.623741108529

01101001
0 11010010 0.800677353804
1 11010011 0.199322646196

01101000
0 11010000 0.499977174161
1 11010001 0.500022825839

10110111
0 01101110 0.802066299985
1 01101111 0.197933700015

10110110
0 01101100 0.500454476594
1 01101101 0.499545523406

11001100
0 10011000 0.499079035499
1 10011001 0.500920964501

11001101
0 10011010 0.798093148836
1 10011011 0.201906851164

11000110
0 10001100 0.498620747304
1 10001101 0.501379252696

11000111
0 10001110 0.800349970836
1 10001111 0.199650029164

00111001
0 01110010 0.801453773277
1 01110011 0.198546226723

10110010
0 01100100 0.296327651729
1 01100101 0.703672348271

00101110
0 01011100 0.496999987928
1 01011101 0.503000012072

00101111
0 01011110 0.300361269055
1 01011111 0.699638730945

01000111
0 10001110 0.793317205927
1 10001111 0.206682794073

10110011
0 01100110 0.503785011355
1 01100111 0.496214988645

00110100
0 01101000 0.501446400529
1 01101001 0.498553599471

10011111
0 00111110 0.8064
1 00111111 0.1936

10011110
0 00111100 0.499515972894
1 00111101 0.500484027106

01001110
0 10011100 0.290368338929
1 10011101 0.709631661071

01001111
0 10011110 0.511214087118
1 10011111 0.488785912882

11110110
0 11101100 0.500303183426
1 11101101 0.499696816574

01011101
0 10111010 0.742797126982
1 10111011 0.257202873018

11100111
0 11001110 0.800107940363
1 11001111 0.199892059637

11100110
0 11001100 0.502463054187
1 11001101 0.497536945813

11101101
0 11011010 0.798889034685
1 11011011 0.201110965315

11101100
0 11011000 0.505408234473
1 11011001 0.494591765527

01110010
0 11100100 0.300190989776
1 11100101 0.699809010224

10010101
0 00101010 0.799341641194
1 00101011 0.200658358806

00011000
0 00110000 0.495950939539
1 00110001 0.504049060461

00011001
0 00110010 0.793828553013
1 00110011 0.206171446987

10000001
0 00000010 0.799441836864
1 00000011 0.200558163136

10010100
0 00101000 0.50062342673
1 00101001 0.49937657327

00100111
0 01001110 0.795886466475
1 01001111 0.204113533525

00100110
0 01001100 0.496715176715
1 01001101 0.503284823285

00101101
0 01011010 0.797822679569
1 01011011 0.202177320431

00101100
0 01011000 0.500983284169
1 01011001 0.499016715831

11001111
0 10011110 0.504612159329
1 10011111 0.495387840671

11001110
0 10011100 0.305295624445
1 10011101 0.694704375555

11000101
0 10001010 0.300101410803
1 10001011 0.699898589197

11000100
0 10001000 0.497895220913
1 10001001 0.502104779087

10001111
0 00011110 0.493177387914
1 00011111 0.506822612086

10011010
0 00110100 0.303842492861
1 00110101 0.696157507139

01100001
0 11000010 0.800263620387
1 11000011 0.199736379613

01000110
0 10001100 0.487272179545
1 10001101 0.512727820455

00011010
0 00110100 0.29721209733
1 00110101 0.70278790267

01001101
0 10011010 0.800945698597
1 10011011 0.199054301403

01001100
0 10011000 0.503781223742
1 10011001 0.496218776258

00011011
0 00110110 0.486781951898
1 00110111 0.513218048102

10110100
0 01101000 0.49569653532
1 01101001 0.50430346468

11010100
0 10101000 0.501488545766
1 10101001 0.498511454234

11010101
0 10101010 0.709498211916
1 10101011 0.290501788084

11110101
0 11101010 0.305225888124
1 11101011 0.694774111876

11110100
0 11101000 0.498878949156
1 11101001 0.501121050844

01011111
0 10111110 0.304220180066
1 10111111 0.695779819934

01010101
0 10101010 0.371431182808
1 10101011 0.628568817192

01010100
0 10101000 0.501781991796
1 10101001 0.498218008204

10111111
0 01111110 0.302300935822
1 01111111 0.697699064178

01110001
0 11100010 0.801709773238
1 11100011 0.198290226762

01011110
0 10111100 0.502940986362
1 10111101 0.497059013638

01010000
0 10100000 0.50271950272
1 10100001 0.49728049728

01010001
0 10100010 0.798944303738
1 10100011 0.201055696262

01110100
0 11101000 0.50198355104
1 11101001 0.49801644896

01110101
0 11101010 0.420603005763
1 11101011 0.579396994237

10110101
0 01101010 0.29957308396
1 01101011 0.70042691604

01111110
0 11111100 0.498222714294
1 11111101 0.501777285706

01111111
0 11111110 0.304477967312
1 11111111 0.695522032688

01101100
0 11011000 0.492361798
1 11011001 0.507638202

01101101
0 11011010 0.803180251307
1 11011011 0.196819748693

10010000
0 00100000 0.499868030353
1 00100001 0.500131969647

10010001
0 00100010 0.797836104989
1 00100011 0.202163895011

11101011
0 11010110 0.307843098625
1 11010111 0.692156901375

00111100
0 01111000 0.493325363618
1 01111001 0.506674636382

10011000
0 00110000 0.494504619306
1 00110001 0.505495380694

10011101
0 00111010 0.297699402764
1 00111011 0.702300597236

00110110
0 01101100 0.509611451943
1 01101101 0.490388548057

00110111
0 01101110 0.801127527216
1 01101111 0.198872472784

10101100
0 01011000 0.497868876012
1 01011001 0.502131123988

10101101
0 01011010 0.798733269598
1 01011011 0.201266730402

01100110
0 11001100 0.501089324619
1 11001101 0.498910675381

01100111
0 11001110 0.80090348171
1 11001111 0.19909651829

00010010
0 00100100 0.298891528108
1 00100101 0.701108471892

00010011
0 00100110 0.496738502188
1 00100111 0.503261497812

00001010
0 00010100 0.498058138166
1 00010101 0.501941861834

10010110
0 00101100 0.500372893996
1 00101101 0.499627106004

11010111
0 10101110 0.306106838495
1 10101111 0.693893161505

11010110
0 10101100 0.497606928512
1 10101101 0.502393071488

10100110
0 01001100 0.502045422486
1 01001101 0.497954577514

10010111
0 00101110 0.299504788973
1 00101111 0.700495211027

11011101
0 10111010 0.415216713439
1 10111011 0.584783286561

11011100
0 10111000 0.497194036619
1 10111001 0.502805963381

01110000
0 11100000 0.498552193427
1 11100001 0.501447806573

11011000
0 10110000 0.501804829475
1 10110001 0.498195170525

11011001
0 10110010 0.799172880506
1 10110011 0.200827119494

01010011
0 10100110 0.495909226635
1 10100111 0.504090773365

01010010
0 10100100 0.300912843426
1 10100101 0.699087156574

11111010
0 11110100 0.305001727537
1 11110101 0.694998272463

11111011
0 11110110 0.450370083067
1 11110111 0.549629916933

01011010
0 10110100 0.301241152427
1 10110101 0.698758847573

01011011
0 10110110 0.495465299685
1 10110111 0.504534700315

10000100
0 00001000 0.507165896319
1 00001001 0.492834103681

10000101
0 00001010 0.301193040127
1 00001011 0.698806959873

01111101
0 11111010 0.698234963463
1 11111011 0.301765036537

01111100
0 11111000 0.496234901703
1 11111001 0.503765098297

00101000
0 01010000 0.501071723001
1 01010001 0.498928276999

00101001
0 01010010 0.800425029516
1 01010011 0.199574970484

01101111
0 11011110 0.48534997287
1 11011111 0.51465002713

01101110
0 11011100 0.297009120172
1 11011101 0.702990879828

10010011
0 00100110 0.497887148894
1 00100111 0.502112851106

10010010
0 00100100 0.300278954437
1 00100101 0.699721045563

00010001
0 00100010 0.800247103216
1 00100011 0.199752896784

00010000
0 00100000 0.502061685634
1 00100001 0.497938314366

11000000
0 10000000 0.497530613626
1 10000001 0.502469386374

11000001
0 10000010 0.794347077297
1 10000011 0.205652922703

00111111
0 01111110 0.48157129001
1 01111111 0.51842870999

00111110
0 01111100 0.30277159119
1 01111101 0.69722840881

11101000
0 11010000 0.500744839328
1 11010001 0.499255160672

11101001
0 11010010 0.802810902896
1 11010011 0.197189097104

10101111
0 01011110 0.304647851646
1 01011111 0.695352148354

10101110
0 01011100 0.463626801129
1 01011101 0.536373198871

01100101
0 11001010 0.304096874208
1 11001011 0.695903125792

01100100
0 11001000 0.50225640081
1 11001001 0.49774359919

10100101
0 01001010 0.302748996083
1 01001011 0.697251003917

10100100
0 01001000 0.500890855796
1 01001001 0.499109144204

01011100
0 10111000 0.500174074504
1 10111001 0.499825925496

00001001
0 00010010 0.798380078988
1 00010011 0.201619921012

00001000
0 00010000 0.50098509227
1 00010001 0.49901490773

10111101
0 01111010 0.800389775879
1 01111011 0.199610224121

01001000
0 10010000 0.50309291299
1 10010001 0.49690708701

01001001
0 10010010 0.799390473797
1 10010011 0.200609526203

10111100
0 01111000 0.498480581085
1 01111001 0.501519418915

11110000
0 11100000 0.495180669865
1 11100001 0.504819330135

11110001
0 11100010 0.79712621019
1 11100011 0.20287378981

11011011
0 10110110 0.49466080402
1 10110111 0.50533919598

11011010
0 10110100 0.305123979912
1 10110101 0.694876020088

11111001
0 11110010 0.797670259558
1 11110011 0.202329740442

11111000
0 11110000 0.498088078032
1 11110001 0.501911921968

11010010
0 10100100 0.301914764778
1 10100101 0.698085235222

11010011
0 10100110 0.496870241922
1 10100111 0.503129758078

01011001
0 10110010 0.801507786926
1 10110011 0.198492213074

01011000
0 10110000 0.498162604533
1 10110001 0.501837395467

10000111
0 00001110 0.797087456754
1 00001111 0.202912543246

10000110
0 00001100 0.509972189114
1 00001101 0.490027810886

00000110
0 00001100 0.496755815794
1 00001101 0.503244184206

00000111
0 00001110 0.805374911855
1 00001111 0.194625088145

10001101
0 00011010 0.802514446353
1 00011011 0.197485553647

10001100
0 00011000 0.500763972658
1 00011001 0.499236027342

00101011
0 01010110 0.499795524917
1 01010111 0.500204475083

00101010
0 01010100 0.298798578269
1 01010101 0.701201421731

11110111
0 11101110 0.689512944274
1 11101111 0.310487055726

00100010
0 01000100 0.300938211756
1 01000101 0.699061788244

00100011
0 01000110 0.497424393486
1 01000111 0.502575606514

11000011
0 10000110 0.504298718813
1 10000111 0.495701281187

11000010
0 10000100 0.300712937723
1 10000101 0.699287062277

01000010
0 10000100 0.297059989803
1 10000101 0.702940010197

01000011
0 10000110 0.502053231939
1 10000111 0.497946768061

10100111
0 01001110 0.797484189311
1 01001111 0.202515810689

10011100
0 00111000 0.494950338035
1 00111001 0.505049661965

11101010
0 11010100 0.455422991467
1 11010101 0.544577008533

01001011
0 10010110 0.299302755133
1 10010111 0.700697244867

01001010
0 10010100 0.501082855165
1 10010101 0.498917144835

11100010
0 11000100 0.297091791402
1 11000101 0.702908208598

11100011
0 11000110 0.501967969598
1 11000111 0.498032030402

01110011
0 11100110 0.496972435608
1 11100111 0.503027564392

01110111
0 11101110 0.372557440412
1 11101111 0.627442559588

01110110
0 11101100 0.50101919157
1 11101101 0.49898080843

11110011
0 11100110 0.496190268858
1 11100111 0.503809731142

11110010
0 11100100 0.299709417334
1 11100101 0.700290582666

