11001010
1 10010101 0.472157429005
0 10010100 0.527842570995

11001011
1 10010111 0.503456386427
0 10010110 0.496543613573

11010001
1 10100011 0.285088244177
0 10100010 0.714911755823

11101001
1 11010011 0.566031914894
0 11010010 0.433968085106

10001000
1 00010001 1.0
0 00010000 0.0

01111001
1 11110011 0.0
0 11110010 1.0

10001001
1 00010011 0.513063403157
0 00010010 0.486936596843

00010100
1 00101001 0.491865300405
0 00101000 0.508134699595

00010101
1 00101011 0.367237445269
0 00101010 0.632741998479

10011111
1 00111111 0.507344752612
0 00111110 0.492655247388

10111001
1 01110011 0.0
0 01110010 1.0

10011001
1 00110011 0.0
0 00110010 1.0

10010101
1 00101011 0.35465871742
0 00101010 0.64534128258

10010100
1 00101001 0.502255789028
0 00101000 0.497744210972

10111111
1 01111111 0.506600903748
0 01111110 0.493399096252

11001001
1 10010011 0.544360921645
0 10010010 0.455639078355

11001000
1 10010001 1.0
0 10010000 0.0

11111100
1 11111001 1.0
0 11111000 0.0

11111101
1 11111011 0.349790416907
0 11111010 0.650209583093

01111011
1 11110111 0.501452749328
0 11110110 0.498547250672

01111010
1 11110101 0.397019808103
0 11110100 0.602980191897

10111011
1 01110111 0.502862760974
0 01110110 0.497137239026

10111010
1 01110101 0.397617169007
0 01110100 0.602382830993

00010111
1 00101111 0.501786178228
0 00101110 0.498213821772

00010110
1 00101101 0.755348384179
0 00101100 0.244651615821

00110010
1 01100101 0.340473853379
0 01100100 0.659526146621

10100011
1 01000111 1.0
0 01000110 0.0

10100010
1 01000101 0.46768367806
0 01000100 0.53231632194

00011101
1 00111011 0.211052957694
0 00111010 0.788947042306

00011100
1 00111001 1.0
0 00111000 0.0

10101010
1 01010101 0.398305084746
0 01010100 0.601694915254

10101011
1 01010111 0.499043485709
0 01010110 0.500956514291

11111111
1 11111111 0.504658157277
0 11111110 0.495341842723

11111110
1 11111101 0.752148837209
0 11111100 0.247851162791

01010110
1 10101101 0.749098330864
0 10101100 0.250901669136

01010111
1 10101111 0.509066449931
0 10101110 0.490933550069

10110100
1 01101001 0.503355437137
0 01101000 0.496644562863

10110101
1 01101011 0.353914422826
0 01101010 0.646085577174

00111010
1 01110101 0.282411230388
0 01110100 0.717588769612

00111011
1 01110111 0.526040252841
0 01110110 0.473959747159

01101010
1 11010101 0.396842229292
0 11010100 0.603157770708

01101011
1 11010111 0.501849391317
0 11010110 0.498150608683

01000100
1 10001001 0.516147449985
0 10001000 0.483852550015

01000101
1 10001011 0.299421163005
0 10001010 0.700578836995

10001011
1 00010111 0.517173617293
0 00010110 0.482826382707

10001010
1 00010101 0.349204640078
0 00010100 0.650795359922

11100100
1 11001001 0.500560658175
0 11001000 0.499439341825

11100101
1 11001011 0.39423239675
0 11001010 0.60576760325

11101110
1 11011101 0.751128090136
0 11011100 0.248871909864

11101111
1 11011111 0.504187327824
0 11011110 0.495812672176

10101001
1 01010011 0.529790617546
0 01010010 0.470209382454

10101000
1 01010001 1.0
0 01010000 0.0

00100100
1 01001001 0.502566958222
0 01001000 0.497433041778

00100101
1 01001011 0.317211710369
0 01001010 0.682788289631

11011110
1 10111101 0.752816099228
0 10111100 0.247183900772

11011111
1 10111111 0.501556960074
0 10111110 0.498443039926

01101001
1 11010011 0.53130231001
0 11010010 0.46869768999

01101000
1 11010001 1.0
0 11010000 0.0

10110111
1 01101111 0.509158900348
0 01101110 0.490841099652

10110110
1 01101101 0.753367845167
0 01101100 0.246632154833

00111001
1 01110011 0.0
0 01110010 1.0

00101110
1 01011101 0.749175317011
0 01011100 0.250824682989

00101111
1 01011111 0.50343119704
0 01011110 0.49656880296

01000111
1 10001111 0.0
0 10001110 1.0

00111111
1 01111111 0.50810076304
0 01111110 0.49189923696

10011110
1 00111101 0.7525405693
0 00111100 0.2474594307

01001110
1 10011101 0.755649192382
0 10011100 0.244350807618

01001111
1 10011111 0.500823329438
0 10011110 0.499176670562

11110110
1 11101101 0.747166361974
0 11101100 0.252833638026

11110111
1 11101111 0.505071139304
0 11101110 0.494928860696

11101101
1 11011011 0.352127885227
0 11011010 0.647872114773

11101100
1 11011001 1.0
0 11011000 0.0

01110010
1 11100101 0.37040333723
0 11100100 0.62959666277

00100111
1 01001111 0.504914566547
0 01001110 0.495085433453

00100110
1 01001101 0.743040744923
0 01001100 0.256959255077

00101101
1 01011011 0.345690012433
0 01011010 0.654309987567

00101100
1 01011001 1.0
0 01011000 0.0

00111100
1 01111001 1.0
0 01111000 0.0

10011010
1 00110101 0.399459407279
0 00110100 0.600540592721

10011011
1 00110111 0.50097799511
0 00110110 0.49902200489

01001101
1 10011011 0.360628852072
0 10011010 0.639371147928

01001100
1 10011001 1.0
0 10011000 0.0

11010100
1 10101001 0.502765027927
0 10101000 0.497234972073

11010101
1 10101011 0.349675633238
0 10101010 0.650324366762

11110101
1 11101011 0.351302585397
0 11101010 0.648697414603

11110100
1 11101001 0.499819719418
0 11101000 0.500180280582

01010101
1 10101011 0.349672508067
0 10101010 0.650327491933

01011111
1 10111111 0.506769993086
0 10111110 0.493230006914

01011110
1 10111101 0.751726164243
0 10111100 0.248273835757

01010001
1 10100011 0.301231266712
0 10100010 0.698768733288

01110100
1 11101001 0.425039322646
0 11101000 0.574960677354

01110101
1 11101011 0.368347034347
0 11101010 0.631652965653

01111110
1 11111101 0.751474079179
0 11111100 0.248525920821

01111111
1 11111111 0.502511627907
0 11111110 0.497488372093

01101100
1 11011001 1.0
0 11011000 0.0

01101101
1 11011011 0.351967428934
0 11011010 0.648032571066

10010001
1 00100011 0.302707356365
0 00100010 0.697292643635

01010100
1 10101001 0.501642457527
0 10101000 0.498357542473

10011100
1 00111001 1.0
0 00111000 0.0

10111110
1 01111101 0.758501562124
0 01111100 0.241498437876

00111101
1 01111011 0.355309671946
0 01111010 0.644690328054

10011101
1 00111011 0.356367082149
0 00111010 0.643632917851

00110110
1 01101101 0.754777070064
0 01101100 0.245222929936

00110111
1 01101111 0.503221083455
0 01101110 0.496778916545

10101100
1 01011001 1.0
0 01011000 0.0

10101101
1 01011011 0.361422215403
0 01011010 0.638577784597

00010010
1 00100101 0.418534210764
0 00100100 0.581465789236

00010011
1 00100111 0.491418695779
0 00100110 0.508581304221

01001011
1 10010111 0.502053416389
0 10010110 0.497946583611

11010111
1 10101111 0.505988734065
0 10101110 0.494011265935

11010110
1 10101101 0.751452454351
0 10101100 0.248547545649

10100110
1 01001101 0.641966869947
0 01001100 0.358033130053

01001010
1 10010101 0.341518993788
0 10010100 0.658481006212

11011101
1 10111011 0.354381307545
0 10111010 0.645618692455

11011100
1 10111001 1.0
0 10111000 0.0

11011001
1 10110011 0.0
0 10110010 1.0

01010011
1 10100111 0.491219562883
0 10100110 0.508780437117

01010010
1 10100101 0.432153512341
0 10100100 0.567846487659

11111010
1 11110101 0.400346687961
0 11110100 0.599653312039

11111011
1 11110111 0.508532053826
0 11110110 0.491467946174

01011010
1 10110101 0.397842003854
0 10110100 0.602157996146

01011011
1 10110111 0.501308790003
0 10110110 0.498691209997

01111101
1 11111011 0.351418882741
0 11111010 0.648581117259

01111100
1 11111001 1.0
0 11111000 0.0

00101000
1 01010001 1.0
0 01010000 0.0

00101001
1 01010011 0.549338579153
0 01010010 0.450661420847

01101111
1 11011111 0.509499260968
0 11011110 0.490500739032

01101110
1 11011101 0.753521126761
0 11011100 0.246478873239

10010011
1 00100111 0.49555790333
0 00100110 0.50444209667

10010010
1 00100101 0.424191820092
0 00100100 0.575808179908

00010001
1 00100011 0.299487726988
0 00100010 0.700512273012

10001110
1 00011101 0.85777936096
0 00011100 0.14222063904

00111110
1 01111101 0.75199138859
0 01111100 0.24800861141

00110101
1 01101011 0.35286197611
0 01101010 0.64713802389

00110100
1 01101001 0.502032286954
0 01101000 0.497967713046

10101111
1 01011111 0.506343844909
0 01011110 0.493656155091

10101110
1 01011101 0.752896430661
0 01011100 0.247103569339

01100101
1 11001011 0.389984861955
0 11001010 0.610015138045

01100100
1 11001001 0.510616757333
0 11001000 0.489383242667

10100101
1 01001011 0.31483389764
0 01001010 0.68516610236

10100100
1 01001001 0.49871001032
0 01001000 0.50128998968

01011100
1 10111001 1.0
0 10111000 0.0

01011101
1 10111011 0.35179940185
0 10111010 0.64820059815

10111101
1 01111011 0.354071733803
0 01111010 0.645928266197

01001000
1 10010001 1.0
0 10010000 0.0

01001001
1 10010011 0.529344296098
0 10010010 0.470655703902

10111100
1 01111001 1.0
0 01111000 0.0

11011011
1 10110111 0.502110220809
0 10110110 0.497889779191

11011010
1 10110101 0.398693896542
0 10110100 0.601306103458

11111001
1 11110011 0.0
0 11110010 1.0

11010010
1 10100101 0.42547933656
0 10100100 0.57452066344

11010011
1 10100111 0.416530307133
0 10100110 0.583469692867

01011001
1 10110011 0.0
0 10110010 1.0

11101000
1 11010001 1.0
0 11010000 0.0

10110010
1 01100101 0.375378484806
0 01100100 0.624621515194

00101011
1 01010111 0.499739190117
0 01010110 0.500260809883

00101010
1 01010101 0.399872972596
0 01010100 0.600127027404

00100010
1 01000101 0.482205260001
0 01000100 0.517794739999

00100011
1 01000111 1.0
0 01000110 0.0

10100111
1 01001111 0.512800112923
0 01001110 0.487199887077

11101011
1 11010111 0.498624397385
0 11010110 0.501375602615

11101010
1 11010101 0.40385607059
0 11010100 0.59614392941

10010110
1 00101101 0.750374537129
0 00101100 0.249625462871

10010111
1 00101111 0.505074510023
0 00101110 0.494925489977

01110111
1 11101111 0.49880952381
0 11101110 0.50119047619

01110110
1 11101101 0.754713355909
0 11101100 0.245286644091

11110010
1 11100101 0.377372817008
0 11100100 0.622627182992

