10110001
1 01100011 1.0
0 01100010 0.0

11011001
1 10110011 1.0
0 10110010 0.0

10000001
1 00000011 1.0
0 00000010 0.0

10000000
1 00000001 0.0104226295268
0 00000000 0.989577370473

01111011
1 11110111 0.0
0 11110110 1.0

10000011
1 00000111 0.0158898305085
0 00000110 0.984110169492

00000000
1 00000001 0.0100314165384
0 00000000 0.989968473973

00000001
1 00000011 1.0
0 00000010 0.0

11001111
1 10011111 0.0
0 10011110 1.0

01101111
1 11011111 0.0
0 11011110 1.0

01111000
1 11110001 0.0123966942149
0 11110000 0.987603305785

01111001
1 11110011 1.0
0 11110010 0.0

00111100
1 01111001 0.0123203285421
0 01111000 0.987679671458

11000111
1 10001111 1.0
0 10001110 0.0

11000001
1 10000011 1.0
0 10000010 0.0

11000000
1 10000001 0.00992364779605
0 10000000 0.990076352204

00111111
1 01111111 0.0
0 01111110 1.0

10001111
1 00011111 0.0
0 00011110 1.0

10011011
1 00110111 0.0
0 00110110 1.0

10011110
1 00111101 0.0
0 00111100 1.0

10011001
1 00110011 1.0
0 00110010 0.0

00110000
1 01100001 0.00947283917581
0 01100000 0.990527160824

00110001
1 01100011 1.0
0 01100010 0.0

11100001
1 11000011 1.0
0 11000010 0.0

11100000
1 11000001 0.00945378151261
0 11000000 0.990546218487

01100000
1 11000001 0.00999935832995
0 11000000 0.99000064167

10011000
1 00110001 0.00979325353645
0 00110000 0.990206746464

00011011
1 00110111 0.00609137055838
0 00110110 0.993908629442

11011000
1 10110001 0.0111336032389
0 10110000 0.988866396761

00011110
1 00111101 0.00819672131148
0 00111100 0.991803278689

00011111
1 00111111 1.0
0 00111110 0.0

00001100
1 00011001 0.00967755748726
0 00011000 0.990322442513

00001101
1 00011011 1.0
0 00011010 0.0

11110000
1 11100001 0.0124481327801
0 11100000 0.98755186722

11110001
1 11100011 1.0
0 11100010 0.0

01100011
1 11000111 0.0111675126904
0 11000110 0.98883248731

11011011
1 10110111 0.0
0 10110110 1.0

10111100
1 01111001 0.0
0 01111000 1.0

11011110
1 10111101 0.0
0 10111100 1.0

11111000
1 11110001 0.111111111111
0 11110000 0.888888888889

10000111
1 00001111 1.0
0 00001110 0.0

01111110
1 11111101 0.0
0 11111100 1.0

10110110
1 01101101 0.0
0 01101100 1.0

11001100
1 10011001 0.010764262648
0 10011000 0.989235737352

10000110
1 00001101 0.00557413600892
0 00001100 0.994425863991

00000110
1 00001101 0.0104283651532
0 00001100 0.989571634847

11001101
1 10011011 1.0
0 10011010 0.0

01101100
1 11011001 0.0110998990918
0 11011000 0.988900100908

01101101
1 11011011 1.0
0 11011010 0.0

11111100
1 11111001 0.0
0 11111000 1.0

10110011
1 01100111 0.0
0 01100110 1.0

01100110
1 11001101 0.0129171151776
0 11001100 0.987082884822

00000111
1 00001111 1.0
0 00001110 0.0

11000011
1 10000111 0.0121145374449
0 10000110 0.987885462555

00111101
1 01111011 1.0
0 01111010 0.0

11000110
1 10001101 0.00506585612969
0 10001100 0.99493414387

00110110
1 01101101 0.00908173562059
0 01101100 0.990918264379

00110111
1 01101111 1.0
0 01101110 0.0

10001101
1 00011011 1.0
0 00011010 0.0

01100111
1 11001111 1.0
0 11001110 0.0

10110000
1 01100001 0.0112589559877
0 01100000 0.988741044012

10001100
1 00011001 0.010183299389
0 00011000 0.989816700611

11100011
1 11000111 0.0
0 11000110 1.0

00110011
1 01100111 0.00649350649351
0 01100110 0.993506493506

11110110
1 11101101 0.0
0 11101100 1.0

00011000
1 00110001 0.010323063757
0 00110000 0.989676936243

11100110
1 11001101 0.0
0 11001100 1.0

00000011
1 00000111 0.0101375195158
0 00000110 0.989862480484

01100001
1 11000011 1.0
0 11000010 0.0

11101100
1 11011001 0.0
0 11011000 1.0

00001111
1 00011111 0.00924024640657
0 00011110 0.990759753593

11110011
1 11100111 0.0
0 11100110 1.0

00011001
1 00110011 1.0
0 00110010 0.0

