01111001010
0 11110010100 0.523535387741
1 11111111101 0.476464612259

11110100010
0 11111110100 0.519791764375
1 11110100101 0.480208235625

11111111111
0 11111111110 0.501134429949
1 11111111111 0.498865570051

11111110100
0 11111101000 0.503526093089
1 11111101001 0.496473906911

11110010100
0 11100101000 0.508270435202
1 11111111101 0.491729564798

11111010100
0 11111101000 0.499428571429
1 11110101001 0.500571428571

11010010100
0 10100101000 0.492732446359
1 10100101001 0.507267553641

11111001001
0 11110010010 0.473664688427
1 11111111111 0.526335311573

10011101001
0 11110010010 0.469789227166
1 1010011 0.530210772834

11111101001
0 11111010010 0.470217419272
1 11111111111 0.529782580728

01100100111
0 001110 0.513852061809
1 11111111111 0.486147938191

11111111110
0 11111111100 0.242089985486
1 11111111101 0.757910014514

00111100101
0 01111001010 0.62426449986
1 11111111111 0.37573550014

11101001010
0 11010010100 0.647438620338
1 11111111101 0.352561379662

11111110010
0 11111110100 0.620777661012
1 11111100101 0.379222338988

01100100101
0 11101001010 0.672894550602
1 11111111111 0.327105449398

01110100110
0 11111111100 0.631079478055
1 11111111101 0.368920521945

10001110100
0 10100101000 0.625536695513
1 00011101001 0.374463304487

11111111101
0 11111111010 0.655440918824
1 11111111111 0.344559081176

01
0 11111111010 0.661173438793
1 011 0.338826225831

001
0 0010 0.655276550135
1 0011 0.344723449865

01101100101
0 11111001010 0.621658805031
1 11111111111 0.378341194969

0111
0 01110 0.646043439582
1 11111111111 0.353956560418

11100101000
1 11001010001 1.0

11111111100
1 11111111001 1.0

11111101000
1 11111010001 1.0

10100101000
1 01001010001 1.0

10111100101
0 01111001010 0.602654432246
1 11111111111 0.397345567754

11111111010
0 11111110100 0.600360036004
1 11111111101 0.399639963996

11110010010
0 11111010100 0.573135504202
1 11110100101 0.426864495798

001110100
0 10100101000 0.601373705409
1 00011101001 0.398626294591

10001110101
0 11111111010 0.612368226684
1 11111111111 0.387631773316

11111100101
0 11111001010 0.614518399357
1 11111111111 0.385481600643

11001010001
0 0 0.599876186546
1 11111111100 0.400123813454

11111111001
0 11111110010 1.0

01001111001
0 11111111010 1.0

11010011001
0 10100110010 1.0

11101000111
0 11010001110 1.0

0010
0 11111110100 0.567938719919
1 01100100101 0.432061280081

11111010010
0 11111110100 0.568
1 11110100101 0.432

1010011
0 10100110 0.545762415481
1 11111111111 0.454237584519

11111010001
0 11110100010 0.699519230769
1 11111111100 0.300480769231

10100110010
0 11010010100 0.680517853414
1 10111100101 0.319482146586

11110100101
0 11101001010 0.677105305858
1 11111111111 0.322894694142

00111010
0 001110100 0.717588769612
1 11111111101 0.282411230388

10111010001
0 11111010010 0.699368753288
1 11111111100 0.300631246712

011101
0 00111010 0.717086705962
1 11111111111 0.282913294038

11111001010
0 11110010100 0.530906011854
1 11111111101 0.469093988146

010011
0 00 0.527841172058
1 11111111111 0.472158827942

00110010011
0 11111111110 0.456788965
1 01100100111 0.543211035

11110101001
0 11110010010 0.462503166962
1 11111111111 0.537496833038

01001
0 11110010010 0.462755850962
1 010011 0.537244149038

10101101001
0 11111010010 0.461201314872
1 11111111111 0.538798685128

11010001110
0 11111111100 0.143402562616
1 10100011101 0.856597437384

011
0 11111111110 0.41809026922
1 0111 0.58190973078

10100110
0 11111111100 0.358033130053
1 11111111101 0.641966869947

011101001
0 11110010010 0.416767711762
1 11110100101 0.583232288238

00011101001
0 11110010010 0.372790732214
1 00111010011 0.627209267786

10100101001
0 11111010010 0.387215647367
1 11111111111 0.612784352633

10011001001
0 0010 0.402701490864
1 00110010011 0.597298509136

0
0 00 0.403653480731
1 01 0.596346519269

10100011101
0 01000111010 0.789676197241
1 11111111111 0.210323802759

00111
0 001110 0.768141287748
1 11111111111 0.231858712252

00111010011
0 01110100110 0.748309990663
1 11111111111 0.251690009337

01000111010
0 10001110100 0.751136287681
1 10001110101 0.248863712319

00111010001
0 11110010010 0.740432338695
1 11111111100 0.259567661305

01001010001
0 0010 0.756732283465
1 11111111100 0.243267716535

0011101
0 00111010 0.750346109535
1 11111111111 0.249653890465

00
0 11111101000 0.295496581969
1 001 0.704503418031

001110
0 11111111100 0.171949655283
1 0011101 0.828050344717

0011
0 00 0.337383761022
1 00111 0.662616238978

01110
0 11111111100 0.198184867577
1 011101 0.801815132423

