101101
0 1011010 0.64700617236
1 1011011 0.35299382764

1011011
0 10110110 0.498307121814
1 110111 0.501692878186

110111
0 1101110 0.496319076308
1 1111 0.503680923692

1111
0 11110 0.49535448947
1 1111 0.50464551053

11110
0 111100 0.246830698256
1 111101 0.753169301744

111101
0 1111010 0.647457043139
1 1111011 0.352542956861

1111011
0 11110110 0.494995746837
1 110111 0.505004253163

11110110
0 111101100 0.252833638026
1 101101 0.747166361974

111101100
0 1111011000 0.0
1 1111011001 1.0

1111011001
0 11110110010 1.0
1 11110110011 0.0

11110110010
1 11101100101 0.373101952278
0 11101100100 0.626898047722

11101100100
1 11011001001 0.497610345797
0 11011001000 0.502389654203

11011001000
1 10110010001 1.0
0 10110010000 0.0

10110010001
1 01100100011 0.303999193101
0 01100100010 0.696000806899

01100100010
1 11001000101 0.480406903103
0 11001000100 0.519593096897

11001000100
1 10010001001 0.516394341485
0 10010001000 0.483605658515

10010001000
1 00100010001 1.0
0 00100010000 0.0

00100010001
1 01000100011 0.300476284542
0 01000100010 0.699523715458

01000100010
1 10001000101 0.479946524064
0 10001000100 0.520053475936

10001000100
1 00010001001 0.516786632391
0 00010001000 0.483213367609

00010001000
1 00100010001 1.0
0 00100010000 0.0

00010001001
1 00100010011 0.502014624683
0 00100010010 0.497985375317

00100010010
1 01000100101 0.416531402173
0 01000100100 0.583468597827

01000100100
1 10001001001 0.497876034852
0 10001001000 0.502123965148

10001001000
1 00010010001 1.0
0 00010010000 0.0

00010010001
1 00100100011 0.30776830925
0 00100100010 0.69223169075

00100100010
1 01001000101 0.486047333098
0 01001000100 0.513952666902

01001000100
1 10010001001 0.513725208393
0 10010001000 0.486274791607

10010001001
1 00100010011 0.50691292876
0 00100010010 0.49308707124

00100010011
1 01000100111 0.492224807151
0 01000100110 0.507775192849

01000100110
1 10001001101 0.746147634749
0 001100 0.253852365251

001100
0 0011000 0.0
1 0011001 1.0

0011001
0 00110010 1.0
1 00110011 0.0

00110010
0 001100100 0.659526146621
1 001100101 0.340473853379

001100101
0 0011001010 0.605313736574
1 0011001011 0.394686263426

0011001011
0 00110010110 0.492122600974
1 00110010111 0.507877399026

00110010111
1 1111 0.500282007896
0 01100101110 0.499717992104

01100101110
1 11001011101 0.759359605911
0 11001011100 0.240640394089

11001011100
1 10010111001 1.0
0 10010111000 0.0

10010111001
1 00101110011 0.0
0 00101110010 1.0

00101110010
1 01011100101 0.376447876448
0 01011100100 0.623552123552

01011100100
1 10111001001 0.506524659374
0 10111001000 0.493475340626

10111001000
1 01110010001 1.0
0 01110010000 0.0

01110010001
1 11100100011 0.302634901928
0 11100100010 0.697365098072

11100100010
1 11001000101 0.484886877828
0 11001000100 0.515113122172

11001000101
1 10010001011 0.298057339809
0 10010001010 0.701942660191

10010001010
1 00100010101 0.343310295454
0 00100010100 0.656689704546

00100010100
1 01000101001 0.490084000199
0 01000101000 0.509915999801

01000101000
1 10001010001 1.0
0 10001010000 0.0

10001010001
1 00010100011 0.302227142485
0 00010100010 0.697772857515

00010100010
1 00101000101 0.479203608648
0 00101000100 0.520796391352

00101000100
1 01010001001 0.523086775536
0 01010001000 0.476913224464

01010001000
1 10100010001 1.0
0 10100010000 0.0

10100010001
1 01000100011 0.298752001045
0 01000100010 0.701247998955

01000100011
1 10001000111 1.0
0 10001000110 0.0

10001000111
1 1111 0.0
0 00010001110 1.0

00010001110
1 00100011101 0.859845523625
0 00100011100 0.140154476375

00100011100
1 01000111001 1.0
0 01000111000 0.0

01000111001
1 10001110011 0.0
0 10001110010 1.0

10001110010
1 00011100101 0.361110006759
0 00011100100 0.638889993241

00011100100
1 00111001001 0.493030491599
0 00111001000 0.506969508401

00111001000
1 01110010001 1.0
0 01110010000 0.0

00111001001
1 01110010011 0.536360937964
0 01110010010 0.463639062036

01110010010
1 11100100101 0.423195223449
0 11100100100 0.576804776551

11100100100
1 11001001001 0.500605157807
0 11001001000 0.499394842193

11001001000
1 10010010001 1.0
0 10010010000 0.0

10010010001
1 00100100011 0.30160050903
0 00100100010 0.69839949097

00100100011
1 01001000111 1.0
0 01001000110 0.0

01001000111
1 1111 0.0
0 10010001110 1.0

10010001110
1 00100011101 0.856330259416
0 00100011100 0.143669740584

00100011101
1 01000111011 0.21196888803
0 01000111010 0.78803111197

01000111010
1 10001110101 0.248863712319
0 10001110100 0.751136287681

10001110100
1 00011101001 0.374463304487
0 00011101000 0.625536695513

00011101000
1 00111010001 1.0
0 00111010000 0.0

00111010001
1 01110100011 0.259567661305
0 01110100010 0.740432338695

01110100010
1 11101000101 0.429103527314
0 11101000100 0.570896472686

11101000100
1 11010001001 0.505697671942
0 11010001000 0.494302328058

11010001000
1 10100010001 1.0
0 10100010000 0.0

11010001001
1 10100010011 0.530143678161
0 10100010010 0.469856321839

10100010010
1 01000100101 0.420064889624
0 01000100100 0.579935110376

01000100101
1 10001001011 0.314077711726
0 10001001010 0.685922288274

10001001010
1 00010010101 0.343779438548
0 00010010100 0.656220561452

00010010100
1 00100101001 0.506747057135
0 00100101000 0.493252942865

00100101000
1 01001010001 1.0
0 01001010000 0.0

01001010001
1 10010100011 0.243267716535
0 10010100010 0.756732283465

10010100010
1 00101000101 0.481461599027
0 00101000100 0.518538400973

00101000101
1 01010001011 0.296808400042
0 01010001010 0.703191599958

01010001010
1 10100010101 0.352037864844
0 10100010100 0.647962135156

10100010100
1 01000101001 0.493286793725
0 01000101000 0.506713206275

01000101001
1 10001010011 0.565671742202
0 10001010010 0.434328257798

10001010010
1 00010100101 0.441036761669
0 00010100100 0.558963238331

00010100100
1 00101001001 0.497413633844
0 00101001000 0.502586366156

00101001000
1 01010010001 1.0
0 01010010000 0.0

01010010001
1 10100100011 0.295782729272
0 10100100010 0.704217270728

10100100010
1 01001000101 0.483691272816
0 01001000100 0.516308727184

01001000101
1 10010001011 0.297632684231
0 10010001010 0.702367315769

10010001011
1 00100010111 0.516650438169
0 00100010110 0.483349561831

00100010110
1 101101 0.757249247346
0 01000101100 0.242750752654

01000101100
1 10001011001 1.0
0 10001011000 0.0

10001011001
1 00010110011 0.0
0 00010110010 1.0

00010110010
1 00101100101 0.36897483293
0 00101100100 0.63102516707

00101100100
1 01011001001 0.49949989998
0 01011001000 0.50050010002

01011001000
1 10110010001 1.0
0 10110010000 0.0

01011001001
1 10110010011 0.529747739172
0 10110010010 0.470252260828

10110010010
1 01100100101 0.417589370452
0 01100100100 0.582410629548

01100100100
1 11001001001 0.507133187546
0 11001001000 0.492866812454

11001001001
1 10010010011 0.539767736899
0 10010010010 0.460232263101

10010010010
1 00100100101 0.428761242845
0 00100100100 0.571238757155

00100100100
1 01001001001 0.502895458702
0 01001001000 0.497104541298

01001001000
1 10010010001 1.0
0 10010010000 0.0

01001001001
1 10010010011 0.526310870175
0 10010010010 0.473689129825

10010010011
1 00100100111 0.488442931374
0 00100100110 0.511557068626

00100100110
1 01001001101 0.742204568024
0 001100 0.257795431976

01001001101
1 10010011011 0.360097479638
0 10010011010 0.639902520362

10010011010
1 00100110101 0.396761742443
0 00100110100 0.603238257557

00100110100
1 01001101001 0.502316508169
0 01001101000 0.497683491831

01001101000
1 10011010001 1.0
0 10011010000 0.0

10011010001
1 00110100011 0.304450080701
0 00110100010 0.695549919299

00110100010
1 01101000101 0.48611019028
0 01101000100 0.51388980972

01101000100
1 11010001001 0.51981384854
0 11010001000 0.48018615146

01101000101
1 11010001011 0.301502520841
0 11010001010 0.698497479159

11010001010
1 10100010101 0.353568025676
0 10100010100 0.646431974324

10100010101
1 01000101011 0.365491651206
0 01000101010 0.634508348794

01000101010
1 10001010101 0.405477404893
0 10001010100 0.594522595107

10001010100
1 00010101001 0.501693989071
0 00010101000 0.498306010929

00010101000
1 00101010001 1.0
0 00101010000 0.0

00101010001
1 01010100011 0.297845834415
0 01010100010 0.702154165585

01010100010
1 10101000101 0.482271856111
0 10101000100 0.517728143889

10101000100
1 01010001001 0.524683171235
0 01010001000 0.475316828765

01010001001
1 10100010011 0.506606056642
0 10100010010 0.493393943358

10100010011
1 01000100111 0.490836770772
0 01000100110 0.509163229228

01000100111
1 1111 0.507503743167
0 10001001110 0.492496256833

10001001110
1 00010011101 0.75
0 00010011100 0.25

00010011100
1 00100111001 1.0
0 00100111000 0.0

00100111001
1 01001110011 0.0
0 01001110010 1.0

01001110010
1 10011100101 0.374077204846
0 10011100100 0.625922795154

10011100100
1 00111001001 0.499954983344
0 00111001000 0.500045016656

10011100101
1 00111001011 0.398915335945
0 00111001010 0.601084664055

00111001010
1 01110010101 0.474828496042
0 01110010100 0.525171503958

01110010100
1 11100101001 0.48608137045
0 11100101000 0.51391862955

11100101000
1 11001010001 1.0
0 11001010000 0.0

11001010001
1 10010100011 0.400123813454
0 10010100010 0.599876186546

10010100011
1 00101000111 1.0
0 00101000110 0.0

00101000111
1 1111 0.0
0 01010001110 1.0

01010001110
1 10100011101 0.859024380174
0 10100011100 0.140975619826

10100011100
1 01000111001 1.0
0 01000111000 0.0

10100011101
1 01000111011 0.210323802759
0 01000111010 0.789676197241

01000111011
1 110111 0.528921231807
0 10001110110 0.471078768193

10001110110
1 101101 0.758469800438
0 00011101100 0.241530199562

00011101100
1 00111011001 1.0
0 00111011000 0.0

00111011001
1 01110110011 0.0
0 01110110010 1.0

01110110010
1 11101100101 0.379614217174
0 11101100100 0.620385782826

11101100101
1 11011001011 0.389964379743
0 11011001010 0.610035620257

11011001010
1 10110010101 0.470994086173
0 10110010100 0.529005913827

10110010100
1 01100101001 0.489037056033
0 01100101000 0.510962943967

01100101000
1 11001010001 1.0
0 11001010000 0.0

01100101001
1 11001010011 0.373939393939
0 11001010010 0.626060606061

11001010010
1 10010100101 0.407258987864
0 10010100100 0.592741012136

10010100100
1 00101001001 0.504611085235
0 00101001000 0.495388914765

00101001001
1 01010010011 0.52203295686
0 01010010010 0.47796704314

01010010010
1 10100100101 0.419959677419
0 10100100100 0.580040322581

10100100100
1 01001001001 0.513762287757
0 01001001000 0.486237712243

10100100101
1 01001001011 0.311094545906
0 01001001010 0.688905454094

01001001010
1 10010010101 0.348003414588
0 10010010100 0.651996585412

10010010100
1 00100101001 0.510363649775
0 00100101000 0.489636350225

00100101001
1 01001010011 0.615850663173
0 01001010010 0.384149336827

01001010010
1 10010100101 0.452737298149
0 10010100100 0.547262701851

10010100101
1 00101001011 0.313917841815
0 00101001010 0.686082158185

00101001010
1 01010010101 0.324667472793
0 01010010100 0.675332527207

01010010100
1 10100101001 0.510668659962
0 10100101000 0.489331340038

10100101000
1 01001010001 1.0
0 01001010000 0.0

10100101001
1 01001010011 0.612784352633
0 01001010010 0.387215647367

01001010011
1 10010100111 0.493289628301
0 10010100110 0.506710371699

10010100110
1 00101001101 0.739030023095
0 001100 0.260969976905

00101001101
1 01010011011 0.361161939616
0 01010011010 0.638838060384

01010011010
1 10100110101 0.396107311941
0 10100110100 0.603892688059

10100110100
1 01001101001 0.501779359431
0 01001101000 0.498220640569

01001101001
1 10011010011 0.531104199067
0 10011010010 0.468895800933

10011010010
1 00110100101 0.420349234221
0 00110100100 0.579650765779

00110100100
1 01101001001 0.503702457085
0 01101001000 0.496297542915

01101001000
1 11010010001 1.0
0 11010010000 0.0

11010010001
1 10100100011 0.305394941928
0 10100100010 0.694605058072

10100100011
1 01001000111 1.0
0 01001000110 0.0

01101001001
1 11010010011 0.532384874579
0 11010010010 0.467615125421

11010010010
1 10100100101 0.416675608971
0 10100100100 0.583324391029

11010010011
1 10100100111 0.485409597673
0 10100100110 0.514590402327

10100100110
1 01001001101 0.737085792102
0 001100 0.262914207898

10100100111
1 1111 0.51310571622
0 01001001110 0.48689428378

01001001110
1 10010011101 0.752798697334
0 10010011100 0.247201302666

10010011100
1 00100111001 1.0
0 00100111000 0.0

10010011101
1 00100111011 0.364175109922
0 00100111010 0.635824890078

00100111010
1 01001110101 0.399785956359
0 01001110100 0.600214043641

01001110100
1 10011101001 0.500468823254
0 10011101000 0.499531176746

10011101000
1 00111010001 1.0
0 00111010000 0.0

10011101001
1 00111010011 0.530210772834
0 00111010010 0.469789227166

00111010010
1 01110100101 0.426188442926
0 01110100100 0.573811557074

01110100100
1 11101001001 0.494334184843
0 11101001000 0.505665815157

11101001000
1 11010010001 1.0
0 11010010000 0.0

11101001001
1 11010010011 0.520523190775
0 11010010010 0.479476809225

01110100101
1 11101001011 0.321546566658
0 11101001010 0.678453433342

11101001010
1 11010010101 0.352561379662
0 11010010100 0.647438620338

11010010100
1 10100101001 0.507267553641
0 10100101000 0.492732446359

11010010101
1 10100101011 0.34962406015
0 10100101010 0.65037593985

10100101010
1 01001010101 0.399278609684
0 01001010100 0.600721390316

01001010100
1 10010101001 0.501056067588
0 10010101000 0.498943932412

10010101000
1 00101010001 1.0
0 00101010000 0.0

10010101001
1 00101010011 0.537303283466
0 00101010010 0.462696716534

00101010010
1 01010100101 0.428524518389
0 01010100100 0.571475481611

01010100100
1 10101001001 0.498619442064
0 10101001000 0.501380557936

10101001000
1 01010010001 1.0
0 01010010000 0.0

10101001001
1 01010010011 0.53165304716
0 01010010010 0.46834695284

01010010011
1 10100100111 0.48301476583
0 10100100110 0.51698523417

01010100101
1 10101001011 0.316755251835
0 10101001010 0.683244748165

10101001010
1 01010010101 0.336316397229
0 01010010100 0.663683602771

01010010101
1 10100101011 0.358836503998
0 10100101010 0.641163496002

10100101011
1 01001010111 0.493726349333
0 01001010110 0.506273650667

01001010110
1 101101 0.743285446596
0 10010101100 0.256714553404

10010101100
1 00101011001 1.0
0 00101011000 0.0

00101011001
1 01010110011 0.0
0 01010110010 1.0

01010110010
1 10101100101 0.376532204145
0 10101100100 0.623467795855

10101100100
1 01011001001 0.508254173199
0 01011001000 0.491745826801

10101100101
1 01011001011 0.386586863106
0 01011001010 0.613413136894

01011001010
1 10110010101 0.466543486868
0 10110010100 0.533456513132

10110010101
1 01100101011 0.360319767442
0 01100101010 0.639680232558

01100101010
1 11001010101 0.391982469709
0 11001010100 0.608017530291

11001010100
1 10010101001 0.506284916201
0 10010101000 0.493715083799

11001010101
1 10010101011 0.350245248314
0 10010101010 0.649754751686

10010101010
1 00101010101 0.405174405174
0 00101010100 0.594825594826

00101010100
1 01010101001 0.497776899516
0 01010101000 0.502223100484

01010101000
1 10101010001 1.0
0 10101010000 0.0

10101010001
1 01010100011 0.304909824759
0 01010100010 0.695090175241

01010100011
1 10101000111 1.0
0 10101000110 0.0

10101000111
1 1111 0.0
0 01010001110 1.0

01010101001
1 10101010011 0.53065266911
0 10101010010 0.46934733089

10101010010
1 01010100101 0.43014348905
0 01010100100 0.56985651095

10101010011
1 01010100111 0.492850241546
0 01010100110 0.507149758454

01010100110
1 10101001101 0.744042532992
0 001100 0.255957467008

10101001101
1 01010011011 0.359234160142
0 01010011010 0.640765839858

01010011011
1 110111 0.495414402174
0 10100110110 0.504585597826

10100110110
1 101101 0.751925898753
0 01001101100 0.248074101247

01001101100
1 10011011001 1.0
0 10011011000 0.0

10011011001
1 00110110011 0.0
0 00110110010 1.0

00110110010
1 01101100101 0.381618381618
0 01101100100 0.618381618382

01101100100
1 11011001001 0.502288605155
0 11011001000 0.497711394845

11011001001
1 10110010011 0.520780590717
0 10110010010 0.479219409283

10110010011
1 01100100111 0.490192344315
0 01100100110 0.509807655685

01100100110
1 11001001101 0.743787908433
0 001100 0.256212091567

11001001101
1 10010011011 0.358158995816
0 10010011010 0.641841004184

10010011011
1 110111 0.506485374363
0 00100110110 0.493514625637

00100110110
1 101101 0.758047548916
0 01001101100 0.241952451084

01100100111
1 1111 0.486147938191
0 11001001110 0.513852061809

11001001110
1 10010011101 0.776488206664
0 10010011100 0.223511793336

01101100101
1 11011001011 0.378341194969
0 11011001010 0.621658805031

11011001011
1 10110010111 0.50461399955
0 10110010110 0.49538600045

10110010110
1 101101 0.743069198865
0 01100101100 0.256930801135

01100101100
1 11001011001 1.0
0 11001011000 0.0

11001011001
1 10010110011 0.0
0 10010110010 1.0

10010110010
1 00101100101 0.37039972823
0 00101100100 0.62960027177

00101100101
1 01011001011 0.389703375384
0 01011001010 0.610296624616

01011001011
1 10110010111 0.504682622268
0 10110010110 0.495317377732

10110010111
1 1111 0.509749303621
0 01100101110 0.490250696379

10110010111
1 1111 0.509749303621
0 01100101110 0.490250696379

01010100111
1 1111 0.501181567546
0 10101001110 0.498818432454

10101001110
1 01010011101 0.747373894956
0 01010011100 0.252626105044

01010011100
1 10100111001 1.0
0 10100111000 0.0

10100111001
1 01001110011 0.0
0 01001110010 1.0

01010011101
1 10100111011 0.350417011524
0 10100111010 0.649582988476

10100111010
1 01001110101 0.392735527809
0 01001110100 0.607264472191

01001110101
1 10011101011 0.354610436026
0 10011101010 0.645389563974

10011101010
1 00111010101 0.387086056042
0 00111010100 0.612913943958

00111010100
1 01110101001 0.500372624519
0 01110101000 0.499627375481

01110101000
1 11101010001 1.0
0 11101010000 0.0

11101010001
1 11010100011 0.299027905402
0 11010100010 0.700972094598

11010100010
1 10101000101 0.479244532803
0 10101000100 0.520755467197

10101000101
1 01010001011 0.294375049726
0 01010001010 0.705624950274

01010001011
1 10100010111 0.514312558722
0 10100010110 0.485687441278

10100010110
1 101101 0.753860465116
0 01000101100 0.246139534884

10100010111
1 1111 0.499883639749
0 01000101110 0.500116360251

01000101110
1 10001011101 0.746952610651
0 10001011100 0.253047389349

10001011100
1 00010111001 1.0
0 00010111000 0.0

00010111001
1 00101110011 0.0
0 00101110010 1.0

10001011101
1 00010111011 0.349332402478
0 00010111010 0.650667597522

00010111010
1 00101110101 0.395654506438
0 00101110100 0.604345493562

00101110100
1 01011101001 0.512355848435
0 01011101000 0.487644151565

01011101000
1 10111010001 1.0
0 10111010000 0.0

10111010001
1 01110100011 0.300631246712
0 01110100010 0.699368753288

01110100011
1 11101000111 1.0
0 11101000110 0.0

11101000111
1 1111 0.0
0 11010001110 1.0

11010001110
1 10100011101 0.856597437384
0 10100011100 0.143402562616

01011101001
1 10111010011 0.535810878493
0 10111010010 0.464189121507

10111010010
1 01110100101 0.417144141108
0 01110100100 0.582855858892

10111010011
1 01110100111 0.488014032352
0 01110100110 0.511985967648

01110100110
1 11101001101 0.368920521945
0 001100 0.631079478055

11101001101
1 11010011011 0.367470270973
0 11010011010 0.632529729027

11010011010
1 10100110101 0.404028842852
0 10100110100 0.595971157148

10100110101
1 01001101011 0.355210845337
0 01001101010 0.644789154663

01001101010
1 10011010101 0.402560682849
0 10011010100 0.597439317151

10011010100
1 00110101001 0.502723457452
0 00110101000 0.497276542548

00110101000
1 01101010001 1.0
0 01101010000 0.0

01101010001
1 11010100011 0.303028321015
0 11010100010 0.696971678985

11010100011
1 10101000111 1.0
0 10101000110 0.0

00110101001
1 01101010011 0.528063943162
0 01101010010 0.471936056838

01101010010
1 11010100101 0.423194021589
0 11010100100 0.576805978411

11010100100
1 10101001001 0.501580181466
0 10101001000 0.498419818534

11010100101
1 10101001011 0.313015960374
0 10101001010 0.686984039626

10101001011
1 01010010111 0.50209292591
0 01010010110 0.49790707409

01010010110
1 101101 0.760549162124
0 10100101100 0.239450837876

10100101100
1 01001011001 1.0
0 01001011000 0.0

01001011001
1 10010110011 0.0
0 10010110010 1.0

01010010111
1 1111 0.500202265372
0 10100101110 0.499797734628

10100101110
1 01001011101 0.746434563758
0 01001011100 0.253565436242

01001011100
1 10010111001 1.0
0 10010111000 0.0

01001011101
1 10010111011 0.361424332344
0 10010111010 0.638575667656

10010111010
1 00101110101 0.392248424002
0 00101110100 0.607751575998

00101110101
1 01011101011 0.356259904913
0 01011101010 0.643740095087

01011101010
1 10111010101 0.395721925134
0 10111010100 0.604278074866

10111010100
1 01110101001 0.509964230966
0 01110101000 0.490035769034

01110101001
1 11101010011 0.524794972024
0 11101010010 0.475205027976

11101010010
1 11010100101 0.427367779921
0 11010100100 0.572632220079

11101010011
1 11010100111 0.484761045987
0 11010100110 0.515238954013

11010100110
1 10101001101 0.741912728006
0 001100 0.258087271994

11010100111
1 1111 0.514307068119
0 10101001110 0.485692931881

10111010101
1 01110101011 0.347151850146
0 01110101010 0.652848149854

01110101010
1 11101010101 0.390808569454
0 11101010100 0.609191430546

11101010100
1 11010101001 0.505248048802
0 11010101000 0.494751951198

11010101000
1 10101010001 1.0
0 10101010000 0.0

11010101001
1 10101010011 0.524259609326
0 10101010010 0.475740390674

11101010101
1 11010101011 0.348936757802
0 11010101010 0.651063242198

11010101010
1 10101010101 0.404817500307
0 10101010100 0.595182499693

10101010100
1 01010101001 0.499753037637
0 01010101000 0.500246962363

10101010101
1 01010101011 0.350947902672
0 01010101010 0.649052097328

01010101010
1 10101010101 0.392055267703
0 10101010100 0.607944732297

01010101011
1 10101010111 0.505496828753
0 10101010110 0.494503171247

10101010110
1 101101 0.760218579235
0 01010101100 0.239781420765

01010101100
1 10101011001 1.0
0 10101011000 0.0

10101011001
1 01010110011 0.0
0 01010110010 1.0

10101010111
1 1111 0.510886298658
0 01010101110 0.489113701342

01010101110
1 10101011101 0.754844524561
0 10101011100 0.245155475439

10101011100
1 01010111001 1.0
0 01010111000 0.0

01010111001
1 10101110011 0.0
0 10101110010 1.0

10101110010
1 01011100101 0.377930381246
0 01011100100 0.622069618754

01011100101
1 10111001011 0.39670468948
0 10111001010 0.60329531052

10111001010
1 01110010101 0.469434989789
0 01110010100 0.530565010211

01110010101
1 11100101011 0.350824210394
0 11100101010 0.649175789606

11100101010
1 11001010101 0.396245733788
0 11001010100 0.603754266212

11100101011
1 11001010111 0.509597131407
0 11001010110 0.490402868593

11001010110
1 101101 0.752967525196
0 10010101100 0.247032474804

11001010111
1 1111 0.507569011576
0 10010101110 0.492430988424

10010101110
1 00101011101 0.758605568954
0 00101011100 0.241394431046

00101011100
1 01010111001 1.0
0 01010111000 0.0

00101011101
1 01010111011 0.3475880438
0 01010111010 0.6524119562

01010111010
1 10101110101 0.404344779257
0 10101110100 0.595655220743

10101110100
1 01011101001 0.498357718722
0 01011101000 0.501642281278

10101110101
1 01011101011 0.346200060078
0 01011101010 0.653799939922

01011101011
1 10111010111 0.500329453108
0 10111010110 0.499670546892

10111010110
1 101101 0.747908659281
0 01110101100 0.252091340719

01110101100
1 11101011001 1.0
0 11101011000 0.0

11101011001
1 11010110011 0.0
0 11010110010 1.0

11010110010
1 10101100101 0.37412045319
0 10101100100 0.62587954681

10111010111
1 1111 0.512957998213
0 01110101110 0.487042001787

01110101110
1 11101011101 0.753444642568
0 11101011100 0.246555357432

11101011100
1 11010111001 1.0
0 11010111000 0.0

11010111001
1 10101110011 0.0
0 10101110010 1.0

11101011101
1 11010111011 0.348607490739
0 11010111010 0.651392509261

11010111010
1 10101110101 0.39248434238
0 10101110100 0.60751565762

11010111011
1 110111 0.495620101429
0 10101110110 0.504379898571

10101110110
1 101101 0.750328515112
0 01011101100 0.249671484888

01011101100
1 10111011001 1.0
0 10111011000 0.0

10111011001
1 01110110011 0.0
0 01110110010 1.0

01010111011
1 110111 0.493071839693
0 10101110110 0.506928160307

10111001011
1 01110010111 0.495119418484
0 01110010110 0.504880581516

01110010110
1 101101 0.748044387848
0 11100101100 0.251955612152

11100101100
1 11001011001 1.0
0 11001011000 0.0

01110010111
1 1111 0.501258087707
0 11100101110 0.498741912293

11100101110
1 11001011101 0.753852832646
0 11001011100 0.246147167354

11001011101
1 10010111011 0.349908480781
0 10010111010 0.650091519219

10010111011
1 110111 0.506553911205
0 00101110110 0.493446088795

00101110110
1 101101 0.74736595645
0 01011101100 0.25263404355

10101011101
1 01010111011 0.360585065435
0 01010111010 0.639414934565

11010101011
1 10101010111 0.490892531876
0 10101010110 0.509107468124

01110101011
1 11101010111 0.501474442988
0 11101010110 0.498525557012

11101010110
1 101101 0.746536267319
0 11010101100 0.253463732681

11010101100
1 10101011001 1.0
0 10101011000 0.0

11101010111
1 1111 0.511537676128
0 11010101110 0.488462323872

11010101110
1 10101011101 0.754196642686
0 10101011100 0.245803357314

01011101011
1 10111010111 0.500329453108
0 10111010110 0.499670546892

10010111011
1 110111 0.506553911205
0 00101110110 0.493446088795

01101010011
1 11010100111 0.48664471277
0 11010100110 0.51335528723

10011010101
1 00110101011 0.350914391731
0 00110101010 0.649085608269

00110101010
1 01101010101 0.404246631278
0 01101010100 0.595753368722

01101010100
1 11010101001 0.498654018716
0 11010101000 0.501345981284

01101010101
1 11010101011 0.352752033289
0 11010101010 0.647247966711

00110101011
1 01101010111 0.520770392749
0 01101010110 0.479229607251

01101010110
1 101101 0.758946464357
0 11010101100 0.241053535643

01101010111
1 1111 0.509787703336
0 11010101110 0.490212296664

01001101011
1 10011010111 0.497505136484
0 10011010110 0.502494863516

10011010110
1 101101 0.753115264798
0 00110101100 0.246884735202

00110101100
1 01101011001 1.0
0 01101011000 0.0

01101011001
1 11010110011 0.0
0 11010110010 1.0

10011010111
1 1111 0.504228121927
0 00110101110 0.495771878073

00110101110
1 01101011101 0.749305831019
0 01101011100 0.250694168981

01101011100
1 11010111001 1.0
0 11010111000 0.0

01101011101
1 11010111011 0.346109399076
0 11010111010 0.653890600924

11010011011
1 110111 0.501156127476
0 10100110110 0.498843872524

01110100111
1 1111 0.513577934792
0 11101001110 0.486422065208

11101001110
1 11010011101 0.752198492462
0 11010011100 0.247801507538

11010011100
1 10100111001 1.0
0 10100111000 0.0

11010011101
1 10100111011 0.355144544607
0 10100111010 0.644855455393

10100111011
1 110111 0.50893388922
0 01001110110 0.49106611078

01001110110
1 101101 0.754513406687
0 10011101100 0.245486593313

10011101100
1 00111011001 1.0
0 00111011000 0.0

00101110101
1 01011101011 0.356259904913
0 01011101010 0.643740095087

00010111011
1 110111 0.516112915314
0 00101110110 0.483887084686

11010100011
1 10101000111 1.0
0 10101000110 0.0

01110101001
1 11101010011 0.524794972024
0 11101010010 0.475205027976

00111010101
1 01110101011 0.344138980926
0 01110101010 0.655861019074

10011101011
1 00111010111 0.50110864745
0 00111010110 0.49889135255

00111010110
1 101101 0.750715990453
0 01110101100 0.249284009547

00111010111
1 1111 0.509166974283
0 01110101110 0.490833025717

10100111011
1 110111 0.50893388922
0 01001110110 0.49106611078

00101010101
1 01010101011 0.354228707564
0 01010101010 0.645771292436

10010101011
1 00101010111 0.486093281985
0 00101010110 0.513906718015

00101010110
1 101101 0.748960385205
0 01010101100 0.251039614795

00101010111
1 1111 0.497617426821
0 01010101110 0.502382573179

01100101011
1 11001010111 0.492409867173
0 11001010110 0.507590132827

01011001011
1 10110010111 0.504682622268
0 10110010110 0.495317377732

01001010111
1 1111 0.510625
0 10010101110 0.489375

10101001011
1 01010010111 0.50209292591
0 01010010110 0.49790707409

00101010011
1 01010100111 0.488925427991
0 01010100110 0.511074572009

01001010101
1 10010101011 0.350910693302
0 10010101010 0.649089306698

10100101011
1 01001010111 0.493726349333
0 01001010110 0.506273650667

11101001011
1 11010010111 0.504382042568
0 11010010110 0.495617957432

11010010110
1 101101 0.746393972013
0 10100101100 0.253606027987

11010010111
1 1111 0.511899702507
0 10100101110 0.488100297493

00111010011
1 01110100111 0.251690009337
0 01110100110 0.748309990663

01001110101
1 10011101011 0.354610436026
0 10011101010 0.645389563974

00100111011
1 110111 0.534486395275
0 01001110110 0.465513604725

00110100101
1 01101001011 0.309816662799
0 01101001010 0.690183337201

01101001010
1 11010010101 0.339469808542
0 11010010100 0.660530191458

01101001011
1 11010010111 0.501595744681
0 11010010110 0.498404255319

10011010011
1 00110100111 0.491861166136
0 00110100110 0.508138833864

00110100110
1 01101001101 0.752203389831
0 001100 0.247796610169

01101001101
1 11010011011 0.356715425532
0 11010011010 0.643284574468

00110100111
1 1111 0.510943792681
0 01101001110 0.489056207319

01101001110
1 11010011101 0.756522896699
0 11010011100 0.243477103301

10100110101
1 01001101011 0.355210845337
0 01001101010 0.644789154663

01010011011
1 110111 0.495414402174
0 10100110110 0.504585597826

10010100111
1 1111 0.51572980633
0 00101001110 0.48427019367

00101001110
1 01010011101 0.7548724309
0 01010011100 0.2451275691

01010010101
1 10100101011 0.358836503998
0 10100101010 0.641163496002

00101001011
1 01010010111 0.497167415511
0 01010010110 0.502832584489

01001010011
1 10010100111 0.493289628301
0 10010100110 0.506710371699

10010010101
1 00100101011 0.359181400529
0 00100101010 0.640818599471

00100101010
1 01001010101 0.390712074303
0 01001010100 0.609287925697

00100101011
1 01001010111 0.506547359232
0 01001010110 0.493452640768

01001001011
1 10010010111 0.503741152679
0 10010010110 0.496258847321

10010010110
1 101101 0.751023751024
0 00100101100 0.248976248976

00100101100
1 01001011001 1.0
0 01001011000 0.0

10010010111
1 1111 0.502264306299
0 00100101110 0.497735693701

00100101110
1 01001011101 0.7454886337
0 01001011100 0.2545113663

01010010011
1 10100100111 0.48301476583
0 10100100110 0.51698523417

10010100101
1 00101001011 0.313917841815
0 00101001010 0.686082158185

11001010011
1 10010100111 0.497805762259
0 10010100110 0.502194237741

10110010101
1 01100101011 0.360319767442
0 01100101010 0.639680232558

11011001011
1 10110010111 0.50461399955
0 10110010110 0.49538600045

11100101001
1 11001010011 0.376
0 11001010010 0.624

01110010101
1 11100101011 0.350824210394
0 11100101010 0.649175789606

00111001011
1 01110010111 0.509125840538
0 01110010110 0.490874159462

00010011101
1 00100111011 0.355109351433
0 00100111010 0.644890648567

10101000101
1 01010001011 0.294375049726
0 01010001010 0.705624950274

01010100011
1 10101000111 1.0
0 10101000110 0.0

00010101001
1 00101010011 0.523690229822
0 00101010010 0.476309770178

10001010101
1 00010101011 0.344683919558
0 00010101010 0.655316080442

00010101010
1 00101010101 0.392223988263
0 00101010100 0.607776011737

00010101011
1 00101010111 0.496280799628
0 00101010110 0.503719200372

01000101011
1 10001010111 0.498796529527
0 10001010110 0.501203470473

10001010110
1 101101 0.742238105874
0 00010101100 0.257761894126

00010101100
1 00101011001 1.0
0 00101011000 0.0

10001010111
1 1111 0.512063741443
0 00010101110 0.487936258557

00010101110
1 00101011101 0.758509659614
0 00101011100 0.241490340386

11010001011
1 10100010111 0.517465990316
0 10100010110 0.482534009684

00110100011
1 01101000111 1.0
0 01101000110 0.0

01101000111
1 1111 0.0
0 11010001110 1.0

01001101001
1 10011010011 0.531104199067
0 10011010010 0.468895800933

00100110101
1 01001101011 0.350216545548
0 01001101010 0.649783454452

10010011011
1 110111 0.506485374363
0 00100110110 0.493514625637

00100100111
1 1111 0.503471142887
0 01001001110 0.496528857113

00100100101
1 01001001011 0.328135502084
0 01001001010 0.671864497916

10010010011
1 00100100111 0.488442931374
0 00100100110 0.511557068626

01100100101
1 11001001011 0.327105449398
0 11001001010 0.672894550602

11001001010
1 10010010101 0.344611160145
0 10010010100 0.655388839855

11001001011
1 10010010111 0.493433395872
0 10010010110 0.506566604128

10110010011
1 01100100111 0.490192344315
0 01100100110 0.509807655685

00101100101
1 01011001011 0.389703375384
0 01011001010 0.610296624616

00100010111
1 1111 0.504189944134
0 01000101110 0.495810055866

10100100011
1 01001000111 1.0
0 01001000110 0.0

00101001001
1 01010010011 0.52203295686
0 01010010010 0.47796704314

00010100101
1 00101001011 0.299578553032
0 00101001010 0.700421446968

10001010011
1 00010100111 0.493121902874
0 00010100110 0.506878097126

00010100110
1 00101001101 0.742061629908
0 001100 0.257938370092

00010100111
1 1111 0.504622558083
0 00101001110 0.495377441917

10100010101
1 01000101011 0.365491651206
0 01000101010 0.634508348794

01010001011
1 10100010111 0.514312558722
0 10100010110 0.485687441278

10010100011
1 00101000111 1.0
0 00101000110 0.0

00100101001
1 01001010011 0.615850663173
0 01001010010 0.384149336827

00010010101
1 00100101011 0.365728900256
0 00100101010 0.634271099744

10001001011
1 00010010111 0.508435056919
0 00010010110 0.491564943081

00010010110
1 101101 0.751116071429
0 00100101100 0.248883928571

00010010111
1 1111 0.501213919612
0 00100101110 0.498786080388

10100010011
1 01000100111 0.490836770772
0 01000100110 0.509163229228

11101000101
1 11010001011 0.304003010996
0 11010001010 0.695996989004

01110100011
1 11101000111 1.0
0 11101000110 0.0

00011101001
1 00111010011 0.627209267786
0 00111010010 0.372790732214

10001110101
1 00011101011 0.387631773316
0 00011101010 0.612368226684

00011101010
1 00111010101 0.420614035088
0 00111010100 0.579385964912

00011101011
1 00111010111 0.488567469253
0 00111010110 0.511432530747

01000111011
1 110111 0.528921231807
0 10001110110 0.471078768193

11001001001
1 10010010011 0.539767736899
0 10010010010 0.460232263101

11100100101
1 11001001011 0.313532601841
0 11001001010 0.686467398159

01110010011
1 11100100111 0.492169488831
0 11100100110 0.507830511169

11100100110
1 11001001101 0.740616246499
0 001100 0.259383753501

11100100111
1 1111 0.510724637681
0 11001001110 0.489275362319

00011100101
1 00111001011 0.396124628427
0 00111001010 0.603875371573

00100011101
1 01000111011 0.21196888803
0 01000111010 0.78803111197

01010001001
1 10100010011 0.506606056642
0 10100010010 0.493393943358

00101000101
1 01010001011 0.296808400042
0 01010001010 0.703191599958

00010100011
1 00101000111 1.0
0 00101000110 0.0

01000101001
1 10001010011 0.565671742202
0 10001010010 0.434328257798

00100010101
1 01000101011 0.36950562435
0 01000101010 0.630447112203

10010001011
1 00100010111 0.516650438169
0 00100010110 0.483349561831

11100100011
1 11001000111 1.0
0 11001000110 0.0

11001000111
1 1111 0.0
0 10010001110 1.0

10111001001
1 01110010011 0.526828788028
0 01110010010 0.473171211972

01011100101
1 10111001011 0.39670468948
0 10111001010 0.60329531052

11001011101
1 10010111011 0.349908480781
0 10010111010 0.650091519219

00110010110
1 101101 0.744179278231
0 01100101100 0.255820721769

0011001010
0 00110010100 0.524280911468
1 00110010101 0.475719088532

00110010101
1 01100101011 0.340989399293
0 01100101010 0.659010600707

00110010100
1 01100101001 0.496259351621
0 01100101000 0.503740648379

001100100
0 0011001000 0.479324131088
1 0011001001 0.520675868912

0011001001
0 00110010010 0.402701490864
1 00110010011 0.597298509136

00110010011
1 01100100111 0.543211035
0 01100100110 0.456788965

00110010010
1 01100100101 0.432150313152
0 01100100100 0.567849686848

0011001000
0 00110010000 0.0
1 00110010001 1.0

00110010001
1 01100100011 0.302100456621
0 01100100010 0.697899543379

01100100011
1 11001000111 1.0
0 11001000110 0.0

10001001101
1 00010011011 0.360643910358
0 00010011010 0.639356089642

00010011010
1 00100110101 0.402567176811
0 00100110100 0.597432823189

00010011011
1 110111 0.501250312578
0 00100110110 0.498749687422

01000100111
1 1111 0.507503743167
0 10001001110 0.492496256833

01001000101
1 10010001011 0.297632684231
0 10010001010 0.702367315769

00100100011
1 01001000111 1.0
0 01001000110 0.0

10001001001
1 00010010011 0.533038550165
0 00010010010 0.466961449835

00010010010
1 00100100101 0.432648706322
0 00100100100 0.567351293678

00010010011
1 00100100111 0.490594695642
0 00100100110 0.509405304358

01000100101
1 10001001011 0.314077711726
0 10001001010 0.685922288274

00100010011
1 01000100111 0.492224807151
0 01000100110 0.507775192849

10001000101
1 00010001011 0.301420612813
0 00010001010 0.698579387187

00010001010
1 00100010101 0.346505044061
0 00100010100 0.653494955939

00010001011
1 00100010111 0.521670825247
0 00100010110 0.478329174753

01000100011
1 10001000111 1.0
0 10001000110 0.0

10010001001
1 00100010011 0.50691292876
0 00100010010 0.49308707124

11001000101
1 10010001011 0.298057339809
0 10010001010 0.701942660191

01100100011
1 11001000111 1.0
0 11001000110 0.0

11011001001
1 10110010011 0.520780590717
0 10110010010 0.479219409283

11101100101
1 11011001011 0.389964379743
0 11011001010 0.610035620257

1111010
0 11110100 0.601296883931
1 11110101 0.398703116069

11110101
0 111101010 0.648697414603
1 111101011 0.351302585397

111101011
0 1111010110 0.496798705411
1 1111010111 0.503201294589

1111010111
0 11110101110 0.493708053691
1 1111 0.506291946309

11110101110
1 11101011101 0.747946757293
0 11101011100 0.252053242707

1111010110
0 11110101100 0.250672709248
1 101101 0.749327290752

11110101100
1 11101011001 1.0
0 11101011000 0.0

111101010
0 1111010100 0.599390360069
1 1111010101 0.400609639931

1111010101
0 11110101010 0.647993151988
1 11110101011 0.352006848012

11110101011
1 11101010111 0.496082139962
0 11101010110 0.503917860038

11110101010
1 11101010101 0.39894319683
0 11101010100 0.60105680317

1111010100
0 11110101000 0.498188290636
1 11110101001 0.501811709364

11110101001
1 11101010011 0.537496833038
0 11101010010 0.462503166962

11110101000
1 11101010001 1.0
0 11101010000 0.0

11110100
0 111101000 0.500180280582
1 111101001 0.499819719418

111101001
0 1111010010 0.469783913172
1 1111010011 0.530216086828

1111010011
0 11110100110 0.504143475572
1 11110100111 0.495856524428

11110100111
1 1111 0.521327014218
0 11101001110 0.478672985782

11110100110
1 11101001101 0.743253189401
0 001100 0.256746810599

1111010010
0 11110100100 0.569833182104
1 11110100101 0.430166817896

11110100101
1 11101001011 0.322894694142
0 11101001010 0.677105305858

11110100100
1 11101001001 0.499020088192
0 11101001000 0.500979911808

111101000
0 1111010000 0.0
1 1111010001 1.0

1111010001
0 11110100010 0.698646744651
1 11110100011 0.301353255349

11110100011
1 11101000111 1.0
0 11101000110 0.0

11110100010
1 11101000101 0.480208235625
0 11101000100 0.519791764375

111100
0 1111000 0.0
1 1111001 1.0

1111001
0 11110010 1.0
1 11110011 0.0

11110010
0 111100100 0.622627182992
1 111100101 0.377372817008

111100101
0 1111001010 0.609348398081
1 1111001011 0.390651601919

1111001011
0 11110010110 0.501452720549
1 11110010111 0.498547279451

11110010111
1 1111 0.514701986755
0 11100101110 0.485298013245

11110010110
1 101101 0.758230181722
0 11100101100 0.241769818278

1111001010
0 11110010100 0.527220387774
1 11110010101 0.472779612226

11110010101
1 11100101011 0.349749283668
0 11100101010 0.650250716332

11110010100
1 11100101001 0.491729564798
0 11100101000 0.508270435202

111100100
0 1111001000 0.496654158849
1 1111001001 0.503345841151

1111001001
0 11110010010 0.473131639436
1 11110010011 0.526868360564

11110010011
1 11100100111 0.490390284165
0 11100100110 0.509609715835

11110010010
1 11100100101 0.426864495798
0 11100100100 0.573135504202

1111001000
0 11110010000 0.0
1 11110010001 1.0

11110010001
1 11100100011 0.303846880312
0 11100100010 0.696153119688

1101110
0 11011100 0.24784875521
1 11011101 0.75215124479

11011101
0 110111010 0.645618692455
1 110111011 0.354381307545

110111011
0 1101110110 0.496730083234
1 110111 0.503269916766

1101110110
0 11011101100 0.245601436266
1 101101 0.754398563734

11011101100
1 10111011001 1.0
0 10111011000 0.0

110111010
0 1101110100 0.60092027543
1 1101110101 0.39907972457

1101110101
0 11011101010 0.644615258811
1 11011101011 0.355384741189

11011101011
1 10111010111 0.505752416015
0 10111010110 0.494247583985

11011101010
1 10111010101 0.403780286693
0 10111010100 0.596219713307

1101110100
0 11011101000 0.50146627566
1 11011101001 0.49853372434

11011101001
1 10111010011 0.535185185185
0 10111010010 0.464814814815

11011101000
1 10111010001 1.0
0 10111010000 0.0

11011100
0 110111000 0.0
1 110111001 1.0

110111001
0 1101110010 1.0
1 1101110011 0.0

1101110010
0 11011100100 0.626086956522
1 11011100101 0.373913043478

11011100101
1 10111001011 0.395177838577
0 10111001010 0.604822161423

11011100100
1 10111001001 0.498161764706
0 10111001000 0.501838235294

10110110
0 101101100 0.246632154833
1 101101 0.753367845167

101101100
0 1011011000 0.0
1 1011011001 1.0

1011011001
0 10110110010 1.0
1 10110110011 0.0

10110110010
1 01101100101 0.37901013715
0 01101100100 0.62098986285

1011010
0 10110100 0.601748044845
1 10110101 0.398251955155

10110101
0 101101010 0.646085577174
1 101101011 0.353914422826

101101011
0 1011010110 0.495631453535
1 1011010111 0.504368546465

1011010111
0 10110101110 0.499662542182
1 1111 0.500337457818

10110101110
1 01101011101 0.743583971184
0 01101011100 0.256416028816

1011010110
0 10110101100 0.245306776557
1 101101 0.754693223443

10110101100
1 01101011001 1.0
0 01101011000 0.0

101101010
0 1011010100 0.606489107126
1 1011010101 0.393510892874

1011010101
0 10110101010 0.64681724846
1 10110101011 0.35318275154

10110101011
1 01101010111 0.502683363148
0 01101010110 0.497316636852

10110101010
1 01101010101 0.403785103785
0 01101010100 0.596214896215

1011010100
0 10110101000 0.49807840123
1 10110101001 0.50192159877

10110101001
1 01101010011 0.533537519142
0 01101010010 0.466462480858

10110101000
1 01101010001 1.0
0 01101010000 0.0

10110100
0 101101000 0.496644562863
1 101101001 0.503355437137

101101001
0 1011010010 0.468583346534
1 1011010011 0.531416653466

1011010011
0 10110100110 0.50782453177
1 10110100111 0.49217546823

10110100111
1 1111 0.52367013223
0 01101001110 0.47632986777

10110100110
1 01101001101 0.74290745451
0 001100 0.25709254549

1011010010
0 10110100100 0.571863203561
1 10110100101 0.428136796439

10110100101
1 01101001011 0.319120936965
0 01101001010 0.680879063035

10110100100
1 01101001001 0.494581280788
0 01101001000 0.505418719212

101101000
0 1011010000 0.0
1 1011010001 1.0

1011010001
0 10110100010 0.701656275921
1 10110100011 0.298343724079

10110100011
1 01101000111 1.0
0 01101000110 0.0

10110100010
1 01101000101 0.484345803302
0 01101000100 0.515654196698

110111
0 1101110 0.496319076308
1 1111 0.503680923692

001100
0 0011000 0.0
1 0011001 1.0

1111
0 11110 0.49535448947
1 1111 0.50464551053

