1111
1 1111 0.50464551053
0 11110 0.49535448947

11110
1 111101 0.753169301744
0 111100 0.246830698256

111101
1 1111 0.352542956861
0 1111010 0.647457043139

111100
1 1111001 1.0

1111010
1 111101 0.398703116069
0 1111 0.601296883931

1111001
0 111101 1.0

111010001
1 111100 0.277226617191
0 111001010 0.722773382809

111001010
1 111101 0.472599629772
0 1111 0.527400370228

110100110
1 111101 0.553244290211
0 111100 0.446755709789

110100101
1 1111 0.319473864025
0 111101 0.680526135975

010001110
1 100011101 0.85777936096
0 111100 0.14222063904

001010010
1 110100101 0.436431596006
0 1111 0.563568403994

100011101
1 1111 0.211052957694
0 000111010 0.788947042306

000111010
1 111101 0.248863712319
0 1111010 0.751136287681

