00010
0 10100 0.526026620139
1 1101 0.473973379861

1111
0 11110 0.49535448947
1 1111 0.50464551053

11
0 11110 0.500572024839
1 111 0.499427975161

10100
0 01000 0.517063817879
1 01001 0.482936182121

11110
0 11100 0.246830698256
1 1101 0.753169301744

1101
0 11010 0.673761257155
1 1111 0.326238742845

11100
1 11001 1.0

01000
1 10001 1.0

00011
1 00111 1.0

11010
0 10100 0.636271571009
1 10101 0.363728428991

10101
0 11010 0.64320205066
1 1111 0.356795380877

11001
0 10010 1.0

10010
0 10100 0.602268689354
1 1101 0.397731310646

111
0 1110 0.58324272307
1 1111 0.41675727693

01001
0 10010 0.462755850962
1 10011 0.537244149038

10011
0 00110 0.527841172058
1 11 0.472158827942

10001
0 00010 0.703451259325
1 00011 0.296548740675

00110
0 11100 0.314186369958
1 1101 0.685813630042

00111
0 1110 0.768141287748
1 1111 0.231858712252

1110
0 11100 0.215403378483
1 1101 0.784596621517

