1111
1 1111 0.50464551053
0 11110 0.49535448947

1111011
1 11110111 0.505004253163
0 11110110 0.494995746837

11110111
1 1111 0.505071139304
0 111101110 0.494928860696

110010011
1 110100111 0.50420426822
0 11110110 0.49579573178

110100111
1 1111 0.517734505271
0 101001110 0.482265494729

111100100
1 111001001 0.503345841151
0 111001000 0.496654158849

110110100
1 101101001 0.504311059526
0 111101000 0.495688940474

110010100
1 100101001 0.49012731035
0 111001000 0.50987268965

11110100
1 111101001 0.499819719418
0 111101000 0.500180280582

111001001
1 110010011 0.53007802668
0 111010010 0.46992197332

101101001
1 011010011 0.531416653466
0 111010010 0.468583346534

011010011
1 110100111 0.492060491493
0 110100110 0.507939508507

100101001
1 110010011 0.531265508685
0 001010010 0.468734491315

111101001
1 111010011 0.530216086828
0 111010010 0.469783913172

100100010
1 101000101 0.483785578659
0 111100100 0.516214421341

101100100
1 011001001 0.501959109861
0 111001000 0.498040890139

100010100
1 000101001 0.491865300405
0 111001000 0.508134699595

101110100
1 011101001 0.502004034265
0 111101000 0.497995965735

11110110
1 111101101 0.747166361974
0 111101100 0.252833638026

11110
1 111101 0.753169301744
0 111100 0.246830698256

111101110
1 111011101 0.752425778421
0 111100 0.247574221579

101001110
1 010011101 0.752627281587
0 111100 0.247372718413

11110101
1 1111011 0.351302585397
0 111101010 0.648697414603

111101101
1 1111011 0.356643014436
0 111011010 0.643356985564

111101
1 1111011 0.352542956861
0 1111010 0.647457043139

111011101
1 1111011 0.356797995061
0 110111010 0.643202004939

010011101
1 1111011 0.356367082149
0 100111010 0.643632917851

111010011
1 110100111 0.371473678275
0 110100110 0.628526321725

101001010
1 11110101 0.338274964788
0 110010100 0.661725035212

010001010
1 11110101 0.349204640078
0 100010100 0.650795359922

11110010
1 111100101 0.377372817008
0 111100100 0.622627182992

110110010
1 111100101 0.378301330362
0 101100100 0.621698669638

111100
1 1111001 1.0

111101100
1 111011001 1.0

110100011
1 101000111 1.0

111001000
1 110010001 1.0

111101000
1 111010001 1.0

111100101
1 1111011 0.390651601919
0 111001010 0.609348398081

111101010
1 11110101 0.400609639931
0 111100100 0.599390360069

111011010
1 11110101 0.398833263885
0 110110100 0.601166736115

1111010
1 11110101 0.398703116069
0 11110100 0.601296883931

110111010
1 11110101 0.39907972457
0 101110100 0.60092027543

100111010
1 11110101 0.396092865232
0 001110100 0.603907134768

001110100
1 011101001 0.398626294591
0 111101000 0.601373705409

111010010
1 110100101 0.425612237394
0 111100100 0.574387762606

1111001
0 11110010 1.0

111011001
0 110110010 1.0

101000111
0 010001110 1.0

101000101
1 1111011 0.299510002248
0 010001010 0.700489997752

110010001
1 110100011 0.303129323407
0 100100010 0.696870676593

111010001
1 110100011 0.277226617191
0 110100010 0.722773382809

111001010
1 11110101 0.472599629772
0 110010100 0.527400370228

110100010
1 101000101 0.456190415458
0 111100100 0.543809584542

011001001
1 110010011 0.559362360219
0 111010010 0.440637639781

000101001
1 110010011 0.565671742202
0 001010010 0.434328257798

110100110
1 111101101 0.553244290211
0 111101100 0.446755709789

011101001
1 111010011 0.583232288238
0 111010010 0.416767711762

110100101
1 1111011 0.319473864025
0 101001010 0.680526135975

010001110
1 100011101 0.85777936096
0 111100 0.14222063904

001010010
1 110100101 0.436431596006
0 111100100 0.563568403994

100011101
1 1111011 0.211052957694
0 000111010 0.788947042306

000111010
1 11110101 0.248863712319
0 001110100 0.751136287681

