1111
1 1111 0.323857302118
0 1111 0.676142697882

111100
1 1111 0.265993661228
0 111100 0.734006338772

1111111
1 1111 0.357142857143
0 1111 0.642857142857

11110000
1 111100 0.220517132647
0 111100000 0.779482867353

111100000
1 11110000 0.178532901834
0 1111000000 0.821467098166

1111111101
1 111100 0.466666666667
0 1111 0.533333333333

1111101011
1 1111111 0.431034482759
0 1111 0.568965517241

1111000000
1 111100000 0.144451739987
0 11111111001 0.855548260013

11111111101
1 111100 0.545454545455
0 111100 0.454545454545

11111111001
1 e 0.121212121212
0 11110000 0.878787878788

11111011111
0 111100 1.0

11111011011
1 1111101011 0.08
0 11110000 0.92

11110111111
1 e 0.5
0 11101111110 0.5

e
1 111100000 0.023219
0 e 0.976781

11101111110
1 1111111101 0.4
0 1111000000 0.6

11101111011
1 1111 0.6
0 111100 0.4

1101001101
1 1111 0.294930875576
0 111100 0.705069124424

10000100000
1 111100000 0.101345165152
0 11111011011 0.898654834848

10000000000
1 1111000000 0.0504352826917
0 e 0.949564717308

000
1 1111000000 0.0141647637072
0 000 0.985835215067

000000000
1 11111111001 0.00821580926717
0 000000000 0.991784168048

