00000000000
1 01100000001 0.0100313361468
0 00000000000 0.989968551003

00011000000
1 00110000001 0.009821645098
0 00110000000 0.990178354902

00000001100
1 00000011001 0.00960446370483
0 00000011000 0.990395536295

00000110000
1 00001100001 0.00938547732486
0 00001100000 0.990614522675

00001100000
1 00011000001 0.0100557920039
0 00011000000 0.989944207996

00110000000
1 01100000001 0.0104396331246
0 01100000000 0.989560366875

00000000011
1 00000000111 0.0102332248994
0 00000000110 0.989766775101

00000011000
1 00000110001 0.0103515560406
0 00000110000 0.989648443959

01101100000
1 11011000001 0.0062630480167
0 00011000000 0.993736951983

01100000110
1 11000001101 0.00652173913043
0 00000001100 0.99347826087

01111000000
1 11110000001 0.0139037433155
0 00110000000 0.986096256684

01100001100
1 11000011001 0.00795454545455
0 00000011000 0.992045454545

01100000011
1 11000000111 0.00874316939891
0 00000000110 0.991256830601

00110110000
1 01101100001 0.0104166666667
0 01101100000 0.989583333333

00111100000
1 01111000001 0.00959488272921
0 01111000000 0.990405117271

00110000110
1 01100001101 0.00572082379863
0 01100001100 0.994279176201

00011110000
1 00111100001 0.0116525423729
0 00111100000 0.988347457627

00011011000
1 00110110001 0.0114702815433
0 00110110000 0.988529718457

00000111100
1 00001111001 0.012671594509
0 00001111000 0.987328405491

00000011110
1 00000111101 0.00850159404888
0 00000111100 0.991498405951

00000110110
1 00001101101 0.00927835051546
0 00001101100 0.990721649485

00001111000
1 01111110001 0.0126984126984
0 00011110000 0.987301587302

00000110011
1 00001100111 0.0066889632107
0 00001100110 0.993311036789

00000001111
1 00000011111 0.00744680851064
0 00000011110 0.992553191489

00001101100
1 00011011001 0.0113871635611
0 00011011000 0.988612836439

00001100110
1 00011001101 0.0122494432071
0 00011001100 0.987750556793

00110011000
1 01100110001 0.00892857142857
0 01100110000 0.991071428571

00011001100
1 00110011001 0.0111482720178
0 00110011000 0.988851727982

00110001100
1 01100011001 0.0104384133612
0 01100011000 0.989561586639

01100000000
1 11000000001 0.0101984564498
0 00000000000 0.98980154355

00000000110
1 00000001101 0.0104863875442
0 00000001100 0.989513612456

01100110000
1 11001100001 0.0122494432071
0 00001100000 0.987750556793

00011000011
1 00110000111 0.0114416475973
0 00110000110 0.988558352403

00110000011
1 01100000111 0.016146393972
0 01100000110 0.983853606028

00001100011
1 00011000111 0.0114822546973
0 00011000110 0.988517745303

01100011000
1 11000110001 0.00729927007299
0 11000110000 0.992700729927

01100000001
1 00000000011 1.0

00110000001
1 01100000011 1.0

00000011001
1 00000110011 1.0

00000000111
1 00000001111 1.0

00001100001
1 00011000011 1.0

00011000001
1 00110000011 1.0

00000110001
1 00001100011 1.0

11011000001
1 10110000011 1.0

11000000111
1 10000001111 1.0

11000001101
1 10000011011 1.0

11000011001
1 10000110011 1.0

11110000001
1 11100000011 1.0

01111000001
1 11110000011 1.0

01101100001
1 11011000011 1.0

01100001101
1 11000011011 1.0

01100011001
1 11000110011 1.0

01100110001
1 11001100011 1.0

00111100001
1 01111000011 1.0

00110110001
1 01101100011 1.0

00011001101
1 00110011011 1.0

00011000111
1 00110001111 1.0

00001111001
1 00011110011 1.0

00000111101
1 00001111011 1.0

00000110111
1 00001101111 1.0

00001101101
1 00011011011 1.0

01111110001
1 00111100011 1.0

00001100111
1 00011001111 1.0

00000011111
1 00000111111 1.0

00011011001
1 00110110011 1.0

11000110001
1 10001100011 1.0

00110011001
1 01100110011 1.0

11000000001
1 10000000011 1.0

00000001101
1 00000011011 1.0

00110001101
1 01100011011 1.0

11001100001
1 10011000011 1.0

00110000111
1 01100001111 1.0

01100000111
1 11000001111 1.0

11101100000
0 00011000000 1.0

11100000110
0 00000001100 1.0

11100110000
0 00001100000 1.0

11111000000
0 00110000000 1.0

11100001100
0 00000011000 1.0

10110000011
0 01100000110 1.0

10111100000
0 01111000000 1.0

10110000110
0 01100001100 1.0

10011011000
0 00110110000 1.0

10001111000
0 00011110000 1.0

10001101100
0 00011011000 1.0

10000011110
0 00000111100 1.0

10000001111
0 00000011110 1.0

10000011011
0 00000110110 1.0

10000111100
0 00001111000 1.0

10000110110
0 00001101100 1.0

10000110011
0 00001100110 1.0

10011001100
0 00110011000 1.0

10001100110
0 00011001100 1.0

10011000110
0 00110001100 1.0

11100000011
0 00000000110 1.0

10110001100
0 01100011000 1.0

11110110000
0 11101100000 1.0

11110000011
0 11100000110 1.0

11110011000
0 11100110000 1.0

11111100000
0 11111000000 1.0

11110000110
0 11100001100 1.0

11011110000
0 10111100000 1.0

11011000011
0 10110000110 1.0

11001101100
0 10011011000 1.0

11000111100
0 10001111000 1.0

11000110110
0 10001101100 1.0

11000011110
0 10000111100 1.0

11000011011
0 10000110110 1.0

11000110011
0 10001100110 1.0

11001100011
0 10011000110 1.0

11011000110
0 10110001100 1.0

01111011000
0 11110110000 1.0

01111001100
0 11110011000 1.0

01111110000
0 11111100000 1.0

01111000011
0 11110000110 1.0

01101111000
0 11011110000 1.0

01100110110
0 11001101100 1.0

01100011110
0 11000111100 1.0

01101100011
0 11011000110 1.0

00111101100
0 01111011000 1.0

00111100110
0 01111001100 1.0

00110111100
0 01101111000 1.0

00110011011
0 01100110110 1.0

00110001111
0 01100011110 1.0

00011110110
0 00111101100 1.0

00011110011
0 00111100110 1.0

00011011110
0 00110111100 1.0

00001111011
0 00011110110 1.0

00001101111
0 00011011110 1.0

00011011011
0 00110110110 1.0

00111100011
0 01111000110 1.0

00011001111
0 00110011110 1.0

00110110110
0 01101101100 1.0

00000111111
0 00001111110 1.0

00110110011
0 01101100110 1.0

01111000110
0 11110001100 1.0

00110011110
0 01100111100 1.0

01101101100
0 11011011000 1.0

00001111110
0 00011111100 1.0

01101100110
0 11011001100 1.0

11110001100
0 11100011000 1.0

01100111100
0 11001111000 1.0

10001100011
0 00011000110 1.0

11011011000
0 10110110000 1.0

01100110011
0 11001100110 1.0

00011111100
0 00111111000 1.0

11011001100
0 10110011000 1.0

11100011000
0 11000110000 1.0

11001111000
0 10011110000 1.0

10000000011
1 00000000111 0.0042735042735
0 00000000110 0.995726495726

00000011011
1 00000110111 0.00515995872033
0 00000110110 0.99484004128

00011000110
1 00110001101 0.00524109014675
0 00110001100 0.994758909853

10110110000
1 01101100001 0.111111111111
0 01101100000 0.888888888889

11001100110
1 00011001101 0.1
0 10011001100 0.9

00111111000
1 01111110001 0.111111111111
0 01111110000 0.888888888889

01100011011
1 00000110111 0.2
0 11000110110 0.8

10110011000
1 01100110001 0.0909090909091
0 01100110000 0.909090909091

10011000011
1 00110000111 0.0909090909091
0 00110000110 0.909090909091

01100001111
1 00000011111 0.0909090909091
0 11000011110 0.909090909091

11000110000
1 00001100001 0.0186528497409
0 00001100000 0.981347150259

11000001111
1 00000011111 0.0666666666667
0 10000011110 0.933333333333

10011110000
1 00111100001 0.166666666667
0 00111100000 0.833333333333

