101101
1 011011 0.35299382764
0 011010 0.64700617236

011010
1 10101 0.39869512621
0 e 0.60130487379

e
1 1 0.5000001
0 0 0.4999999

0
0 00 0.403653480731
1 01 0.596346519269

01
0 010 0.661173438793
1 011 0.338826225831

011
0 0110 0.41809026922
1 0111 0.58190973078

0111
0 01110 0.646043439582
1 1111 0.353956560418

1111
0 11110 0.49535448947
1 1111 0.50464551053

11110
0 111100 0.246830698256
1 111101 0.753169301744

111101
1 1011 0.352542956861
0 010 0.647457043139

010
0 0100 0.598314837566
1 0101 0.401685162434

0101
0 01010 0.659555069523
1 01011 0.34044366769

01011
0 010110 0.495654625237
1 010111 0.504345374763

010111
1 1111 0.505604177392
0 101110 0.494395822608

101110
1 01 0.751592161196
0 011100 0.248407838804

011100
1 111001 1.0
0 0111000 0.0

111001
1 1110011 0.0
0 110010 1.0

110010
1 1 0.366772168875
0 100100 0.633227831125

100100
1 01001 0.502966195101
0 001000 0.497033804899

001000
1 010001 1.0
0 0010000 0.0

010001
1 100011 0.296548740675
0 100010 0.703451259325

100010
1 000101 0.473973379861
0 000100 0.526026620139

000100
1 e 0.516147449985
0 001000 0.483852550015

000101
1 001011 0.299421163005
0 001010 0.700578836995

001010
1 10101 0.371412913145
0 0100 0.628587086855

0100
0 01000 0.505611919192
1 01001 0.494388080808

01001
0 010010 0.462755850962
1 010011 0.537244149038

010011
1 100111 0.472158827942
0 100110 0.527841172058

100110
1 001101 0.685813630042
0 001100 0.314186369958

001100
1 011001 1.0
0 0011000 0.0

011001
1 0110011 0.0
0 110010 1.0

001101
1 011011 0.360628852072
0 011010 0.639371147928

011011
1 10111 0.501424945247
0 110110 0.498575054753

110110
1 101101 0.752680416548
0 101100 0.247319583452

101100
1 011001 1.0
0 1011000 0.0

10111
0 101110 0.495325184712
1 1111 0.504674815288

100111
1 1111 0.509068784857
0 110 0.490931215143

110
0 1100 0.23986502872
1 1101 0.76013497128

1101
0 11010 0.673761257155
1 11011 0.326238742845

11011
0 110110 0.49252206261
1 110111 0.50747793739

110111
1 1111 0.503680923692
0 101110 0.496319076308

11010
0 110100 0.636271571009
1 110101 0.363728428991

110101
1 e 0.358480340064
0 010 0.641519659936

110100
1 101001 0.466983983306
0 101000 0.533016016694

101000
1 010001 1.0
0 1010000 0.0

101001
1 010011 0.546207651874
0 0010 0.453792348126

0010
0 00100 0.567938719919
1 00101 0.432061280081

00101
0 001010 0.675370937572
1 001011 0.324629062428

001011
1 10111 0.509316437486
0 10110 0.490683562514

10110
0 101100 0.247998225833
1 101101 0.752001774167

00100
0 001000 0.491536602282
1 001001 0.508463397718

001001
1 11 0.526780371591
0 010010 0.473219628409

010010
1 00101 0.425532782177
0 e 0.574467217823

11
0 110 0.500572024839
1 111 0.499427975161

111
0 1110 0.58324272307
1 1111 0.41675727693

1110
0 11100 0.215403378483
1 11101 0.784596621517

11101
0 111010 0.693428030057
1 111011 0.306571969943

111011
1 e 0.51214907008
0 10110 0.48785092992

111010
1 110101 0.342130110176
0 110100 0.657869889824

11100
0 111000 0.0
1 111001 1.0

1100
0 11000 0.0
1 11001 1.0

11001
0 110010 1.0
1 110011 0.0

010010
1 00101 0.425532782177
0 e 0.574467217823

01000
0 010000 0.0
1 010001 1.0

10101
0 101010 0.64320205066
1 101011 0.356795380877

101011
1 010111 0.49966885987
0 010110 0.50033114013

010110
1 101101 0.75137509635
0 101100 0.24862490365

101010
1 010101 0.399959268917
0 e 0.600040731083

010101
1 11 0.355218805
0 101010 0.644776223289

001011
1 10111 0.509316437486
0 10110 0.490683562514

100011
1 000111 1.0
0 1000110 0.0

000111
1 1111 0.0
0 001110 1.0

001110
1 011101 0.828050344717
0 011100 0.171949655283

011101
1 111011 0.282913294038
0 111010 0.717086705962

01001
0 010010 0.462755850962
1 010011 0.537244149038

1
0 10 0.596346080731
1 11 0.403653719269

10
0 100 0.476862600952
1 101 0.523137399048

101
0 1010 0.666549134375
1 1011 0.33345022454

1011
0 10110 0.494145739367
1 10111 0.505854260633

1010
0 10100 0.625535721156
1 10101 0.374464278844

10100
0 101000 0.517063817879
1 101001 0.482936182121

100
0 1000 0.419439529185
1 1001 0.580560470815

1001
0 10010 0.620471601543
1 10011 0.379528398457

10011
0 100110 0.527841172058
1 100111 0.472158827942

10010
0 100100 0.602268689354
1 100101 0.397731310646

100101
1 01011 0.349234711409
0 010 0.650765288591

1000
0 10000 0.0
1 10001 1.0

10001
0 100010 0.703451259325
1 100011 0.296548740675

010110
1 101101 0.75137509635
0 101100 0.24862490365

01010
0 010100 0.614900220371
1 010101 0.385099779629

010100
1 01001 0.499288523273
0 101000 0.500711476727

0100
0 01000 0.505611919192
1 01001 0.494388080808

1011
0 10110 0.494145739367
1 10111 0.505854260633

111100
1 111001 1.0
0 1111000 0.0

01110
0 011100 0.198184867577
1 011101 0.801815132423

0110
0 01100 0.273911437717
1 01101 0.726088562283

01101
0 011010 0.644182801098
1 011011 0.355817198902

01100
0 011000 0.0
1 011001 1.0

010
0 0100 0.598314837566
1 0101 0.401685162434

00
0 000 0.295496581969
1 001 0.704503418031

001
0 0010 0.655276550135
1 0011 0.344723449865

0011
0 00110 0.337383761022
1 00111 0.662616238978

00111
0 001110 0.768141287748
1 1111 0.231858712252

00110
0 001100 0.314186369958
1 001101 0.685813630042

000
0 0000 0.0
1 0001 1.0

0001
0 00010 0.703451259325
1 00011 0.296548740675

00011
0 000110 0.0
1 000111 1.0

00010
0 000100 0.526026620139
1 000101 0.473973379861

1
0 10 0.596346080731
1 11 0.403653719269

10101
0 101010 0.64320205066
1 101011 0.356795380877

011011
1 10111 0.501424945247
0 110110 0.498575054753

110111
1 1111 0.503680923692
0 101110 0.496319076308

001100
1 011001 1.0
0 0011000 0.0

1111
0 11110 0.49535448947
1 1111 0.50464551053

