1111
1 11111 0.323857302118
0 11110 0.676142697882

011111
1 111111 0.344736842105
0 11110 0.655263157895

11111
1 111111 0.34595524957
0 111110 0.65404475043

1100111
1 1111 0.342079689018
0 1101110 0.657920310982

1000111
1 1111 0.299529748518
0 01110 0.700470251482

001111
1 1111 0.308115704415
0 011110 0.691884295585

01111
1 011111 0.313272877164
0 011110 0.686727122836

1010111
1 01111 0.322310200279
0 1101110 0.677689799721

0111
1 01111 0.300515310673
0 01110 0.699484689327

11110
1 111101 0.297691673537
0 111100 0.702308326463

0011011
1 0110111 0.297734026746
0 110110 0.702265973254

1111011
1 110111 0.308619091752
0 110110 0.691380908248

111101
1 1111011 0.298809194129
0 1111010 0.701190805871

111110
1 111101 0.313684210526
0 1111100 0.686315789474

011101
1 0111011 0.304088924176
0 1111010 0.695911075824

1111001
1 110011 0.296557811121
0 1110010 0.703442188879

110011
1 1100111 0.295987343593
0 1100110 0.704012656407

0111011
1 1100111 0.323324630113
0 1010110 0.676675369887

101011
1 1010111 0.302607470049
0 1010110 0.697392529951

1101011
1 0111 0.301772151899
0 1010110 0.698227848101

0110111
1 101111 0.334693877551
0 1101110 0.665306122449

010111
1 101111 0.315676630092
0 01110 0.684323369908

110111
1 1101111 0.331606217617
0 1101110 0.668393782383

1011110
1 0111101 0.298100743187
0 111100 0.701899256813

1101101
1 1011011 0.30566893424
0 1011010 0.69433106576

111111
1 1111111 0.348258706468
0 111110 0.651741293532

101111
1 1011111 0.325536062378
0 1011110 0.674463937622

1101111
1 1011111 0.329044117647
0 1101110 0.670955882353

00111
1 001111 0.292892913494
0 01110 0.707107086506

1011011
1 0110111 0.278317152104
0 110110 0.721682847896

000111
1 1100111 0.286228581845
0 0001110 0.713771418155

0111101
1 1111011 0.291029350971
0 1111010 0.708970649029

11
1 1100111 0.2658095694
0 110 0.7341904306

1100011
1 1000111 0.281751192024
0 1000110 0.718248807976

010011
1 0111 0.265772504514
0 110 0.734227495486

1101110
1 111101 0.290925672595
0 1011100 0.709074327405

01110
1 011101 0.267656017567
0 1011100 0.732343982433

111100
1 1111001 0.265993661228
0 1111000 0.734006338772

111001
1 110011 0.282696994314
0 1110010 0.717303005686

10101
1 101011 0.269137394735
0 101010 0.730862605265

110101
1 1101011 0.278718600056
0 101010 0.721281399944

0110011
1 1100111 0.289414182939
0 1100110 0.710585817061

1010011
1 1000111 0.276283618582
0 1100110 0.723716381418

001101
1 0011011 0.267994026879
0 0011010 0.732005973121

1001101
1 1111011 0.289118515394
0 1011010 0.710881484606

001011
1 0110111 0.277314148681
0 1100110 0.722685851319

1001011
1 0110111 0.286033292732
0 010110 0.713966707268

01011
1 010111 0.283735909823
0 010110 0.716264090177

1011
1 0110111 0.288404641231
0 1010110 0.711595358769

110110
1 1101101 0.288499280387
0 1101100 0.711500719613

011
1 0111 0.250644245875
0 0110 0.749355754125

1011001
1 110011 0.274095160634
0 110010 0.725904839366

1010101
1 101011 0.287279759347
0 0101010 0.712720240653

011110
1 0111101 0.290396158463
0 111100 0.709603841537

1000011
1 00111 0.262744799207
0 110 0.737255200793

1111100
1 111001 0.272622699387
0 1111000 0.727377300613

1111010
1 10101 0.280410742496
0 1110100 0.719589257504

0001110
1 1001101 0.256719657792
0 1011100 0.743280342208

0110101
1 1011 0.278565640194
0 101010 0.721434359806

0001101
1 1011011 0.261467292155
0 0011010 0.738532707845

0101101
1 1011011 0.290366614665
0 1011010 0.709633385335

01101
1 1011011 0.275206943077
0 011010 0.724793056923

1011100
1 111001 0.264313151637
0 111000 0.735686848363

110
1 1001101 0.239634627207
0 1100 0.760365372793

1110001
1 1100011 0.263593136241
0 1100010 0.736406863759

101010
1 1010101 0.241552914309
0 1010100 0.758447085691

1101100
1 1011001 0.25726369989
0 1011000 0.74273630011

1000110
1 01101 0.240178180225
0 01100 0.759821819775

1111000
1 1110001 0.239245162322
0 1110000 0.760754837678

1110100
1 1101001 0.244992022691
0 1101000 0.755007977309

1110010
1 1100101 0.254058135145
0 1100100 0.745941864855

0011010
1 10101 0.243302053584
0 110100 0.756697946416

1011010
1 110101 0.262669245648
0 110100 0.737330754352

100101
1 1001011 0.265538245917
0 1001010 0.734461754083

1100110
1 1001101 0.263738508682
0 1001100 0.736261491318

1101001
1 1010011 0.252825449979
0 1010010 0.747174550021

011001
1 0110011 0.252347113439
0 110010 0.747652886561

1100101
1 1011 0.28683351469
0 1001010 0.71316648531

011010
1 0110101 0.248339706178
0 110100 0.751660293822

010110
1 0101101 0.256195043965
0 1001100 0.743804956035

1010110
1 101101 0.27748585287
0 1101100 0.72251414713

1111111
1 11111 0.357142857143
0 11110 0.642857142857

1011111
1 111111 0.357570573139
0 111110 0.642429426861

000011
1 000111 0.220753666714
0 000110 0.779246333286

01001
1 010011 0.215463103958
0 10010 0.784536896042

000101
1 0110011 0.214852393545
0 0001010 0.785147606455

00110
1 001101 0.215979702853
0 01100 0.784020297147

10001
1 1100011 0.212332053743
0 1100010 0.787667946257

010001
1 010011 0.202592769826
0 1100010 0.797407230174

1100
1 1011001 0.21776235198
0 1011000 0.78223764802

01010
1 1010101 0.211628826139
0 010100 0.788371173861

0010001
1 011 0.195262461087
0 1100010 0.804737538913

000110
1 0001101 0.207714169712
0 01100 0.792285830288

100001
1 1000011 0.196613978575
0 1000010 0.803386021425

111000
1 1110001 0.221779000459
0 1110000 0.778220999541

01100
1 011001 0.20673644026
0 1011000 0.79326355974

0001010
1 1100101 0.196779626065
0 010100 0.803220373935

1010100
1 1101001 0.215287757476
0 1101000 0.784712242524

10010
1 100101 0.205446531408
0 1100100 0.794553468592

1
1 11 0.188935785348
0 10 0.811064214652

0100001
1 1000011 0.190097571875
0 10 0.809902428125

1011000
1 1110001 0.211188992731
0 110000 0.788811007269

010100
1 1101001 0.187235405526
0 0101000 0.812764594474

1100010
1 1100101 0.212929119186
0 1000100 0.787070880814

1000001
1 0011 0.182106586711
0 10 0.817893413289

1101000
1 1010001 0.205214199835
0 1010000 0.794785800165

1110000
1 1100001 0.19578153538
0 1100000 0.80421846462

1100100
1 1001001 0.213005225905
0 1001000 0.786994774095

1000010
1 0101 0.17395844989
0 100 0.82604155011

0011
1 00111 0.238630782831
0 00110 0.761369217169

00011
1 000111 0.228979276666
0 000110 0.771020723334

1001010
1 10101 0.232733944954
0 1010100 0.767266055046

00101
1 001011 0.22499919065
0 01010 0.77500080935

0101
1 01011 0.234774718766
0 01010 0.765225281234

1001001
1 1010011 0.238863056847
0 10010 0.761136943153

1010001
1 11 0.233948113569
0 1100010 0.766051886431

1100001
1 11 0.223449122
0 1000010 0.776550878

0101010
1 1010101 0.238132240746
0 1010100 0.761867759254

1001100
1 1011001 0.225844571111
0 1011000 0.774155428889

0110
1 01101 0.227242970906
0 01100 0.772757029094

110100
1 1101001 0.232155871921
0 1101000 0.767844128079

1010010
1 100101 0.229233459633
0 1100100 0.770766540367

110010
1 1100101 0.233106737013
0 1100100 0.766893262987

10
1 1100101 0.167395032949
0 100 0.832604967051

1010000
1 100001 0.153455866708
0 100000 0.846544133292

1100000
1 1 0.145612914284
0 1000000 0.854387085716

0100
1 01001 0.136000362793
0 01000 0.863999637207

00100
1 01001 0.126059042847
0 001000 0.873940957153

00010
1 000101 0.129682931566
0 000100 0.870317068434

1001000
1 10001 0.161185393162
0 10000 0.838814606838

00001
1 000011 0.133228588724
0 000010 0.866771411276

0101000
1 1010001 0.168325822867
0 1010000 0.831674177133

110000
1 1100001 0.16888549302
0 1100000 0.83111450698

0001
1 00011 0.143603590914
0 00010 0.856396409086

0010
1 00101 0.140019914991
0 00100 0.859980085009

010
1 0101 0.152491019314
0 0100 0.847508980686

100
1 1001001 0.148770703521
0 1001000 0.851229296479

001
1 0011 0.155834614183
0 0010 0.844165385817

01
1 011 0.171028191227
0 010 0.828971808773

1000100
1 1001001 0.171233366719
0 1001000 0.828766633281

0001000
1 1 0.105877368226
0 0010000 0.894122631774

0010000
1 1 0.100401806544
0 100000 0.899598193456

010000
1 0100001 0.106851304702
0 100000 0.893148695298

100000
1 1000001 0.100754661085
0 1000000 0.899245338915

1000000
1 01 0.0881870376672
0 e 0.911812962333

101101
1 1011011 0.294967953089
0 1011010 0.705032046911

000100
1 01001 0.117434424137
0 0001000 0.882565575863

01000
1 010001 0.120652733018
0 010000 0.879347266982

001000
1 0010001 0.112372336148
0 0010000 0.887627663852

10000
1 100001 0.115112715432
0 100000 0.884887284568

000010
1 000101 0.121544289995
0 000100 0.878455710005

0000001
1 000011 0.118582609242
0 000010 0.881417390758

e
1 1 0.023219
0 0 0.976781

00
1 001 0.0163679924131
0 000 0.983631986709

0
1 01 0.0192797566701
0 00 0.980720222854

0000
1 00001 0.012483780664
0 00000 0.987516197806

00000
1 00001 0.0111863874207
0 000000 0.988813590777

000
1 0001 0.0141647637072
0 0000 0.985835215067

000000
1 0000001 0.0101731072886
0 000000 0.989826870662

