1111
1 1111 0.50464551053
0 11110 0.49535448947

11110
1 111101 0.753169301744
0 111100 0.246830698256

111101
1 1111 0.352542956861
0 1111010 0.647457043139

111100
1 1111001 1.0

1111010
1 111101 0.398703116069
0 1111 0.601296883931

1111001
0 111101 1.0

010001
1 111100 0.296548740675
0 1111 0.703451259325

111001010
1 111101 0.472599629772
0 1111 0.527400370228

1001001
1 1111 0.536850721546
0 1111010 0.463149278454

1110
1 010001 0.784596621517
0 111100 0.215403378483

0
1 111101 0.596346519269
0 0100110 0.403653480731

010001110
1 100011101 0.85777936096
0 111100 0.14222063904

0100110
1 111101 0.685813630042
0 111100 0.314186369958

100011101
1 1111 0.211052957694
0 000111010 0.788947042306

0010
1 111101 0.432061280081
0 1111 0.567938719919

000111010
1 111101 0.248863712319
0 1111010 0.751136287681

001110
1 000111010 0.828050344717
0 111100 0.171949655283

10100110
1 111101 0.641966869947
0 111100 0.358033130053

