00011000
1 00110001 0.174256799494
0 00110000 0.825743200506

00110000
1 01100001 0.155496870516
0 01100000 0.844503129484

01100000
1 1000001 0.139905397114
0 11000000 0.860094602886

11000000
1 1 0.125547125766
0 0000000 0.874452874234

0000000
0 0000000 0.990628671117
1 00000001 0.00937130660711

00000001
1 00000011 0.11366191659
0 00000010 0.88633808341

00000010
1 00000101 0.110423413521
0 00000100 0.889576586479

00000100
1 1 0.105482193885
0 00001000 0.894517806115

00001000
1 1 0.100903856096
0 00010000 0.899096143904

00010000
1 00100001 0.0949886627092
0 00100000 0.905011337291

00100000
1 01 0.0893050471073
0 01000000 0.910694952893

01000000
1 10000001 0.0831482397042
0 0000000 0.916851760296

10000001
1 00011 0.16946028313
0 010 0.83053971687

010
0 0100 0.847508980686
1 0101 0.152491019314

0101
0 01010 0.765225281234
1 01011 0.234774718766

01011
0 010110 0.716264090177
1 010111 0.283735909823

010111
0 0101110 0.684323369908
1 1111 0.315676630092

1111
0 11110 0.676142697882
1 1111 0.323857302118

11110
0 111100 0.702308326463
1 111101 0.297691673537

111101
0 1111010 0.701190805871
1 1111011 0.298809194129

1111011
0 11110110 0.691380908248
1 11110111 0.308619091752

11110111
1 1111 0.354354354354
0 101110 0.645645645646

101110
0 1011100 0.717548234676
1 1011101 0.282451765324

1011101
0 10111010 0.684944237918
1 10111011 0.315055762082

10111011
1 01110111 0.300884955752
0 110110 0.699115044248

110110
0 1101100 0.711500719613
1 1101101 0.288499280387

1101101
0 11011010 0.69433106576
1 11011011 0.30566893424

11011011
1 10110111 0.281899109792
0 10110110 0.718100890208

10110110
1 1101101 0.294042280589
0 01101100 0.705957719411

01101100
1 11011001 0.257911392405
0 11011000 0.742088607595

11011000
1 10110001 0.228521911364
0 10110000 0.771478088636

10110000
1 1100001 0.184301464538
0 1100000 0.815698535462

1100000
0 11000000 0.854387085716
1 1000001 0.145612914284

1000001
0 10000010 0.817893413289
1 10000011 0.182106586711

10000011
1 00111 0.24442319949
0 0110 0.75557680051

0110
0 01100 0.772757029094
1 01101 0.227242970906

01101
0 011010 0.724793056923
1 011011 0.275206943077

011011
0 0110110 0.707830926196
1 0110111 0.292169073804

0110111
0 01101110 0.665306122449
1 1111 0.334693877551

01101110
1 11011101 0.299931833674
0 11011100 0.700068166326

11011100
1 10111001 0.283601286174
0 10111000 0.716398713826

10111000
1 1110001 0.228244654401
0 1110000 0.771755345599

1110000
0 11100000 0.80421846462
1 11100001 0.19578153538

11100001
1 11000011 0.237736984652
0 11000010 0.762263015348

11000010
1 101 0.198084329021
0 10000100 0.801915670979

10000100
1 01001 0.15670293945
0 1000 0.84329706055

1000
0 10000 0.868842633037
1 10001 0.131157366963

10001
0 100010 0.787667946257
1 100011 0.212332053743

100011
0 1000110 0.736830777509
1 1000111 0.263169222491

1000111
0 10001110 0.700470251482
1 1111 0.299529748518

10001110
1 1101 0.268242848803
0 11100 0.731757151197

11100
0 111000 0.747020139745
1 111001 0.252979860255

111001
0 1110010 0.717303005686
1 1110011 0.282696994314

1110011
0 11100110 0.688697318008
1 11100111 0.311302681992

11100111
1 111 0.341538461538
0 001110 0.658461538462

001110
0 0011100 0.737812272617
1 0011101 0.262187727383

0011101
0 00111010 0.700277520814
1 00111011 0.299722479186

00111011
1 01110111 0.332716049383
0 10110 0.667283950617

10110
0 101100 0.734878339781
1 101101 0.265121660219

101101
0 1011010 0.705032046911
1 1011011 0.294967953089

1011011
0 10110110 0.721682847896
1 10110111 0.278317152104

10110111
1 1111 0.360465116279
0 1101110 0.639534883721

1101110
0 11011100 0.709074327405
1 11011101 0.290925672595

11011101
1 111011 0.333855799373
0 1010 0.666144200627

1010
0 10100 0.778006079949
1 10101 0.221993920051

10101
0 101010 0.730862605265
1 101011 0.269137394735

101011
0 1010110 0.697392529951
1 1010111 0.302607470049

1010111
0 10101110 0.677689799721
1 1111 0.322310200279

10101110
1 1011101 0.285223367698
0 1011100 0.714776632302

1011100
0 10111000 0.735686848363
1 10111001 0.264313151637

10111001
1 1110011 0.274740484429
0 01110010 0.725259515571

01110010
1 11100101 0.257559395248
0 11100100 0.742440604752

11100100
1 11001001 0.232034412955
0 11001000 0.767965587045

11001000
1 010001 0.185004623014
0 10010000 0.814995376986

10010000
1 100001 0.143766838109
0 100000 0.856233161891

100000
0 1000000 0.899245338915
1 1000001 0.100754661085

1000000
0 0000000 0.911812962333
1 10000001 0.0881870376672

100001
0 1000010 0.803386021425
1 1000011 0.196613978575

1000011
0 10000110 0.737255200793
1 10000111 0.262744799207

10000111
1 11 0.295533642691
0 01110 0.704466357309

01110
0 011100 0.732343982433
1 011101 0.267656017567

011101
0 0111010 0.695911075824
1 0111011 0.304088924176

0111011
0 01110110 0.676675369887
1 01110111 0.323324630113

01110111
1 1111 0.312247644684
0 01110 0.687752355316

01110110
1 1101101 0.272668810289
0 1101100 0.727331189711

1101100
0 11011000 0.74273630011
1 11011001 0.25726369989

11011001
1 10110011 0.279485346676
0 110010 0.720514653324

110010
0 1100100 0.766893262987
1 1100101 0.233106737013

1100101
0 11001010 0.71316648531
1 11001011 0.28683351469

11001011
1 10010111 0.289074355083
0 110 0.710925644917

110
0 1100 0.760365372793
1 1101 0.239634627207

1101
0 11010 0.7169288176
1 11011 0.2830711824

11011
0 110110 0.699652142073
1 110111 0.300347857927

110111
0 1101110 0.668393782383
1 1111 0.331606217617

11010
0 110100 0.743882603824
1 110101 0.256117396176

110101
0 1101010 0.721281399944
1 1101011 0.278718600056

1101011
0 11010110 0.698227848101
1 11010111 0.301772151899

11010111
1 111 0.303691275168
0 101110 0.696308724832

111
0 1110 0.692302414929
1 1111 0.307697585071

1110
0 11100 0.723317807948
1 11101 0.276682192052

11101
0 111010 0.697618194842
1 111011 0.302381805158

111011
0 1110110 0.681374000592
1 1110111 0.318625999408

1110111
0 11101110 0.674721189591
1 1111 0.325278810409

11101110
1 11011101 0.272727272727
0 1011100 0.727272727273

1110110
0 11101100 0.715341156019
1 11101101 0.284658843981

11101101
1 11 0.311450381679
0 1011010 0.688549618321

1011010
0 10110100 0.737330754352
1 10110101 0.262669245648

10110101
1 01011 0.306332842415
0 1101010 0.693667157585

1101010
0 11010100 0.748972803757
1 11010101 0.251027196243

11010101
1 011 0.293842556508
0 101010 0.706157443492

101010
0 1010100 0.758447085691
1 1010101 0.241552914309

1010101
0 10101010 0.712720240653
1 10101011 0.287279759347

10101011
1 1010111 0.319371727749
0 1010110 0.680628272251

1010110
0 10101100 0.72251414713
1 10101101 0.27748585287

10101101
1 11 0.313911143481
0 011010 0.686088856519

011010
0 0110100 0.751660293822
1 0110101 0.248339706178

0110101
0 01101010 0.721434359806
1 01101011 0.278565640194

01101011
1 0111 0.288727272727
0 11010110 0.711272727273

11010110
1 10101101 0.283538796229
0 1100 0.716461203771

1100
0 11000 0.78223764802
1 11001 0.21776235198

11001
0 110010 0.739246202888
1 110011 0.260753797112

110011
0 1100110 0.704012656407
1 1100111 0.295987343593

1100111
0 11001110 0.657920310982
1 1111 0.342079689018

11001110
1 10011101 0.274741506647
0 011100 0.725258493353

011100
0 0111000 0.752381873579
1 0111001 0.247618126421

0111001
0 01110010 0.7234375
1 01110011 0.2765625

01110011
1 1100111 0.319915254237
0 11100110 0.680084745763

11100110
1 1001101 0.265646731572
0 11001100 0.734353268428

11001100
1 0011001 0.251387347392
0 10011000 0.748612652608

10011000
1 110001 0.198527431086
0 110000 0.801472568914

110000
0 1100000 0.83111450698
1 1100001 0.16888549302

1100001
0 11000010 0.776550878
1 11000011 0.223449122

11000011
1 000111 0.27316403569
0 110 0.72683596431

000111
0 0001110 0.713771418155
1 1111 0.286228581845

0001110
0 00011100 0.743280342208
1 00011101 0.256719657792

00011101
1 0111011 0.290723700572
0 0111010 0.709276299428

0111010
0 01110100 0.726183685111
1 01110101 0.273816314889

01110101
1 101011 0.284027777778
0 101010 0.715972222222

01110100
1 11101001 0.238805970149
0 11101000 0.761194029851

11101000
1 010001 0.217421930031
0 11010000 0.782578069969

11010000
1 10100001 0.174442675159
0 10100000 0.825557324841

10100000
1 1 0.133016259691
0 1000000 0.866983740309

1
0 10 0.811064214652
1 11 0.188935785348

11
0 110 0.7341904306
1 111 0.2658095694

10
0 100 0.832604967051
1 101 0.167395032949

101
0 1010 0.753400583682
1 1011 0.246599416318

1011
0 10110 0.711595358769
1 10111 0.288404641231

10111
0 101110 0.679661016949
1 1111 0.320338983051

100
0 1000 0.851229296479
1 1001 0.148770703521

1001
0 10010 0.774182485382
1 10011 0.225817514618

10011
0 100110 0.726251044119
1 100111 0.273748955881

100111
0 1001110 0.686823855756
1 1111 0.313176144244

1001110
0 10011100 0.720516962843
1 10011101 0.279483037157

10011101
1 00111011 0.325867052023
0 111010 0.674132947977

111010
0 1110100 0.72404055962
1 1110101 0.27595944038

1110101
0 11101010 0.720930232558
1 11101011 0.279069767442

11101011
1 111 0.331666666667
0 10110 0.668333333333

11101010
1 11010101 0.25935483871
0 11010100 0.74064516129

11010100
1 10101001 0.234064785789
0 10101000 0.765935214211

10101000
1 010001 0.1908956135
0 1010000 0.8091043865

1010000
0 10100000 0.846544133292
1 10100001 0.153455866708

10100001
1 11 0.213950511945
0 1000010 0.786049488055

1000010
0 10000100 0.82604155011
1 10000101 0.17395844989

10000101
1 0001011 0.240566037736
0 01010 0.759433962264

01010
0 010100 0.788371173861
1 010101 0.211628826139

010101
0 0101010 0.734384727122
1 0101011 0.265615272878

0101011
0 01010110 0.6970703125
1 01010111 0.3029296875

01010111
1 1111 0.32946486138
0 10101110 0.67053513862

01010110
1 10101101 0.275147100028
0 101100 0.724852899972

101100
0 1011000 0.75804388468
1 1011001 0.24195611532

1011001
0 10110010 0.725904839366
1 10110011 0.274095160634

10110011
1 100111 0.307121661721
0 1100110 0.692878338279

1100110
0 11001100 0.736261491318
1 11001101 0.263738508682

11001101
1 0011011 0.301316808675
0 10011010 0.698683191325

10011010
1 110101 0.264609908039
0 110100 0.735390091961

110100
0 1101000 0.767844128079
1 1101001 0.232155871921

1101001
0 11010010 0.747174550021
1 11010011 0.252825449979

11010011
1 0111 0.283940397351
0 100110 0.716059602649

100110
0 1001100 0.75209117524
1 1001101 0.24790882476

1001101
0 10011010 0.710881484606
1 10011011 0.289118515394

10011011
1 0110111 0.310722100656
0 10110 0.689277899344

1001100
0 10011000 0.774155428889
1 10011001 0.225844571111

10011001
1 0110011 0.261311172669
0 0110010 0.738688827331

0110010
0 01100100 0.774594144582
1 01100101 0.225405855418

01100101
1 1011 0.289012003693
0 11001010 0.710987996307

11001010
1 0010101 0.26426609704
0 10010100 0.73573390296

10010100
1 00101001 0.19772335948
0 101000 0.80227664052

101000
0 1010000 0.823814146644
1 010001 0.176185853356

010001
0 0100010 0.797407230174
1 0100011 0.202592769826

0100011
0 01000110 0.742967575693
1 01000111 0.257032424307

01000111
1 1111 0.300194931774
0 0001110 0.699805068226

01000110
1 001101 0.238824662813
0 10001100 0.761175337187

10001100
1 11001 0.209418548775
0 011000 0.790581451225

011000
0 0110000 0.814396755661
1 0110001 0.185603244339

0110001
0 01100010 0.756809905317
1 1100011 0.243190094683

1100011
0 11000110 0.718248807976
1 11000111 0.281751192024

11000111
1 1111 0.297692307692
0 1110 0.702307692308

11000110
1 1101 0.244417622209
0 10001100 0.755582377791

01100010
1 1000101 0.210759310942
0 11000100 0.789240689058

11000100
1 1001 0.192496812967
0 10001000 0.807503187033

10001000
1 10001 0.148021062627
0 10000 0.851978937373

10000
0 100000 0.884887284568
1 100001 0.115112715432

1000101
0 10001010 0.751822576932
1 10001011 0.248177423068

10001011
1 111 0.289424860853
0 10110 0.710575139147

10001010
1 0010101 0.228028988466
0 10100 0.771971011534

10100
0 101000 0.802757904079
1 101001 0.197242095921

101001
0 1010010 0.753114196345
1 1010011 0.246885803655

1010011
0 10100110 0.723716381418
1 10100111 0.276283618582

10100111
1 1111 0.313757039421
0 01001110 0.686242960579

01001110
1 10011101 0.281267370762
0 10011100 0.718732629238

10011100
1 111001 0.24831838565
0 0111000 0.75168161435

0111000
0 01110000 0.785241370444
1 01110001 0.214758629556

01110001
1 1100011 0.257108650105
0 11100010 0.742891349895

11100010
1 1000101 0.219258843346
0 11000100 0.780741156654

01110000
1 11100001 0.186149312377
0 11100000 0.813850687623

11100000
1 1000001 0.16673992674
0 11000000 0.83326007326

10100110
1 1001101 0.259520884521
0 1001100 0.740479115479

1010010
0 10100100 0.770766540367
1 10100101 0.229233459633

10100101
1 01001011 0.270820089002
0 1001010 0.729179910998

1001010
0 10010100 0.767266055046
1 10010101 0.232733944954

10010101
1 101011 0.281929990539
0 101010 0.718070009461

01001011
1 10111 0.284922394678
0 10110 0.715077605322

10100100
1 1001001 0.202779353375
0 1001000 0.797220646625

1001000
0 10010000 0.838814606838
1 010001 0.161185393162

1001001
0 10010010 0.761136943153
1 10010011 0.238863056847

10010011
1 100111 0.277237048666
0 100110 0.722762951334

10010010
1 100101 0.215784806385
0 100100 0.784215193615

100100
0 1001000 0.81414732734
1 1001001 0.18585267266

100101
0 1001010 0.734461754083
1 1001011 0.265538245917

1001011
0 10010110 0.713966707268
1 10010111 0.286033292732

10010111
1 1111 0.325053229241
0 101110 0.674946770759

10010110
1 01101 0.257321580893
0 101100 0.742678419107

0010101
0 00101010 0.741280262618
1 00101011 0.258719737382

00101011
1 01010111 0.297118688871
0 01010110 0.702881311129

00101010
1 1010101 0.238121597933
0 01010100 0.761878402067

01010100
1 10101001 0.208623087622
0 10101000 0.791376912378

10101001
1 1010011 0.253019707565
0 1010010 0.746980292435

0110000
0 01100000 0.838692007635
1 01100001 0.161307992365

01100001
1 11000011 0.21856349043
0 11000010 0.78143650957

001101
0 0011010 0.732005973121
1 0011011 0.267994026879

0011011
0 00110110 0.702265973254
1 00110111 0.297734026746

00110111
1 1111 0.325015595758
0 01101110 0.674984404242

00110110
1 101101 0.288548003174
0 1101100 0.711451996826

0011010
0 00110100 0.756697946416
1 00110101 0.243302053584

00110101
1 01101011 0.268026830632
0 01101010 0.731973169368

01101010
1 1010101 0.247402415052
0 11010100 0.752597584948

00110100
1 01101001 0.223040977714
0 01101000 0.776959022286

01101000
1 010001 0.20071032571
0 11010000 0.79928967429

01101001
1 11010011 0.245583038869
0 1010010 0.754416961131

0100010
0 01000100 0.817057646845
1 1000101 0.182942353155

01000100
1 10001001 0.166036056087
0 10001000 0.833963943913

10001001
1 10011 0.225506580322
0 10010 0.774493419678

10010
0 100100 0.794553468592
1 100101 0.205446531408

00101001
1 01010011 0.24225652976
0 01010010 0.75774347024

01010010
1 100101 0.223064802048
0 10100100 0.776935197952

01010011
1 10100111 0.273473108478
0 10100110 0.726526891522

0010101
0 00101010 0.741280262618
1 00101011 0.258719737382

01100100
1 11001001 0.206269592476
0 11001000 0.793730407524

11001001
1 10010011 0.255590062112
0 10010010 0.744409937888

0110011
0 01100110 0.710585817061
1 01100111 0.289414182939

01100111
1 1111 0.342329545455
0 1001110 0.657670454545

01100110
1 11001101 0.262944749783
0 11001100 0.737055250217

0111
0 01110 0.699484689327
1 1111 0.300515310673

11010010
1 10100101 0.246778711485
0 10100100 0.753221288515

1101000
0 11010000 0.794785800165
1 010001 0.205214199835

0011011
0 00110110 0.702265973254
1 00110111 0.297734026746

10110010
1 01100101 0.236414565826
0 01100100 0.763585434174

1011000
0 10110000 0.788811007269
1 10110001 0.211188992731

10110001
1 1100011 0.256607252612
0 1100010 0.743392747388

1100010
0 11000100 0.787070880814
1 1000101 0.212929119186

0101010
0 01010100 0.761867759254
1 01010101 0.238132240746

01010101
1 10101011 0.284781963809
0 0101010 0.715218036191

010100
0 0101000 0.812764594474
1 0101001 0.187235405526

0101001
0 01010010 0.755224990703
1 01010011 0.244775009297

0101000
0 01010000 0.831674177133
1 010001 0.168325822867

01010000
1 10100001 0.148025299244
0 10100000 0.851974700756

0001011
0 00010110 0.725383069581
1 00010111 0.274616930419

00010111
1 1111 0.309398582209
0 1110 0.690601417791

00010110
1 1101 0.246731884685
0 00101100 0.753268115315

00101100
1 01011001 0.234950941395
0 11000 0.765049058605

11000
0 110000 0.806159628334
1 110001 0.193840371666

110001
0 1100010 0.751494587171
1 1100011 0.248505412829

01011001
1 110011 0.271952259165
0 10110010 0.728047740835

010001
0 0100010 0.797407230174
1 0100011 0.202592769826

10101001
1 1010011 0.253019707565
0 1010010 0.746980292435

1110100
0 11101000 0.755007977309
1 11101001 0.244992022691

11101001
1 1010011 0.270622286541
0 11010010 0.729377713459

10011100
1 111001 0.24831838565
0 0111000 0.75168161435

100110
0 1001100 0.75209117524
1 1001101 0.24790882476

10010
0 100100 0.794553468592
1 100101 0.205446531408

10100001
1 11 0.213950511945
0 1000010 0.786049488055

010001
0 0100010 0.797407230174
1 0100011 0.202592769826

11101001
1 1010011 0.270622286541
0 11010010 0.729377713459

00011100
1 0111001 0.239563648858
0 00111000 0.760436351142

00111000
1 110001 0.210056350238
0 01110000 0.789943649762

110001
0 1100010 0.751494587171
1 1100011 0.248505412829

0011001
0 00110010 0.755100619734
1 00110011 0.244899380266

00110011
1 01100111 0.282627239124
0 01100110 0.717372760876

00110010
1 1100101 0.221781630395
0 01100100 0.778218369605

1001101
0 10011010 0.710881484606
1 10011011 0.289118515394

0111000
0 01110000 0.785241370444
1 01110001 0.214758629556

10011101
1 00111011 0.325867052023
0 111010 0.674132947977

1100110
0 11001100 0.736261491318
1 11001101 0.263738508682

11000
0 110000 0.806159628334
1 110001 0.193840371666

0111
0 01110 0.699484689327
1 1111 0.300515310673

01101010
1 1010101 0.247402415052
0 11010100 0.752597584948

0110100
0 01101000 0.772690763052
1 01101001 0.227309236948

11
0 110 0.7341904306
1 111 0.2658095694

10101100
1 01011001 0.240839160839
0 1011000 0.759160839161

10101010
1 010101 0.23816701839
0 1010100 0.76183298161

1010100
0 10101000 0.784712242524
1 10101001 0.215287757476

1010100
0 10101000 0.784712242524
1 10101001 0.215287757476

011
0 0110 0.749355754125
1 0111 0.250644245875

11010100
1 10101001 0.234064785789
0 10101000 0.765935214211

10110100
1 01101001 0.239769150052
0 1101000 0.760230849948

11
0 110 0.7341904306
1 111 0.2658095694

11101100
1 11011001 0.255771567436
0 11011000 0.744228432564

111010
0 1110100 0.72404055962
1 1110101 0.27595944038

11010110
1 10101101 0.283538796229
0 1100 0.716461203771

1101010
0 11010100 0.748972803757
1 11010101 0.251027196243

110100
0 1101000 0.767844128079
1 1101001 0.232155871921

1100
0 11000 0.78223764802
1 11001 0.21776235198

10010111
1 1111 0.325053229241
0 101110 0.674946770759

11001010
1 0010101 0.26426609704
0 10010100 0.73573390296

1100100
0 11001000 0.786994774095
1 11001001 0.213005225905

10110011
1 100111 0.307121661721
0 1100110 0.692878338279

0111010
0 01110100 0.726183685111
1 01110101 0.273816314889

011100
0 0111000 0.752381873579
1 0111001 0.247618126421

11
0 110 0.7341904306
1 111 0.2658095694

10000110
1 01101 0.234211886305
0 01100 0.765788113695

01100
0 011000 0.79326355974
1 011001 0.20673644026

011001
0 0110010 0.747652886561
1 0110011 0.252347113439

1000010
0 10000100 0.82604155011
1 10000101 0.17395844989

010001
0 0100010 0.797407230174
1 0100011 0.202592769826

11001001
1 10010011 0.255590062112
0 10010010 0.744409937888

11100101
1 11001011 0.281575037147
0 11001010 0.718424962853

1010110
0 10101100 0.72251414713
1 10101101 0.27748585287

101010
0 1010100 0.758447085691
1 1010101 0.241552914309

10100
0 101000 0.802757904079
1 101001 0.197242095921

111011
0 1110110 0.681374000592
1 1110111 0.318625999408

1011010
0 10110100 0.737330754352
1 10110101 0.262669245648

101100
0 1011000 0.75804388468
1 1011001 0.24195611532

01110111
1 1111 0.312247644684
0 01110 0.687752355316

00111010
1 110101 0.274240422721
0 01110100 0.725759577279

0011100
0 00111000 0.758382642998
1 00111001 0.241617357002

00111001
1 01110011 0.277278911565
0 1110010 0.722721088435

1110010
0 11100100 0.745941864855
1 11100101 0.254058135145

111
0 1110 0.692302414929
1 1111 0.307697585071

11100110
1 1001101 0.265646731572
0 11001100 0.734353268428

1110010
0 11100100 0.745941864855
1 11100101 0.254058135145

111000
0 1110000 0.778220999541
1 1110001 0.221779000459

1110001
0 11100010 0.736406863759
1 1100011 0.263593136241

1101
0 11010 0.7169288176
1 11011 0.2830711824

1000110
0 10001100 0.759821819775
1 10001101 0.240178180225

10001101
1 0011011 0.272119185163
0 11010 0.727880814837

100010
0 1000100 0.810988787839
1 1000101 0.189011212161

1000100
0 10001000 0.828766633281
1 10001001 0.171233366719

10000
0 100000 0.884887284568
1 100001 0.115112715432

01001
0 010010 0.784536896042
1 010011 0.215463103958

010011
0 0100110 0.734227495486
1 0100111 0.265772504514

0100111
0 01001110 0.698369565217
1 1111 0.301630434783

0100110
0 01001100 0.757535305276
1 01001101 0.242464694724

01001101
1 10011011 0.284555201391
0 10011010 0.715444798609

01001100
1 10011001 0.217306622148
0 11000 0.782693377852

010010
0 0100100 0.802278136688
1 0100101 0.197721863312

0100101
0 01001010 0.74147320149
1 01001011 0.25852679851

01001010
1 10010101 0.22274835717
0 10100 0.77725164283

0100100
0 01001000 0.821395775941
1 01001001 0.178604224059

01001001
1 10011 0.233537670556
0 10010010 0.766462329444

01001000
1 10001 0.155093090252
0 10010000 0.844906909748

101
0 1010 0.753400583682
1 1011 0.246599416318

11000011
1 000111 0.27316403569
0 110 0.72683596431

11100000
1 1000001 0.16673992674
0 11000000 0.83326007326

1110001
0 11100010 0.736406863759
1 1100011 0.263593136241

10111001
1 1110011 0.274740484429
0 01110010 0.725259515571

11011101
1 111011 0.333855799373
0 1010 0.666144200627

0110110
0 01101100 0.709846499438
1 01101101 0.290153500562

01101101
1 011011 0.303225806452
0 11010 0.696774193548

011010
0 0110100 0.751660293822
1 0110101 0.248339706178

01100
0 011000 0.79326355974
1 011001 0.20673644026

00111
0 001110 0.707107086506
1 1111 0.292892913494

10000010
1 00101 0.1620349566
0 0100 0.8379650434

0100
0 01000 0.863999637207
1 01001 0.136000362793

01000
0 010000 0.879347266982
1 010001 0.120652733018

010000
0 0100000 0.893148695298
1 0100001 0.106851304702

0100001
0 01000010 0.809902428125
1 01000011 0.190097571875

01000011
1 10000111 0.259770790479
0 10000110 0.740229209521

01000010
1 0101 0.168341188642
0 100 0.831658811358

0100000
0 01000000 0.905658485947
1 1000001 0.0943415140532

00101
0 001010 0.77500080935
1 001011 0.22499919065

001011
0 0010110 0.722685851319
1 0010111 0.277314148681

0010111
0 00101110 0.686786579038
1 1111 0.313213420962

00101110
1 11101 0.276756484513
0 11100 0.723243515487

0010110
0 00101100 0.7507963897
1 00101101 0.2492036103

00101101
1 1011011 0.281757656458
0 01011010 0.718242343542

01011010
1 10110101 0.262984336356
0 0110100 0.737015663644

001010
0 0010100 0.796399181252
1 0010101 0.203600818748

0010100
0 00101000 0.819931812221
1 00101001 0.180068187779

00101000
1 010001 0.162807062436
0 01010000 0.837192937564

1100001
0 11000010 0.776550878
1 11000011 0.223449122

10110001
1 1100011 0.256607252612
0 1100010 0.743392747388

11011001
1 10110011 0.279485346676
0 110010 0.720514653324

10110111
1 1111 0.360465116279
0 1101110 0.639534883721

11011010
1 10110101 0.261920313521
0 10110100 0.738079686479

1101100
0 11011000 0.74273630011
1 11011001 0.25726369989

01110111
1 1111 0.312247644684
0 01110 0.687752355316

10111010
1 01110101 0.272727272727
0 110100 0.727272727273

1011100
0 10111000 0.735686848363
1 10111001 0.264313151637

11110110
1 11101101 0.309651474531
0 11101100 0.690348525469

1111010
0 11110100 0.719589257504
1 11110101 0.280410742496

11110101
1 11101011 0.269014084507
0 11101010 0.730985915493

11110100
1 1101001 0.257958287596
0 11101000 0.742041712404

111100
0 1111000 0.734006338772
1 1111001 0.265993661228

1111001
0 11110010 0.703442188879
1 11110011 0.296557811121

11110011
1 11100111 0.293154761905
0 100110 0.706845238095

11110010
1 11100101 0.245922208281
0 11100100 0.754077791719

1111000
0 11110000 0.760754837678
1 11110001 0.239245162322

11110001
1 1100011 0.27807486631
0 11100010 0.72192513369

11110000
1 11100001 0.220517132647
0 11100000 0.779482867353

0101110
0 01011100 0.720973092518
1 01011101 0.279026907482

01011101
1 11011 0.3071334214
0 111010 0.6928665786

01011100
1 10111001 0.256646216769
0 10111000 0.743353783231

010110
0 0101100 0.743804956035
1 0101101 0.256195043965

0101101
0 01011010 0.709633385335
1 01011011 0.290366614665

01011011
1 10110111 0.276695768972
0 10110110 0.723304231028

0101100
0 01011000 0.763635142397
1 01011001 0.236364857603

01011000
1 0110001 0.205031225262
0 10110000 0.794968774738

01010
0 010100 0.788371173861
1 010101 0.211628826139

0100
0 01000 0.863999637207
1 01001 0.136000362793

00011
0 000110 0.771020723334
1 000111 0.228979276666

000110
0 0001100 0.792285830288
1 0001101 0.207714169712

0001101
0 00011010 0.738532707845
1 00011011 0.261467292155

00011011
1 10111 0.293296785447
0 0110110 0.706703214553

00011010
1 00110101 0.236965152184
0 00110100 0.763034847816

0001100
0 00011000 0.810187557651
1 00011001 0.189812442349

00011001
1 00110011 0.240100791937
0 00110010 0.759899208063

01
0 010 0.828971808773
1 011 0.171028191227

00100001
1 011 0.185052337123
0 10 0.814947662877

1
0 10 0.811064214652
1 11 0.188935785348

1
0 10 0.811064214652
1 11 0.188935785348

00000101
1 00001011 0.201827772089
0 00001010 0.798172227911

00001010
1 00010101 0.190453559252
0 00010100 0.809546440748

00010100
1 00101001 0.176119466849
0 00101000 0.823880533151

00010101
1 00101011 0.252292376212
0 00101010 0.747707623788

00001011
1 00010111 0.270843183609
0 110 0.729156816391

00000011
1 00000111 0.206609153385
0 00000110 0.793390846615

00000110
1 00001101 0.193840185269
0 00001100 0.806159814731

00001100
1 00011001 0.185574506097
0 00011000 0.814425493903

00001101
1 011011 0.258562069823
0 00011010 0.741437930177

00000111
1 1111 0.279088570379
0 00001110 0.720911429621

00001110
1 0011101 0.25349350331
0 00011100 0.74650649669

1
0 10 0.811064214652
1 11 0.188935785348

1000001
0 10000010 0.817893413289
1 10000011 0.182106586711

01100001
1 11000011 0.21856349043
0 11000010 0.78143650957

00110001
1 1100011 0.239022527682
0 01100010 0.760977472318

1000001
0 10000010 0.817893413289
1 10000011 0.182106586711

0000000
0 0000000 0.990628671117
1 00000001 0.00937130660711

1000101
0 10001010 0.751822576932
1 10001011 0.248177423068

1100011
0 11000110 0.718248807976
1 11000111 0.281751192024

010001
0 0100010 0.797407230174
1 0100011 0.202592769826

1111
0 11110 0.676142697882
1 1111 0.323857302118

