21113
1 31131 0.326356589147
0 11130 0.4
3 11133 0.0790697674419
2 1132 0.194573643411

11113
1 11131 0.352
0 11130 0.368470588235
3 11133 0.0757647058824
2 1132 0.203764705882

32132
1 1321 0.371179039301
0 31320 0.296943231441
3 21323 0.126637554585
2 1322 0.205240174672

00132
1 321 0.313140311804
0 01320 0.43429844098
3 01323 0.0739420935412
2 322 0.178619153675

30132
1 1321 0.344936708861
0 31320 0.386075949367
3 01323 0.0917721518987
2 1322 0.177215189873

0132
1 22321 0.318592767296
0 01320 0.42177672956
3 01323 0.0723270440252
2 1322 0.187303459119

10132
1 22321 0.32762991128
0 320 0.423320659062
3 01323 0.0697084917617
2 1322 0.179340937896

01132
1 1321 0.326384752829
0 31320 0.392495533055
3 01323 0.0577724836212
2 30022 0.223347230494

31112
1 31121 0.316568047337
0 11120 0.388313609467
3 11123 0.0806213017751
2 11122 0.21449704142

2132
1 1321 0.331489675516
0 21320 0.352876106195
3 21323 0.0877581120944
2 1322 0.227876106195

1312
1 13121 0.334371257485
0 3120 0.380359281437
3 13123 0.0850299401198
2 13122 0.200239520958

11312
1 13121 0.335066864785
0 3120 0.375928677563
3 13123 0.0906389301634
2 3122 0.198365527489

01312
1 3121 0.328134747349
0 3120 0.399251403618
3 13123 0.0804741110418
2 3122 0.192139737991

3212
1 32121 0.324417271685
0 32120 0.365685899885
3 32123 0.0882690103172
2 32122 0.221627818112

23112
1 31121 0.344868735084
0 31120 0.368735083532
3 11123 0.0739856801909
2 31122 0.212410501193

32112
1 21121 0.323927765237
0 1120 0.3769751693
3 21123 0.0902934537246
2 21122 0.208803611738

02112
1 21121 0.321742605915
0 1120 0.436450839329
3 21123 0.0633493205436
2 31122 0.178457234213

112
1 31121 0.307903817864
0 1120 0.465004055708
3 11123 0.0568898909771
2 31122 0.170202235451

33132
1 321 0.409090909091
0 320 0.295454545455
3 31323 0.102272727273
2 1322 0.193181818182

02332
1 321 0.301526717557
0 320 0.31679389313
3 23323 0.0992366412214
2 23322 0.282442748092

03232
1 32321 0.320987654321
0 2320 0.353909465021
3 32323 0.119341563786
2 32322 0.205761316872

2332
1 23321 0.313672922252
0 320 0.323056300268
3 23323 0.107238605898
2 23322 0.256032171582

22332
1 23321 0.321428571429
0 320 0.327380952381
3 23323 0.107142857143
2 322 0.244047619048

02232
1 22321 0.368088467615
0 2320 0.338072669826
3 22323 0.0774091627172
2 2322 0.216429699842

13232
1 12321 0.3375
0 320 0.316666666667
3 32323 0.0875
2 32322 0.258333333333

3132
1 321 0.345864661654
0 31320 0.342642320086
3 31323 0.0891514500537
2 31322 0.222341568206

23132
1 321 0.322869955157
0 320 0.331838565022
3 31323 0.107623318386
2 31322 0.237668161435

03132
1 1321 0.335483870968
0 31320 0.38064516129
3 31323 0.0741935483871
2 31322 0.209677419355

2232
1 22321 0.345123258307
0 2320 0.334941050375
3 22323 0.0836012861736
2 22322 0.236334405145

22032
1 321 0.361510791367
0 320 0.370503597122
3 0323 0.0719424460432
2 322 0.196043165468

31032
1 321 0.376175548589
0 320 0.335423197492
3 0323 0.0783699059561
2 10322 0.210031347962

032
1 0321 0.315471601131
0 320 0.433500385505
3 0323 0.0685556412233
2 0322 0.182472372141

12032
1 0321 0.363930885529
0 320 0.376889848812
3 0323 0.0842332613391
2 20322 0.17494600432

00232
1 321 0.321877619447
0 320 0.410729253982
3 02323 0.0687342833194
2 02322 0.198658843252

32
1 321 0.322799324614
0 320 0.395226934805
3 323 0.0776442125954
2 322 0.204329527986

01032
1 321 0.307508369201
0 320 0.443806791009
3 323 0.0731707317073
2 10322 0.175514108082

0232
1 321 0.336578581363
0 2320 0.378650904033
3 02323 0.0747566063978
2 02322 0.210013908206

20232
1 321 0.333913043478
0 2320 0.349565217391
3 2323 0.0852173913043
2 02322 0.231304347826

10232
1 321 0.354189944134
0 2320 0.359776536313
3 02323 0.0692737430168
2 2322 0.216759776536

10032
1 00321 0.315254237288
0 00320 0.449394673123
3 00323 0.0653753026634
2 0322 0.169975786925

33332
1 3321 0.3
0 320 0.333333333333
3 33323 0.166666666667
2 3322 0.2

03032
1 0321 0.34025974026
0 30320 0.345454545455
3 323 0.0909090909091
2 30322 0.223376623377

32032
1 0321 0.298076923077
0 320 0.408653846154
3 323 0.0528846153846
2 20322 0.240384615385

30232
1 12321 0.352112676056
0 2320 0.356807511737
3 02323 0.103286384977
2 322 0.18779342723

01232
1 12321 0.323316062176
0 2320 0.352331606218
3 12323 0.110880829016
2 12322 0.213471502591

31232
1 12321 0.305220883534
0 2320 0.349397590361
3 323 0.10843373494
2 2322 0.236947791165

232
1 12321 0.332156767283
0 2320 0.355404089581
3 2323 0.0890944498539
2 2322 0.223344693281

2012
1 20121 0.30652335063
0 120 0.47139856684
3 20123 0.0530639980232
2 122 0.169014084507

22012
1 20121 0.317136498516
0 120 0.423961424332
3 123 0.0615727002967
2 122 0.197329376855

12
1 121 0.293030168287
0 120 0.498896379886
3 123 0.0509187487231
2 122 0.157154703104

00212
1 121 0.304037388031
0 120 0.48500584188
3 02123 0.0508892639231
2 122 0.160067506166

3332
1 33321 0.328719723183
0 320 0.346020761246
3 33323 0.114186851211
2 33322 0.21107266436

30032
1 0321 0.315789473684
0 320 0.399380804954
3 323 0.0743034055728
2 30022 0.210526315789

20032
1 321 0.323557237465
0 320 0.416272469253
3 00323 0.0747398297067
2 00322 0.185430463576

0032
1 00321 0.304279149914
0 00320 0.476593911545
3 00323 0.0581562320505
2 00322 0.160970706491

22232
1 22321 0.347290640394
0 2320 0.334975369458
3 323 0.0689655172414
2 22322 0.248768472906

12232
1 22321 0.322327044025
0 2320 0.349056603774
3 2323 0.0959119496855
2 22322 0.232704402516

00032
1 31021 0.290991759022
0 00320 0.517760727479
3 00323 0.047456663825
2 00322 0.143790849673

3232
1 32321 0.319327731092
0 32320 0.329131652661
3 32323 0.114845938375
2 32322 0.236694677871

31312
1 13121 0.346385542169
0 3120 0.352409638554
3 3123 0.0873493975904
2 13122 0.213855421687

0312
1 3121 0.299958626396
0 03120 0.430492345883
3 03123 0.0740587505172
2 13122 0.195490277203

10312
1 3121 0.314635718891
0 03120 0.412637008382
3 03123 0.0722114764668
2 3122 0.20051579626

312
1 3121 0.318403268898
0 3120 0.394546597517
3 3123 0.0819581958196
2 3122 0.205091937765

32312
1 23121 0.34649122807
0 3120 0.34649122807
3 3123 0.0964912280702
2 3122 0.210526315789

2312
1 23121 0.316002949853
0 23120 0.374262536873
3 3123 0.0844395280236
2 3122 0.225294985251

11232
1 321 0.323687031083
0 12320 0.367631296892
3 12323 0.091103965702
2 12322 0.217577706324

23232
1 32321 0.337423312883
0 32320 0.276073619632
3 323 0.141104294479
2 322 0.245398773006

1232
1 12321 0.322101449275
0 12320 0.351811594203
3 12323 0.101086956522
2 12322 0.225

31212
1 12121 0.320958083832
0 32120 0.392814371257
3 2123 0.0766467065868
2 12122 0.209580838323

23312
1 3121 0.407407407407
0 3120 0.300925925926
3 33123 0.101851851852
2 33122 0.189814814815

12312
1 3121 0.318129988597
0 23120 0.361459521095
3 123 0.0923603192702
2 3122 0.228050171038

3312
1 33121 0.347263681592
0 3120 0.335323383085
3 33123 0.100497512438
2 33122 0.216915422886

13312
1 33121 0.33724340176
0 3120 0.346041055718
3 123 0.105571847507
2 3122 0.211143695015

0212
1 32121 0.3113242346
0 32120 0.455305545309
3 02123 0.0582810770933
2 02122 0.175089142998

20212
1 32121 0.321691176471
0 32120 0.407352941176
3 2123 0.0702205882353
2 02122 0.200735294118

01212
1 32121 0.301566080978
0 32120 0.45320855615
3 2123 0.0603514132926
2 12122 0.18487394958

00312
1 121 0.284433962264
0 03120 0.458018867925
3 123 0.0688679245283
2 13122 0.188679245283

03312
1 121 0.354107648725
0 3120 0.317280453258
3 33123 0.0906515580737
2 33122 0.237960339943

32212
1 12121 0.343537414966
0 32120 0.367346938776
3 2123 0.0867346938776
2 32122 0.202380952381

33212
1 32121 0.301310043668
0 32120 0.353711790393
3 123 0.0960698689956
2 32122 0.248908296943

30212
1 32121 0.317857142857
0 32120 0.391666666667
3 02123 0.072619047619
2 32122 0.217857142857

212
1 32121 0.316587579946
0 32120 0.425469362492
3 2123 0.0683412420054
2 32122 0.189601815556

3112
1 31121 0.327963755349
0 31120 0.392146992197
3 31123 0.073747797634
2 31122 0.20614145482

1032
1 321 0.317887706116
0 320 0.411605092882
3 10323 0.0768106867042
2 10322 0.193696514298

11032
1 0321 0.312458800264
0 320 0.404087013843
3 10323 0.0784442979565
2 0322 0.205009887937

1132
1 1321 0.322857844341
0 11320 0.380554873558
3 11323 0.0697274736067
2 322 0.226859808495

31132
1 1321 0.332225913621
0 11320 0.358803986711
3 11323 0.0797342192691
2 1322 0.229235880399

00112
1 31021 0.280133501122
0 120 0.542047381955
3 01123 0.0421294523171
2 01122 0.135689664606

30322
1 3221 0.35652173913
0 03220 0.330434782609
3 3223 0.0652173913043
2 30022 0.247826086957

3322
1 33221 0.328317373461
0 3220 0.340629274966
3 33223 0.0916552667579
2 33222 0.239398084815

23322
1 33221 0.350785340314
0 3220 0.335078534031
3 33223 0.0785340314136
2 3222 0.235602094241

322
1 3221 0.336211149482
0 3220 0.350394671929
3 3223 0.0895411938826
2 3222 0.223852984706

1322
1 3221 0.337157660992
0 3220 0.339008142117
3 13223 0.0880829015544
2 3222 0.235751295337

10322
1 03221 0.354525862069
0 03220 0.345905172414
3 03223 0.09375
2 222 0.205818965517

0322
1 03221 0.337323943662
0 03220 0.364788732394
3 03223 0.0834507042254
2 03222 0.214436619718

20322
1 03221 0.311942959002
0 3220 0.352941176471
3 03223 0.0909090909091
2 03222 0.244206773619

02322
1 23221 0.342715231788
0 3220 0.349337748344
3 3223 0.104304635762
2 3222 0.203642384106

12322
1 3221 0.355877616747
0 3220 0.342995169082
3 23223 0.0805152979066
2 3222 0.220611916264

32322
1 23221 0.325443786982
0 3220 0.372781065089
3 23223 0.12426035503
2 222 0.177514792899

2322
1 23221 0.336239782016
0 3220 0.348773841962
3 23223 0.100272479564
2 3222 0.214713896458

0112
1 01121 0.294704483499
0 01120 0.503480076562
3 01123 0.0483150629314
2 01122 0.153500377008

10112
1 121 0.30610985394
0 1120 0.473359391072
3 01123 0.0532812178564
2 30022 0.167249537132

23332
1 3321 0.264705882353
0 320 0.411764705882
3 3323 0.0882352941176
2 3322 0.235294117647

01332
1 13321 0.313624678663
0 320 0.359897172237
3 3323 0.0874035989717
2 3322 0.239074550129

10012
1 0121 0.27368239752
0 0120 0.553450453554
3 0123 0.0378918360317
2 0122 0.134975312895

32012
1 20121 0.328342245989
0 120 0.402139037433
3 23 0.0673796791444
2 122 0.202139037433

12012
1 20121 0.311913504692
0 120 0.459812321501
3 0123 0.0552835577315
2 122 0.172990616075

21012
1 121 0.310810810811
0 120 0.452598752599
3 23 0.0573804573805
2 122 0.17920997921

30012
1 121 0.310526315789
0 120 0.464736842105
3 00123 0.0489473684211
2 122 0.175789473684

13132
1 321 0.354838709677
0 31320 0.325806451613
3 23 0.0870967741935
2 31322 0.232258064516

20012
1 31021 0.284637522269
0 120 0.521995340551
3 0123 0.0446758942031
2 0122 0.148691242977

11212
1 12121 0.323354774864
0 12120 0.405492330529
3 23 0.0761999010391
2 32122 0.194952993568

3032
1 321 0.333333333333
0 30320 0.352467270896
3 30323 0.0825780463243
2 30322 0.231621349446

21332
1 3321 0.375510204082
0 320 0.330612244898
3 13323 0.069387755102
2 3322 0.224489795918

1332
1 13321 0.333333333333
0 320 0.340952380952
3 13323 0.0866666666667
2 3322 0.239047619048

11332
1 13321 0.326409495549
0 320 0.329376854599
3 13323 0.100890207715
2 322 0.243323442136

33032
1 31021 0.470588235294
0 30320 0.235294117647
3 30323 0.0705882352941
2 322 0.223529411765

01012
1 0121 0.279986369832
0 0120 0.549636528851
3 10123 0.0374829622899
2 0122 0.132894139028

1212
1 12121 0.313589970264
0 12120 0.420798842723
3 12123 0.071285059873
2 12122 0.19432612714

11012
1 10121 0.2976956612
0 120 0.489412497405
3 10123 0.050965331119
2 122 0.161926510276

31012
1 121 0.333333333333
0 120 0.415807560137
3 10123 0.0563573883162
2 122 0.194501718213

21212
1 12121 0.321030042918
0 12120 0.384549356223
3 12123 0.0854077253219
2 32122 0.209012875536

22132
1 1321 0.335640138408
0 21320 0.352941176471
3 23 0.0916955017301
2 1322 0.219723183391

20312
1 3121 0.28998849252
0 3120 0.42002301496
3 23 0.0943613348677
2 13122 0.195627157652

30312
1 3121 0.363945578231
0 3120 0.357142857143
3 23 0.0612244897959
2 3122 0.21768707483

3012
1 30121 0.31627806563
0 30120 0.427461139896
3 30123 0.0649827288428
2 30122 0.19127806563

03012
1 121 0.319358178054
0 30120 0.446169772257
3 30123 0.0574534161491
2 122 0.17701863354

21232
1 321 0.324632952692
0 12320 0.327895595432
3 23 0.0978792822186
2 30022 0.249592169657

00122
1 31021 0.302602773048
0 01220 0.482364388227
3 223 0.0541230844077
2 30022 0.160909754318

10022
1 31021 0.294378505282
0 0220 0.49889135255
3 00223 0.0500847789227
2 00222 0.156645363245

0022
1 31021 0.282782496966
0 00220 0.530337640089
3 00223 0.0423656221001
2 00222 0.144514240845

31322
1 3221 0.367149758454
0 3220 0.275362318841
3 23 0.111111111111
2 3222 0.246376811594

33322
1 33221 0.344262295082
0 3220 0.344262295082
3 223 0.0819672131148
2 33222 0.229508196721

0122
1 01221 0.309609805199
0 01220 0.450529930724
3 01223 0.0614601219729
2 01222 0.178400142104

20222
1 2221 0.318374772589
0 12220 0.395391146149
3 223 0.0667070952092
2 2222 0.219526986052

31222
1 12221 0.344122657581
0 12220 0.339011925043
3 12223 0.0885860306644
2 12222 0.228279386712

22222
1 2221 0.343453510436
0 12220 0.346299810247
3 22223 0.0882352941176
2 222 0.222011385199

32222
1 2221 0.313199105145
0 12220 0.331096196868
3 23 0.107382550336
2 2222 0.248322147651

3022
1 30221 0.323474354174
0 30220 0.394983152377
3 30223 0.077499064021
2 30222 0.204043429427

13022
1 30221 0.321864594895
0 30220 0.382907880133
3 23 0.0832408435072
2 222 0.211986681465

222
1 2221 0.322517375176
0 12220 0.390483093847
3 2223 0.0747452351512
2 2222 0.212254295826

10222
1 02221 0.330523357921
0 03220 0.39550403934
3 2223 0.0702493853179
2 222 0.203723217422

0222
1 02221 0.310891089109
0 03220 0.428712871287
3 02223 0.0640264026403
2 02222 0.196369636964

11222
1 12221 0.319883527454
0 12220 0.375207986689
3 2223 0.0798668885191
2 12222 0.225041597338

01022
1 10221 0.296590909091
0 0220 0.493560606061
3 10223 0.0507575757576
2 10222 0.159090909091

022
1 10221 0.29917739628
0 0220 0.486534334764
3 0223 0.051734620887
2 0222 0.162553648069

1022
1 10221 0.311274808231
0 10220 0.457628150493
3 10223 0.057774260319
2 10222 0.173322780957

21022
1 11221 0.326280623608
0 30220 0.41425389755
3 10223 0.0697847067558
2 222 0.189680772086

31022
1 11221 0.3300330033
0 30220 0.372937293729
3 10223 0.0847084708471
2 10222 0.212321232123

11022
1 10221 0.323271466449
0 30220 0.439118906792
3 0223 0.057515806649
2 0222 0.18009382011

03222
1 32221 0.31855500821
0 12220 0.372742200328
3 223 0.0771756978654
2 222 0.231527093596

01222
1 11221 0.321938267507
0 12220 0.395618984401
3 12223 0.0706936608032
2 2222 0.211749087288

33222
1 32221 0.285714285714
0 30220 0.314285714286
3 223 0.12
2 32222 0.28

30022
1 11221 0.352071005917
0 30220 0.418145956607
3 223 0.0562130177515
2 222 0.173570019724

02022
1 31221 0.324499870096
0 30220 0.448168355417
3 223 0.0579371265264
2 222 0.169394647961

12222
1 11221 0.342789598109
0 12220 0.36170212766
3 22223 0.0945626477541
2 22222 0.200945626478

2222
1 32221 0.340498192045
0 12220 0.360787464845
3 22223 0.0869827239855
2 22222 0.211731619124

20022
1 11221 0.293196697979
0 30220 0.478223740393
3 00223 0.0549387987475
2 00222 0.173640762881

02222
1 32221 0.343417366947
0 12220 0.375910364146
3 2223 0.0739495798319
2 2222 0.206722689076

30222
1 11221 0.302752293578
0 30220 0.387155963303
3 2223 0.0715596330275
2 222 0.238532110092

3222
1 32221 0.320110192837
0 30220 0.336639118457
3 32223 0.0969696969697
2 32222 0.246280991736

00222
1 11221 0.295134601136
0 03220 0.471227463571
3 02223 0.0575450728575
2 02222 0.176092862435

30122
1 11221 0.332957110609
0 31220 0.387133182844
3 223 0.0835214446953
2 31222 0.196388261851

02122
1 11221 0.340238764045
0 11220 0.394311797753
3 223 0.0712780898876
2 222 0.194171348315

11122
1 11221 0.331243731194
0 11220 0.389919759278
3 223 0.0799899699097
2 11222 0.198846539619

33122
1 11221 0.293577981651
0 31220 0.366972477064
3 31223 0.0963302752294
2 31222 0.243119266055

21122
1 11221 0.330263157895
0 11220 0.384210526316
3 11223 0.0815789473684
2 31222 0.203947368421

31122
1 11221 0.345543345543
0 11220 0.367521367521
3 11223 0.0866910866911
2 11222 0.200244200244

13122
1 31221 0.325358851675
0 31220 0.346889952153
3 223 0.0861244019139
2 31222 0.241626794258

3122
1 31221 0.329885057471
0 31220 0.358620689655
3 31223 0.0865900383142
2 31222 0.224904214559

01122
1 11221 0.308898545248
0 31220 0.447194407708
3 23 0.0583789911203
2 31222 0.185528055923

10122
1 11221 0.308027750248
0 31220 0.436075322101
3 23 0.0632309217047
2 01222 0.192666005946

12122
1 11221 0.313068651778
0 11220 0.39205955335
3 1223 0.0711331679074
2 31222 0.223738626964

122
1 11221 0.317656954959
0 31220 0.42045831103
3 1223 0.0689250847544
2 31222 0.192959649257

01112
1 31121 0.306134603931
0 1120 0.476771888029
3 23 0.0533055390113
2 11122 0.163787969029

30112
1 31121 0.331317204301
0 1120 0.412634408602
3 23 0.051747311828
2 122 0.204301075269

12112
1 21121 0.33280798529
0 1120 0.405306015235
3 23 0.0772261623325
2 21122 0.184659837142

1012
1 10121 0.291819619781
0 10120 0.512579461008
3 10123 0.0450353657445
2 10122 0.150565553466

30332
1 3321 0.388235294118
0 320 0.258823529412
3 3 0.105882352941
2 3322 0.247058823529

32232
1 12321 0.340314136126
0 2320 0.277486910995
3 3 0.0942408376963
2 22322 0.287958115183

33232
1 32321 0.205882352941
0 32320 0.411764705882
3 3 0.132352941176
2 32322 0.25

33012
1 30121 0.356435643564
0 30120 0.343234323432
3 3 0.0726072607261
2 122 0.227722772277

03322
1 33221 0.324561403509
0 30220 0.355263157895
3 3 0.0921052631579
2 33222 0.228070175439

00322
1 03221 0.331846565566
0 03220 0.393398751115
3 3 0.0749330954505
2 3222 0.199821587868

32022
1 31221 0.299465240642
0 30220 0.388591800357
3 20223 0.0855614973262
2 20222 0.226381461676

22022
1 31221 0.326813880126
0 30220 0.406940063091
3 20223 0.0574132492114
2 0222 0.208832807571

32122
1 11221 0.31724137931
0 11220 0.348275862069
3 21223 0.103448275862
2 31222 0.231034482759

22322
1 23221 0.303854875283
0 3220 0.34693877551
3 3 0.113378684807
2 3222 0.235827664399

33112
1 31121 0.345890410959
0 31120 0.359589041096
3 3 0.0821917808219
2 31122 0.212328767123

33312
1 33121 0.221052631579
0 3120 0.442105263158
3 33123 0.115789473684
2 31002 0.221052631579

01113
1 11131 0.315807679004
0 1130 0.434797647873
3 133 0.0688343133864
2 1132 0.180560359737

12113
1 21131 0.332078313253
0 1130 0.378765060241
3 33 0.0918674698795
2 32 0.197289156627

113
1 31131 0.321870571564
0 1130 0.414785073217
3 1133 0.0709494567785
2 1132 0.192394898441

32113
1 21131 0.372990353698
0 21130 0.299035369775
3 133 0.0675241157556
2 31132 0.260450160772

22113
1 21131 0.346633416459
0 21130 0.371571072319
3 21133 0.0798004987531
2 1132 0.201995012469

2113
1 21131 0.33084762615
0 21130 0.386278896346
3 21133 0.084762614964
2 31132 0.19811086254

03332
1 33321 0.329268292683
0 3320 0.378048780488
3 323 0.0853658536585
2 33322 0.207317073171

32332
1 3321 0.271428571429
0 3320 0.257142857143
3 23 0.171428571429
2 3322 0.3

332
1 3321 0.327090732967
0 3320 0.337100419761
3 3323 0.0997739748143
2 3322 0.236034872457

31332
1 13321 0.329113924051
0 3320 0.329113924051
3 3323 0.0759493670886
2 322 0.26582278481

00332
1 03321 0.309523809524
0 3320 0.354497354497
3 03323 0.108465608466
2 30022 0.227513227513

10332
1 321 0.322388059701
0 3320 0.355223880597
3 3323 0.0985074626866
2 03322 0.223880597015

0332
1 03321 0.330039525692
0 3320 0.340909090909
3 03323 0.103754940711
2 03322 0.225296442688

20332
1 03321 0.355140186916
0 3320 0.327102803738
3 3 0.102803738318
2 322 0.214953271028

32233
1 331 0.333333333333
0 32330 0.289855072464
3 3 0.115942028986
2 32 0.260869565217

02133
1 21331 0.356125356125
0 330 0.324786324786
3 3 0.0712250712251
2 1332 0.247863247863

11133
1 21331 0.320866141732
0 11330 0.320866141732
3 33 0.0944881889764
2 11332 0.263779527559

0233
1 02331 0.299526066351
0 02330 0.361137440758
3 02333 0.0909952606635
2 02332 0.248341232227

30233
1 2331 0.369047619048
0 02330 0.369047619048
3 02333 0.0952380952381
2 2332 0.166666666667

20233
1 02331 0.274509803922
0 32330 0.392156862745
3 02333 0.107843137255
2 02332 0.225490196078

00233
1 02331 0.308056872038
0 02330 0.374407582938
3 02333 0.0734597156398
2 332 0.244075829384

12021
1 30211 0.31215526047
0 32210 0.455975485189
3 0213 0.0584269662921
2 20212 0.173442288049

30021
1 30211 0.302384576357
0 32210 0.479452054795
3 0213 0.0578386605784
2 212 0.16032470827

03021
1 30211 0.29334038055
0 30210 0.482558139535
3 0213 0.0565539112051
2 212 0.16754756871

0021
1 00211 0.258108264081
0 00210 0.599246883657
3 00213 0.0315096952909
2 00212 0.111135156971

10021
1 0211 0.278387418579
0 0210 0.554779649082
3 00213 0.0388474854762
2 00212 0.127985446863

021
1 0211 0.274323897972
0 0210 0.554334900051
3 0213 0.0397531004021
2 0212 0.131588101575

21131
1 11311 0.34184823441
0 11310 0.39969947408
3 13 0.0796393688956
2 11312 0.178812922615

31131
1 11311 0.353846153846
0 11310 0.364835164835
3 11313 0.0681318681319
2 11312 0.213186813187

11131
1 11311 0.342391304348
0 11310 0.391757246377
3 1313 0.0697463768116
2 1312 0.196105072464

00121
1 01211 0.280116349267
0 32210 0.544316996872
3 213 0.0388013830196
2 01212 0.136765270841

0121
1 01211 0.291088131064
0 01210 0.511444838204
3 213 0.0453726834369
2 01212 0.152094347296

00021
1 30011 0.241963247267
0 00210 0.637334263782
3 3 0.0248895091882
2 12 0.0958129797627

13121
1 31211 0.316618911175
0 31210 0.400429799427
3 213 0.0759312320917
2 31212 0.207020057307

12121
1 31211 0.330599692465
0 31210 0.399538698104
3 213 0.0697078421322
2 21212 0.200153767299

3121
1 31211 0.311944718657
0 31210 0.412635735439
3 31213 0.0693484698914
2 31212 0.206071076012

33121
1 31211 0.309455587393
0 31210 0.412607449857
3 31213 0.054441260745
2 212 0.223495702006

23121
1 31211 0.330221703617
0 31210 0.386231038506
3 31213 0.0700116686114
2 1212 0.213535589265

32121
1 31211 0.326266195524
0 31210 0.389870435807
3 31213 0.0718492343934
2 21212 0.212014134276

01121
1 31211 0.300531391458
0 11210 0.481401298957
3 213 0.0529423341862
2 212 0.165124975399

30121
1 01211 0.305802047782
0 11210 0.443686006826
3 213 0.0580204778157
2 1212 0.192491467577

20121
1 31211 0.315195485691
0 11210 0.460096735187
3 213 0.0566303909714
2 1212 0.16807738815

10121
1 31211 0.297095520556
0 11210 0.486398036408
3 31213 0.0500102270403
2 01212 0.166496215995

121
1 31211 0.302993848257
0 11210 0.471496924129
3 31213 0.0554066985646
2 1212 0.17010252905

321
1 3211 0.327347958467
0 3210 0.391521586385
3 3213 0.0768209852447
2 3212 0.204309469904

32321
1 3211 0.293859649123
0 3210 0.377192982456
3 213 0.0745614035088
2 3212 0.254385964912

33321
1 30211 0.357894736842
0 3210 0.326315789474
3 33213 0.136842105263
2 3212 0.178947368421

23321
1 3211 0.324786324786
0 3210 0.354700854701
3 33213 0.0811965811966
2 33212 0.239316239316

00321
1 3211 0.318074563473
0 3210 0.441717791411
3 213 0.066540821142
2 212 0.173666823974

03321
1 33211 0.377245508982
0 3210 0.338323353293
3 3213 0.0658682634731
2 33212 0.218562874251

3321
1 33211 0.339585389931
0 3210 0.350444225074
3 33213 0.0839091806515
2 33212 0.226061204344

13321
1 33211 0.308571428571
0 3210 0.365714285714
3 33213 0.0885714285714
2 212 0.237142857143

0321
1 3211 0.327698574338
0 3210 0.419755600815
3 03213 0.067617107943
2 3212 0.184928716904

22321
1 3211 0.355590062112
0 13210 0.357142857143
3 3213 0.100931677019
2 3212 0.186335403727

1321
1 3211 0.328602357469
0 13210 0.372143372624
3 13213 0.080827519846
2 3212 0.21842675006

21021
1 30211 0.299878345499
0 32210 0.469180859692
3 213 0.0598134630981
2 0212 0.171127331711

02021
1 30211 0.294828482328
0 32210 0.50090956341
3 213 0.0487266112266
2 20212 0.155535343035

11021
1 30211 0.293343087052
0 32210 0.49524506218
3 10213 0.049325948375
2 212 0.162085902393

3221
1 32211 0.337857666911
0 32210 0.367204695525
3 32213 0.0792369772561
2 32212 0.215700660308

31021
1 30211 0.314305364512
0 32210 0.453920220083
3 213 0.0557083906465
2 212 0.176066024759

33221
1 32211 0.3
0 32210 0.341666666667
3 12213 0.0958333333333
2 32212 0.2625

12321
1 3211 0.313835770529
0 13210 0.391451068616
3 23213 0.0843644544432
2 3212 0.210348706412

32021
1 30211 0.296551724138
0 32210 0.420689655172
3 20213 0.0712643678161
2 20212 0.211494252874

22021
1 30211 0.313675832127
0 32210 0.441027496382
3 20213 0.068017366136
2 212 0.177279305355

3021
1 30211 0.318111964874
0 30210 0.434906695939
3 30213 0.0625686059276
2 30212 0.18441273326

13021
1 30211 0.332430602573
0 30210 0.419769803656
3 213 0.0649966147596
2 30212 0.182802979012

02221
1 32211 0.303963198868
0 12210 0.426751592357
3 22213 0.0686482661005
2 32212 0.200636942675

2221
1 30211 0.321126388154
0 12210 0.395822316235
3 22213 0.0777366472766
2 32212 0.205314648334

03221
1 32211 0.330897703549
0 12210 0.387265135699
3 32213 0.0824634655532
2 32212 0.199373695198

01221
1 32211 0.330082233697
0 12210 0.433161216294
3 213 0.059475999235
2 32212 0.177280550775

12221
1 30211 0.330625507717
0 12210 0.383834281072
3 213 0.0755483346872
2 32212 0.209991876523

30221
1 32211 0.311342592593
0 12210 0.408564814815
3 213 0.0763888888889
2 212 0.203703703704

23221
1 32211 0.345218800648
0 12210 0.350081037277
3 13 0.0842787682334
2 32212 0.220421393841

11221
1 32211 0.325400801603
0 12210 0.404308617234
3 12213 0.0701402805611
2 32212 0.200150300601

32221
1 30211 0.325301204819
0 12210 0.339070567986
3 12213 0.110154905336
2 32212 0.225473321859

31221
1 32211 0.346109175377
0 12210 0.358885017422
3 12213 0.082462253194
2 212 0.212543554007

10221
1 32211 0.300997457461
0 12210 0.460590651281
3 02213 0.0586739683161
2 212 0.179737922942

31121
1 11211 0.309286262471
0 11210 0.382962394474
3 11213 0.0859554873369
2 11212 0.221795855718

21121
1 11211 0.308274470232
0 11210 0.419021190716
3 31213 0.071897073663
2 11212 0.200807265388

31331
1 13311 0.315789473684
0 3310 0.308270676692
3 13 0.142857142857
2 3312 0.233082706767

30331
1 3311 0.376923076923
0 3310 0.3
3 03313 0.0615384615385
2 312 0.261538461538

00331
1 3311 0.323529411765
0 310 0.416408668731
3 03313 0.0572755417957
2 03312 0.202786377709

01021
1 0211 0.279289536605
0 0210 0.547762723443
3 13 0.0390527154731
2 0212 0.133895024479

1021
1 0211 0.287849407834
0 32210 0.517138510188
3 10213 0.0457623579249
2 0212 0.149249724054

31113
1 30131 0.285067873303
0 11130 0.407239819005
3 11133 0.10407239819
2 32 0.203619909502

13123
1 231 0.335211267606
0 31230 0.335211267606
3 3 0.0704225352113
2 1232 0.259154929577

32123
1 21231 0.393939393939
0 11230 0.307359307359
3 3 0.0865800865801
2 21232 0.212121212121

21323
1 231 0.27731092437
0 3230 0.357142857143
3 3 0.142857142857
2 32 0.22268907563

01323
1 231 0.336956521739
0 3230 0.320652173913
3 13233 0.103260869565
2 13232 0.239130434783

21123
1 11231 0.311163895487
0 11230 0.359857482185
3 11233 0.0985748218527
2 232 0.230403800475

11123
1 11231 0.358264771877
0 11230 0.346297681376
3 11233 0.0800299177263
2 11232 0.21540762902

3123
1 31231 0.339405560882
0 31230 0.341323106424
3 31233 0.0805369127517
2 31232 0.238734419942

03123
1 31231 0.321229050279
0 11230 0.365921787709
3 31233 0.0837988826816
2 31232 0.22905027933

22323
1 231 0.307692307692
0 3230 0.320512820513
3 233 0.121794871795
2 23232 0.25

31323
1 3231 0.277108433735
0 3230 0.361445783133
3 233 0.10843373494
2 3232 0.253012048193

32323
1 3231 0.268292682927
0 3230 0.30487804878
3 233 0.121951219512
2 23232 0.30487804878

23323
1 3231 0.4125
0 3230 0.2375
3 33233 0.1375
2 3232 0.2125

0323
1 3231 0.344892221181
0 3230 0.346766635426
3 03233 0.0805998125586
2 03232 0.227741330834

33123
1 31231 0.386138613861
0 31230 0.277227722772
3 1233 0.0891089108911
2 31232 0.247524752475

20123
1 231 0.331781140861
0 11230 0.379511059371
3 1233 0.0745052386496
2 01232 0.214202561118

123
1 31231 0.328849028401
0 11230 0.377232318464
3 1233 0.076783887971
2 1232 0.217134765164

02123
1 231 0.323839662447
0 21230 0.337552742616
3 1233 0.0833333333333
2 1232 0.255274261603

2123
1 21231 0.336226415094
0 21230 0.342641509434
3 1233 0.0898113207547
2 21232 0.231320754717

12323
1 231 0.326164874552
0 3230 0.379928315412
3 23233 0.114695340502
2 23232 0.179211469534

02323
1 23231 0.381395348837
0 3230 0.306976744186
3 23233 0.0837209302326
2 232 0.227906976744

00323
1 3231 0.367901234568
0 3230 0.377777777778
3 3233 0.079012345679
2 32 0.175308641975

33323
1 33231 0.30303030303
0 3230 0.272727272727
3 3233 0.212121212121
2 3232 0.212121212121

323
1 3231 0.333657903278
0 3230 0.333982473223
3 3233 0.100616682895
2 3232 0.231742940604

2323
1 23231 0.331967213115
0 3230 0.337431693989
3 23233 0.107923497268
2 23232 0.222677595628

31123
1 11231 0.324232081911
0 11230 0.37542662116
3 33 0.0887372013652
2 1232 0.211604095563

30113
1 01131 0.346
0 1130 0.372
3 33 0.07
2 1132 0.212

33113
1 31 0.368421052632
0 31130 0.345864661654
3 1133 0.0676691729323
2 1132 0.218045112782

10113
1 01131 0.314104949758
0 1130 0.429847413472
3 01133 0.0636397469297
2 32 0.19240788984

20113
1 01131 0.306451612903
0 1130 0.401209677419
3 01133 0.0779569892473
2 1132 0.21438172043

00213
1 02131 0.302655677656
0 130 0.434065934066
3 02133 0.0668498168498
2 30132 0.196428571429

0213
1 02131 0.311965811966
0 02130 0.41107041107
3 02133 0.0714285714286
2 2132 0.205535205535

33223
1 32231 0.223880597015
0 30230 0.313432835821
3 32233 0.10447761194
2 2232 0.358208955224

3223
1 32231 0.315426997245
0 32230 0.326446280992
3 32233 0.095041322314
2 32232 0.263085399449

03223
1 2231 0.270042194093
0 32230 0.35864978903
3 32233 0.0970464135021
2 32232 0.274261603376

13223
1 231 0.361344537815
0 32230 0.306722689076
3 32233 0.0882352941176
2 32232 0.243697478992

31023
1 231 0.330827067669
0 10230 0.37969924812
3 0233 0.101503759398
2 10232 0.187969924812

13023
1 231 0.276923076923
0 30230 0.356923076923
3 30233 0.113846153846
2 30232 0.252307692308

023
1 0231 0.323165598083
0 30230 0.42225244479
3 0233 0.0683245903763
2 0232 0.186257366751

23023
1 30231 0.370967741935
0 30230 0.344086021505
3 0233 0.0806451612903
2 30232 0.204301075269

3023
1 30231 0.309471365639
0 30230 0.363436123348
3 30233 0.0925110132159
2 30232 0.234581497797

20023
1 31 0.324786324786
0 30230 0.41975308642
3 0233 0.0712250712251
2 00232 0.184235517569

10023
1 31 0.328828828829
0 30230 0.42042042042
3 0233 0.0695695695696
2 0232 0.181181181181

2023
1 20231 0.335883424408
0 30230 0.380327868852
3 20233 0.0743169398907
2 20232 0.209471766849

02023
1 20231 0.33423180593
0 30230 0.383647798742
3 0233 0.07367475292
2 232 0.208445642408

0023
1 31 0.316197587593
0 30230 0.451895462378
3 00233 0.0605973578403
2 00232 0.171309592188

1203
1 12031 0.315421581477
0 12030 0.414809960682
3 12033 0.06749672346
2 12032 0.202271734382

10013
1 00131 0.296968190855
0 0130 0.493787276342
3 3 0.0442345924453
2 00132 0.165009940358

30023
1 231 0.322784810127
0 30230 0.379746835443
3 3 0.0917721518987
2 00232 0.205696202532

33023
1 30231 0.345679012346
0 30230 0.37037037037
3 3 0.123456790123
2 232 0.16049382716

00023
1 31 0.306088407006
0 30 0.485126494301
3 3 0.0497636919655
2 00232 0.159021406728

10203
1 31 0.32794340576
0 30 0.426478019202
3 3 0.0530570995452
2 32 0.192521475493

30003
1 031 0.285106382979
0 30 0.489361702128
3 3 0.0425531914894
2 32 0.182978723404

13003
1 031 0.314035087719
0 30030 0.429824561404
3 3 0.059649122807
2 30032 0.19649122807

21013
1 31 0.307692307692
0 10130 0.429258241758
3 3 0.0686813186813
2 32 0.194368131868

12303
1 3031 0.325657894737
0 23030 0.398026315789
3 3 0.0493421052632
2 032 0.226973684211

13013
1 30131 0.32380952381
0 30130 0.390476190476
3 3 0.0914285714286
2 32 0.194285714286

10323
1 3231 0.345108695652
0 30230 0.317934782609
3 3 0.0788043478261
2 3232 0.258152173913

32103
1 21031 0.326923076923
0 30 0.371794871795
3 3 0.105769230769
2 1032 0.195512820513

13303
1 3031 0.262626262626
0 3030 0.353535353535
3 3 0.10101010101
2 33032 0.282828282828

23223
1 32231 0.347826086957
0 32230 0.315217391304
3 3 0.0978260869565
2 32232 0.239130434783

13203
1 32031 0.282828282828
0 32030 0.380471380471
3 32033 0.10101010101
2 32 0.23569023569

3203
1 32031 0.327122153209
0 32030 0.368530020704
3 32033 0.0890269151139
2 32032 0.215320910973

12033
1 0331 0.326860841424
0 330 0.37216828479
3 3 0.0582524271845
2 332 0.242718446602

11323
1 3231 0.320422535211
0 30230 0.320422535211
3 13233 0.0845070422535
2 13232 0.274647887324

01123
1 11231 0.332533013205
0 30230 0.361344537815
3 11233 0.0726290516206
2 11232 0.233493397359

32023
1 20231 0.318681318681
0 30230 0.39010989011
3 20233 0.0769230769231
2 31002 0.214285714286

10223
1 02231 0.355110642782
0 30230 0.346680716544
3 02233 0.0927291886196
2 02232 0.205479452055

0223
1 02231 0.335637746284
0 02230 0.358451434497
3 02233 0.0871068095403
2 02232 0.218804009679

12223
1 32231 0.350533807829
0 22230 0.314946619217
3 22233 0.113879003559
2 2232 0.220640569395

223
1 2231 0.337914809312
0 22230 0.340886577514
3 12233 0.0901436354631
2 2232 0.231054977712

31223
1 2231 0.353982300885
0 30 0.318584070796
3 12233 0.0840707964602
2 2232 0.243362831858

11223
1 2231 0.322033898305
0 02230 0.343502824859
3 12233 0.0937853107345
2 2232 0.240677966102

22223
1 32231 0.337182448037
0 22230 0.316397228637
3 22233 0.0877598152425
2 232 0.258660508083

00223
1 2231 0.319292333614
0 02230 0.391743892165
3 233 0.0775063184499
2 232 0.211457455771

30123
1 31231 0.355481727575
0 30230 0.312292358804
3 01233 0.0830564784053
2 232 0.249169435216

30223
1 02231 0.333333333333
0 02230 0.371980676329
3 02233 0.0676328502415
2 32 0.227053140097

23
1 231 0.328855987179
0 30230 0.38405963011
3 233 0.0780737235748
2 232 0.209010659137

12023
1 0231 0.330734966592
0 30230 0.391982182628
3 233 0.0801781737194
2 20232 0.19710467706

2223
1 32231 0.349115801483
0 22230 0.318311466058
3 22233 0.100969766115
2 22232 0.231602966343

01223
1 2231 0.343930635838
0 22230 0.349710982659
3 12233 0.0818882466281
2 12232 0.224470134875

32223
1 32231 0.375
0 22230 0.295454545455
3 233 0.0909090909091
2 22232 0.238636363636

02223
1 32231 0.348797250859
0 30230 0.329896907216
3 12233 0.101374570447
2 22232 0.219931271478

1223
1 2231 0.339127218935
0 02230 0.340606508876
3 12233 0.0850591715976
2 12232 0.235207100592

0123
1 01231 0.316598360656
0 01230 0.420696721311
3 01233 0.0649590163934
2 01232 0.197745901639

00123
1 01231 0.298959746721
0 01230 0.455902306649
3 01233 0.0529172320217
2 1232 0.192220714609

03323
1 33231 0.390476190476
0 30 0.304761904762
3 33233 0.104761904762
2 33232 0.2

3323
1 33231 0.36569579288
0 33230 0.284789644013
3 33233 0.129449838188
2 33232 0.220064724919

12123
1 21231 0.312288613303
0 30230 0.363021420519
3 1233 0.0947012401353
2 232 0.229988726043

10123
1 31 0.326043737575
0 01230 0.414181577203
3 1233 0.0735586481113
2 01232 0.186216037111

30323
1 231 0.40243902439
0 30230 0.256097560976
3 3233 0.121951219512
2 32 0.219512195122

13323
1 33231 0.318681318681
0 33230 0.307692307692
3 3233 0.120879120879
2 33232 0.252747252747

21003
1 31 0.292875989446
0 30 0.477572559367
3 0033 0.0501319261214
2 032 0.179419525066

02003
1 031 0.280388471178
0 20030 0.517857142857
3 0033 0.0501253132832
2 032 0.151629072682

22013
1 02131 0.322654462243
0 30130 0.383295194508
3 0133 0.0800915331808
2 30132 0.213958810069

013
1 00131 0.292341313202
0 0130 0.484586603093
3 0133 0.0546008410318
2 0132 0.168471242674

0013
1 00131 0.280808347642
0 00130 0.527143045833
3 00133 0.0437854972923
2 00132 0.148263109233

33013
1 30131 0.345794392523
0 30130 0.383177570093
3 0133 0.0934579439252
2 0132 0.177570093458

30013
1 30131 0.308747855918
0 130 0.433962264151
3 00133 0.0463121783877
2 30132 0.210977701544

01013
1 00131 0.285248953001
0 0130 0.494416007445
3 10133 0.052815262913
2 10132 0.16751977664

11013
1 30131 0.301127819549
0 130 0.442481203008
3 10133 0.0718045112782
2 0132 0.184586466165

31013
1 30131 0.310843373494
0 10130 0.426506024096
3 10133 0.0602409638554
2 30132 0.202409638554

1013
1 10131 0.294937138974
0 10130 0.464831804281
3 10133 0.0615018688413
2 10132 0.178729187903

2013
1 02131 0.314358538658
0 30130 0.416312659303
3 20133 0.0677570093458
2 30132 0.201571792693

12013
1 30131 0.321162947938
0 30130 0.394185260311
3 20133 0.0696416497634
2 30132 0.215010141988

32013
1 02131 0.363636363636
0 30130 0.35736677116
3 20133 0.0658307210031
2 32 0.213166144201

22003
1 31 0.307614213198
0 30 0.440609137056
3 20033 0.053807106599
2 32 0.197969543147

12003
1 20031 0.313643491898
0 20030 0.452692106639
3 20033 0.0632514375327
2 20032 0.170412963931

32003
1 20031 0.326984126984
0 30 0.431746031746
3 20033 0.0761904761905
2 20032 0.165079365079

3103
1 31031 0.313333333333
0 30 0.396666666667
3 31033 0.0773333333333
2 31032 0.212666666667

23103
1 31031 0.29375
0 30 0.3875
3 1033 0.090625
2 31032 0.228125

31103
1 31 0.35520361991
0 11030 0.391402714932
3 11033 0.0656108597285
2 32 0.18778280543

02103
1 21031 0.30505952381
0 30 0.457837301587
3 21033 0.0605158730159
2 32 0.176587301587

10103
1 1031 0.28606903402
0 1030 0.511298733549
3 1033 0.0494164390365
2 01032 0.153215793395

1103
1 21031 0.316670541734
0 11030 0.451522901651
3 11033 0.0554522204139
2 11032 0.176354336201

2103
1 21031 0.312285223368
0 30 0.435781786942
3 21033 0.0663659793814
2 1032 0.185567010309

103
1 1031 0.295724913435
0 1030 0.486681065515
3 1033 0.0533443038843
2 1032 0.164249717165

02313
1 30131 0.343465045593
0 3130 0.367781155015
3 23133 0.0881458966565
2 23132 0.200607902736

12313
1 23131 0.332394366197
0 3130 0.349295774648
3 23133 0.0985915492958
2 3132 0.219718309859

2313
1 23131 0.349504950495
0 3130 0.338613861386
3 23133 0.0910891089109
2 23132 0.220792079208

22313
1 3131 0.37339055794
0 3130 0.291845493562
3 23133 0.0987124463519
2 3132 0.236051502146

313
1 3131 0.3407960199
0 3130 0.362957937585
3 3133 0.0857078245138
2 3132 0.210538218001

0313
1 3131 0.321935483871
0 3130 0.396774193548
3 03133 0.0812903225806
2 03132 0.2

30213
1 02131 0.270175438596
0 02130 0.385964912281
3 133 0.0877192982456
2 2132 0.256140350877

10213
1 02131 0.320078226858
0 12130 0.40221642764
3 133 0.0671447196871
2 2132 0.210560625815

3213
1 32131 0.326219512195
0 32130 0.345528455285
3 32133 0.0955284552846
2 32132 0.232723577236

33213
1 32131 0.258823529412
0 32130 0.364705882353
3 2133 0.0470588235294
2 32132 0.329411764706

22213
1 22131 0.326530612245
0 12130 0.353741496599
3 2133 0.0867346938776
2 30132 0.232993197279

32213
1 22131 0.282407407407
0 12130 0.398148148148
3 2133 0.0740740740741
2 2132 0.24537037037

213
1 32131 0.322949117342
0 12130 0.38030194105
3 2133 0.0801182203051
2 2132 0.216630721304

13
1 30131 0.310238318304
0 130 0.435970254128
3 133 0.0663573017918
2 30132 0.187434125776

13213
1 32131 0.363095238095
0 32130 0.348214285714
3 32133 0.0952380952381
2 32 0.193452380952

20313
1 30131 0.339805825243
0 3130 0.381877022654
3 133 0.0809061488673
2 32 0.197411003236

20013
1 00131 0.310116929334
0 30 0.46161667514
3 133 0.0686324351805
2 32 0.159633960346

03313
1 3131 0.355769230769
0 3130 0.298076923077
3 133 0.0865384615385
2 3132 0.259615384615

12213
1 22131 0.333720930233
0 12130 0.337209302326
3 2133 0.0976744186047
2 22132 0.231395348837

02213
1 30131 0.327433628319
0 12130 0.353982300885
3 2133 0.109513274336
2 22132 0.20907079646

11313
1 3131 0.337972166998
0 3130 0.361829025845
3 13133 0.0815109343936
2 30132 0.218687872763

31313
1 3131 0.373015873016
0 13130 0.380952380952
3 13133 0.111111111111
2 32 0.134920634921

1313
1 3131 0.349865951743
0 13130 0.358579088472
3 13133 0.0837801608579
2 13132 0.207774798928

01023
1 0231 0.32570905764
0 30230 0.445105215005
3 10233 0.0649588289113
2 0232 0.164226898445

11023
1 10231 0.328981723238
0 30230 0.401436031332
3 10233 0.0691906005222
2 10232 0.200391644909

1023
1 10231 0.328565505804
0 10230 0.414386401327
3 10233 0.0715174129353
2 10232 0.185530679934

21023
1 10231 0.334523809524
0 30230 0.369047619048
3 10233 0.0833333333333
2 232 0.213095238095

23213
1 32131 0.316017316017
0 32130 0.307359307359
3 33 0.12987012987
2 32132 0.246753246753

03213
1 30131 0.313253012048
0 12130 0.364457831325
3 33 0.0843373493976
2 32132 0.237951807229

20213
1 30131 0.333699231614
0 12130 0.378704720088
3 33 0.0845225027442
2 2132 0.203073545554

20223
1 231 0.338181818182
0 22230 0.301818181818
3 33 0.105454545455
2 2232 0.254545454545

21223
1 2231 0.351351351351
0 02230 0.327927927928
3 33 0.0774774774775
2 12232 0.243243243243

31003
1 31 0.333333333333
0 30 0.432950191571
3 33 0.0574712643678
2 032 0.176245210728

3
1 31 0.299864877993
0 30 0.464669569288
3 33 0.0602441027634
2 32 0.175221449956

33003
1 30031 0.263636363636
0 30030 0.472727272727
3 33 0.1
2 30032 0.163636363636

03003
1 30031 0.322623828648
0 30030 0.447121820616
3 30033 0.0696117804552
2 032 0.160642570281

23003
1 31 0.308383233533
0 30030 0.422155688623
3 30033 0.0508982035928
2 032 0.218562874251

3003
1 30031 0.313458262351
0 30030 0.438387279955
3 30033 0.0647359454855
2 30032 0.183418512209

32313
1 3131 0.376344086022
0 3130 0.311827956989
3 33 0.0537634408602
2 23132 0.258064516129

00313
1 3131 0.31455399061
0 3130 0.410015649452
3 33 0.0719874804382
2 32 0.203442879499

32203
1 2031 0.361256544503
0 30 0.350785340314
3 33 0.0837696335079
2 32 0.204188481675

21203
1 2031 0.34
0 12030 0.364705882353
3 33 0.0870588235294
2 12032 0.208235294118

21103
1 31 0.331724137931
0 11030 0.393103448276
3 33 0.0668965517241
2 1032 0.208275862069

30103
1 31 0.282771535581
0 1030 0.453183520599
3 33 0.0749063670412
2 1032 0.189138576779

10033
1 31 0.358642972536
0 0330 0.392568659128
3 33 0.0662358642973
2 332 0.182552504039

32033
1 0331 0.337209302326
0 10330 0.267441860465
3 33 0.127906976744
2 0332 0.267441860465

00113
1 31 0.307956104252
0 30 0.473022405121
3 01133 0.0505258344765
2 01132 0.16849565615

0113
1 01131 0.311636644933
0 01130 0.442811360371
3 01133 0.0600066305669
2 01132 0.185545364129

11213
1 32131 0.325144508671
0 12130 0.366329479769
3 12133 0.0780346820809
2 2132 0.23049132948

31213
1 12131 0.341637010676
0 12130 0.320284697509
3 12133 0.106761565836
2 2132 0.231316725979

22203
1 22031 0.3055028463
0 30 0.377609108159
3 22033 0.0740037950664
2 22032 0.242884250474

32303
1 31 0.371428571429
0 23030 0.228571428571
3 033 0.185714285714
2 032 0.214285714286

2203
1 22031 0.321951219512
0 32030 0.396998123827
3 22033 0.0724202626642
2 22032 0.208630393996

12203
1 22031 0.328018223235
0 32030 0.403189066059
3 2033 0.0797266514806
2 12032 0.189066059226

11203
1 031 0.319076714189
0 12030 0.396469789545
3 2033 0.0617786829599
2 12032 0.222674813306

31203
1 2031 0.283489096573
0 12030 0.392523364486
3 2033 0.0778816199377
2 12032 0.246105919003

203
1 2031 0.312940229422
0 32030 0.436841752197
3 2033 0.0613134768901
2 12032 0.188904541491

30203
1 2031 0.270358306189
0 32030 0.390879478827
3 2033 0.0846905537459
2 32 0.254071661238

12103
1 21031 0.321571238349
0 30 0.427430093209
3 033 0.0645805592543
2 1032 0.186418109188

11303
1 31031 0.349272349272
0 23030 0.367983367983
3 033 0.0665280665281
2 3032 0.216216216216

02113
1 31 0.313527180784
0 21130 0.417193426043
3 21133 0.0847029077118
2 31132 0.184576485461

3013
1 30131 0.323915900131
0 30130 0.386990801577
3 30133 0.0814717477004
2 30132 0.207621550591

13233
1 32331 0.352380952381
0 32330 0.371428571429
3 3 0.047619047619
2 32332 0.228571428571

11233
1 12331 0.284866468843
0 32330 0.356083086053
3 33 0.0830860534125
2 2332 0.275964391691

01033
1 10331 0.331804281346
0 10330 0.366972477064
3 33 0.0825688073394
2 10332 0.218654434251

02233
1 2331 0.325396825397
0 330 0.333333333333
3 22333 0.107142857143
2 2332 0.234126984127

22233
1 2331 0.310734463277
0 32330 0.333333333333
3 22333 0.118644067797
2 2332 0.237288135593

12233
1 02331 0.4
0 32330 0.308695652174
3 22333 0.0782608695652
2 22332 0.213043478261

01233
1 2331 0.347003154574
0 330 0.302839116719
3 12333 0.0946372239748
2 2332 0.255520504732

233
1 2331 0.320951449984
0 32330 0.341805148257
3 12333 0.0941674812643
2 2332 0.243075920495

31233
1 331 0.309523809524
0 32330 0.404761904762
3 12333 0.107142857143
2 32 0.178571428571

33233
1 331 0.3
0 32330 0.35
3 32333 0.1
2 32332 0.25

03233
1 31 0.302325581395
0 330 0.348837209302
3 12333 0.116279069767
2 32332 0.232558139535

1233
1 12331 0.318647540984
0 32330 0.331967213115
3 12333 0.0973360655738
2 2332 0.252049180328

3233
1 32331 0.341935483871
0 32330 0.354838709677
3 32333 0.0774193548387
2 32332 0.225806451613

23233
1 32331 0.392405063291
0 30 0.341772151899
3 32333 0.0632911392405
2 32332 0.20253164557

23331
1 33311 0.352941176471
0 3310 0.254901960784
3 3313 0.117647058824
2 3312 0.274509803922

21331
1 13311 0.32676056338
0 3310 0.332394366197
3 3313 0.101408450704
2 13312 0.239436619718

2331
1 3311 0.343147208122
0 3310 0.345177664975
3 23313 0.092385786802
2 23312 0.219289340102

02331
1 3311 0.363924050633
0 3310 0.373417721519
3 3313 0.0886075949367
2 23312 0.174050632911

01331
1 3311 0.369114877589
0 310 0.359698681733
3 3313 0.075329566855
2 3312 0.195856873823

331
1 3311 0.330962436097
0 3310 0.36341409202
3 3313 0.0822404978884
2 3312 0.223382973994

11331
1 3311 0.308617234469
0 3310 0.370741482966
3 3313 0.0781563126253
2 13312 0.24248496994

0033
1 00331 0.318226600985
0 00330 0.41724137931
3 00333 0.0783251231527
2 00332 0.186206896552

0133
1 01331 0.322013341419
0 01330 0.353547604609
3 01333 0.0885385081868
2 01332 0.235900545785

00133
1 01331 0.295625942685
0 01330 0.401206636501
3 01333 0.0769230769231
2 1332 0.226244343891

10133
1 01331 0.325966850829
0 1330 0.307550644567
3 01333 0.103130755064
2 332 0.26335174954

20133
1 21331 0.366771159875
0 330 0.35736677116
3 01333 0.0721003134796
2 01332 0.203761755486

20033
1 331 0.312849162011
0 00330 0.444134078212
3 00333 0.0782122905028
2 32 0.164804469274

31033
1 331 0.301724137931
0 10330 0.301724137931
3 10333 0.137931034483
2 0332 0.258620689655

1033
1 10331 0.3264781491
0 10330 0.375964010283
3 10333 0.0822622107969
2 10332 0.21529562982

21033
1 10331 0.31715210356
0 0330 0.42071197411
3 10333 0.0647249190939
2 0332 0.197411003236

11033
1 10331 0.331236897275
0 330 0.377358490566
3 10333 0.0796645702306
2 332 0.211740041929

23133
1 31331 0.347826086957
0 31330 0.423913043478
3 333 0.0869565217391
2 31332 0.141304347826

3133
1 31331 0.35092348285
0 31330 0.337730870712
3 31333 0.10290237467
2 31332 0.208443271768

03133
1 31331 0.34126984127
0 1330 0.349206349206
3 31333 0.0952380952381
2 332 0.214285714286

133
1 21331 0.334877564527
0 1330 0.339069049195
3 1333 0.0944187072579
2 1332 0.231634679021

32133
1 21331 0.276595744681
0 1330 0.329787234043
3 21333 0.106382978723
2 32 0.287234042553

2133
1 21331 0.353938185444
0 1330 0.311066799601
3 21333 0.0907278165503
2 21332 0.244267198405

13133
1 21331 0.304
0 31330 0.288
3 31333 0.144
2 31332 0.264

10233
1 02331 0.286956521739
0 330 0.324637681159
3 333 0.101449275362
2 02332 0.286956521739

33
1 331 0.329766180459
0 330 0.35498057612
3 333 0.0882503848127
2 332 0.227002858609

30033
1 331 0.228070175439
0 00330 0.447368421053
3 0333 0.149122807018
2 0332 0.175438596491

02333
1 23331 0.333333333333
0 23330 0.3125
3 333 0.135416666667
2 31002 0.21875

1133
1 11331 0.332223701731
0 11330 0.342210386152
3 1333 0.10119840213
2 11332 0.224367509987

01133
1 11331 0.324125230203
0 330 0.377532228361
3 1333 0.101289134438
2 332 0.197053406998

12133
1 31 0.331168831169
0 1330 0.305194805195
3 1333 0.113636363636
2 21332 0.25

22033
1 20331 0.305699481865
0 10330 0.362694300518
3 333 0.0777202072539
2 20332 0.253886010363

2033
1 20331 0.32932166302
0 10330 0.365426695842
3 20333 0.0711159737418
2 20332 0.234135667396

033
1 0331 0.327682447798
0 0330 0.387016745917
3 0333 0.0760802150093
2 0332 0.209220591276

00033
1 0331 0.304579339723
0 00330 0.419595314164
3 0333 0.0777422790202
2 00332 0.198083067093

21133
1 31 0.328445747801
0 30 0.369501466276
3 1333 0.0879765395894
2 11332 0.214076246334

30133
1 31 0.33064516129
0 330 0.290322580645
3 1333 0.129032258065
2 31002 0.25

0302
1 03021 0.294108503031
0 3020 0.490284470698
3 13023 0.0491217161511
2 3022 0.16648531012

02002
1 021 0.259300311742
0 31020 0.591756148251
3 20023 0.0321440942154
2 20022 0.116799445791

11002
1 021 0.272322752892
0 31020 0.561732423613
3 10023 0.0359537229309
2 022 0.129991100564

20002
1 021 0.249640391254
0 31020 0.601265822785
3 0023 0.0294879171461
2 022 0.119605868815

21202
1 12021 0.306937885943
0 32020 0.447511805303
3 2023 0.0632037776971
2 32022 0.182346531057

10102
1 01021 0.274034511093
0 1020 0.555992487381
3 023 0.0380913252729
2 1022 0.131881676253

00202
1 02021 0.264818989524
0 31020 0.571741148389
3 023 0.034677098528
2 022 0.128762763559

3102
1 31021 0.308704883227
0 31020 0.441825902335
3 31023 0.0564755838641
2 31022 0.192993630573

30002
1 31021 0.276401564537
0 31020 0.549543676662
3 023 0.0342242503259
2 022 0.139830508475

00302
1 31021 0.28509984639
0 3020 0.516743471582
3 3023 0.0417818740399
2 30022 0.156374807988

12002
1 31021 0.292583537082
0 31020 0.515349089921
3 20023 0.0448247758761
2 20022 0.14724259712

0202
1 02021 0.28328486767
0 32020 0.534067066662
3 02023 0.0409688224684
2 02022 0.141679243199

02202
1 22021 0.315774958632
0 32020 0.466905681191
3 2023 0.0554329840044
2 30022 0.161886376172

10302
1 3021 0.289862724393
0 3020 0.486800422386
3 13023 0.0469904963041
2 3022 0.176346356917

11302
1 3021 0.317186463172
0 3020 0.423357664234
3 13023 0.0683477106835
2 13022 0.191108161911

22302
1 3021 0.333935018051
0 3020 0.37725631769
3 023 0.0703971119134
2 3022 0.218411552347

2302
1 3021 0.322701688555
0 3020 0.411257035647
3 23023 0.0697936210131
2 3022 0.196247654784

302
1 3021 0.308228447693
0 3020 0.449587224252
3 3023 0.0614426850724
2 3022 0.180741642983

21302
1 13021 0.332942555686
0 3020 0.390386869871
3 13023 0.073856975381
2 3022 0.202813599062

31302
1 13021 0.308868501529
0 3020 0.363914373089
3 13023 0.107033639144
2 13022 0.220183486239

01302
1 13021 0.301128003923
0 3020 0.457577243747
3 3023 0.0608141245709
2 13022 0.180480627759

20202
1 32021 0.329303396661
0 32020 0.459124928037
3 023 0.0500863557858
2 32022 0.161485319516

30202
1 32021 0.329245283019
0 32020 0.444339622642
3 2023 0.0547169811321
2 32022 0.171698113208

32202
1 22021 0.325581395349
0 32020 0.37030411449
3 2023 0.0948121645796
2 22022 0.209302325581

3302
1 3021 0.341719077568
0 3020 0.388888888889
3 33023 0.0849056603774
2 3022 0.184486373166

3202
1 32021 0.313739632167
0 32020 0.418319509556
3 32023 0.0656328885683
2 32022 0.202307969708

11202
1 12021 0.306507196432
0 32020 0.453273869856
3 12023 0.0581796067302
2 30022 0.182039326982

31202
1 12021 0.316798196167
0 32020 0.438556933484
3 23 0.0687711386697
2 32022 0.17587373168

1202
1 12021 0.30056490237
0 32020 0.471754881493
3 12023 0.0551393835196
2 32022 0.172540832617

02102
1 21021 0.291606651827
0 11020 0.510933612675
3 23 0.044912923923
2 1022 0.152546811575

31102
1 11021 0.301587301587
0 11020 0.454796411318
3 23 0.0710835058661
2 11022 0.172532781228

20102
1 31021 0.288827586207
0 1020 0.526620689655
3 23 0.0435862068966
2 30022 0.140965517241

0012
1 00121 0.256391855573
0 00120 0.596803016871
3 00123 0.0311114863439
2 00122 0.115693641212

21002
1 31021 0.288810620428
0 31020 0.526280140883
3 23 0.0418585749119
2 022 0.143050663777

23102
1 31021 0.314677930306
0 31020 0.43717001056
3 23 0.0559662090813
2 31022 0.192185850053

31002
1 31021 0.300263852243
0 31020 0.48654353562
3 23 0.0517150395778
2 30022 0.161477572559

00022
1 31021 0.270412032356
0 31020 0.564332659252
3 23 0.0349469160768
2 00222 0.130308392315

10202
1 31021 0.292544033903
0 32020 0.505893259171
3 23 0.0474109389485
2 02022 0.154151767978

20302
1 3021 0.319371727749
0 3020 0.434554973822
3 23 0.0732984293194
2 3022 0.17277486911

23202
1 32021 0.328382838284
0 32020 0.392739273927
3 23 0.0792079207921
2 32022 0.199669966997

12202
1 22021 0.322027847197
0 32020 0.415565869332
3 23 0.0674759014638
2 22022 0.194930382006

30302
1 021 0.334346504559
0 3020 0.410334346505
3 3 0.063829787234
2 3022 0.191489361702

32102
1 21021 0.335648148148
0 11020 0.409722222222
3 21023 0.0763888888889
2 21022 0.178240740741

1102
1 11021 0.287815441995
0 11020 0.518633260144
3 11023 0.0460793455049
2 11022 0.147471952357

11102
1 11021 0.293907563025
0 11020 0.500630252101
3 1023 0.0495798319328
2 11022 0.155882352941

21102
1 11021 0.297582774731
0 11020 0.463944749137
3 1023 0.058094657729
2 30022 0.180377818403

30102
1 31021 0.310381355932
0 1020 0.479872881356
3 01023 0.0534957627119
2 30022 0.15625

01102
1 1021 0.28055315471
0 1020 0.549351771824
3 11023 0.0386632094497
2 1022 0.131431864016

102
1 1021 0.272163358097
0 1020 0.555303860675
3 1023 0.0391669711363
2 1022 0.133365810092

0102
1 01021 0.254494878519
0 01020 0.599090158353
3 01023 0.0316706025528
2 01022 0.114744360575

1002
1 10021 0.251549952763
0 10020 0.605780585735
3 10023 0.0294933868682
2 10022 0.113176074634

3002
1 30021 0.305960881714
0 30020 0.48758149643
3 30023 0.0490530891028
2 30022 0.157404532754

03002
1 31021 0.291164003913
0 30020 0.524942940985
3 023 0.0417345940659
2 30022 0.142158461037

23002
1 30021 0.319498069498
0 30020 0.446911196911
3 23 0.0588803088803
2 30022 0.17471042471

32111
1 31111 0.296436694466
0 21110 0.425322213798
3 21113 0.0697498104625
2 31112 0.208491281274

02111
1 31111 0.300754866905
0 21110 0.485101311085
3 11113 0.0512514898689
2 31112 0.162892332141

31111
1 31111 0.313899253731
0 11110 0.410447761194
3 11113 0.0704291044776
2 31112 0.205223880597

10111
1 31111 0.287206391991
0 11110 0.534366576819
3 01113 0.0418271082018
2 112 0.136599922988

01211
1 32111 0.307554136314
0 32110 0.480091807205
3 12113 0.0540864185211
2 32112 0.15826763796

30011
1 31111 0.294253463315
0 30110 0.517701385326
3 113 0.03899435608
2 112 0.14905079528

33011
1 31111 0.328820116054
0 30110 0.402321083172
3 113 0.0909090909091
2 30112 0.177949709865

0111
1 31111 0.273859967716
0 10110 0.562638720743
3 01113 0.0364583333333
2 01112 0.127042978208

21011
1 31111 0.293941583239
0 10110 0.503044689854
3 113 0.0481989885437
2 112 0.154814738363

31011
1 31111 0.312780269058
0 10110 0.470478325859
3 113 0.0478325859492
2 10112 0.168908819133

11311
1 3111 0.328103989242
0 13110 0.392649036307
3 113 0.0761990138951
2 3112 0.203047960556

33311
1 3111 0.368794326241
0 3110 0.312056737589
3 113 0.0851063829787
2 33112 0.234042553191

31211
1 12111 0.34335443038
0 12110 0.408227848101
3 12113 0.0632911392405
2 12112 0.185126582278

3211
1 32111 0.314571905557
0 32110 0.399952301455
3 32113 0.0741712377772
2 32112 0.211304555211

33211
1 31111 0.334302325581
0 32110 0.357558139535
3 32113 0.101744186047
2 32112 0.206395348837

32211
1 32111 0.28990228013
0 32110 0.403908794788
3 22113 0.0770901194354
2 32112 0.229098805646

30211
1 32111 0.314009661836
0 32110 0.423050379572
3 2113 0.0683229813665
2 32112 0.194616977226

11211
1 12111 0.312136204889
0 12110 0.444412107101
3 2113 0.0646100116414
2 12112 0.178841676368

3111
1 31111 0.31340447303
0 31110 0.424353164742
3 31113 0.0646104370706
2 31112 0.197631925157

3011
1 31111 0.30187593509
0 30110 0.469329036713
3 30113 0.0575440211762
2 30112 0.17125100702

32011
1 31111 0.322558922559
0 30110 0.427609427609
3 20113 0.0579124579125
2 112 0.191919191919

11011
1 31111 0.282438694729
0 10110 0.539245027998
3 10113 0.0391484842634
2 112 0.13916779301

1011
1 10111 0.267994427532
0 10110 0.571939012435
3 10113 0.03466023425
2 10112 0.125406325783

13311
1 3111 0.354330708661
0 3110 0.352362204724
3 33113 0.0925196850394
2 3112 0.200787401575

3311
1 3111 0.339153794493
0 3110 0.375419744795
3 33113 0.089321692411
2 33112 0.196104768301

12111
1 31111 0.311941159504
0 21110 0.440726853187
3 13 0.0610037496395
2 31112 0.186328237669

00211
1 31111 0.284404695361
0 32110 0.54292901062
3 13 0.0380659586361
2 112 0.134600335383

0211
1 02111 0.296903568269
0 32110 0.508876437629
3 02113 0.0466529047479
2 02112 0.147567089354

20011
1 31111 0.26814576251
0 30110 0.567960875529
3 13 0.0357845768474
2 12 0.128108785114

00111
1 30011 0.260741319106
0 30110 0.595289218557
3 13 0.029865313293
2 12 0.114104149045

01011
1 0111 0.252908219517
0 30110 0.608307269986
3 3 0.0288234367617
2 0112 0.109961073735

01330
1 3301 0.331046312178
0 3300 0.421955403087
3 13303 0.0617495711835
2 3302 0.185248713551

31330
1 13301 0.390625
0 3300 0.3203125
3 13303 0.0546875
2 302 0.234375

1330
1 13301 0.330513988289
0 3300 0.400780741705
3 13303 0.0644111906311
2 3302 0.204294079375

31230
1 301 0.342696629213
0 32300 0.351123595506
3 12303 0.0842696629213
2 2302 0.22191011236

11230
1 301 0.327469553451
0 32300 0.42151556157
3 12303 0.0717185385656
2 302 0.179296346414

31130
1 31301 0.316115702479
0 11300 0.448347107438
3 11303 0.0661157024793
2 11302 0.169421487603

33330
1 301 0.333333333333
0 3300 0.375
3 3 0.0416666666667
2 3302 0.25

21230
1 301 0.314977973568
0 32300 0.43281938326
3 3 0.0583700440529
2 302 0.193832599119

3230
1 301 0.340136054422
0 32300 0.382896015549
3 32303 0.0680272108844
2 302 0.208940719145

1130
1 21301 0.306115476597
0 11300 0.467486618836
3 11303 0.0547773602095
2 11302 0.171620544357

11130
1 21301 0.31432748538
0 11300 0.446637426901
3 11303 0.0555555555556
2 302 0.183479532164

30330
1 3301 0.349056603774
0 03300 0.301886792453
3 03 0.0849056603774
2 3302 0.264150943396

31301
1 3011 0.322515212982
0 3010 0.403651115619
3 13013 0.0770791075051
2 3012 0.196754563895

3301
1 33011 0.325977301387
0 3010 0.415510718789
3 33013 0.0674653215637
2 33012 0.19104665826

31201
1 30011 0.334203655352
0 32010 0.426240208877
3 12013 0.0639686684073
2 12012 0.175587467363

00201
1 30011 0.236904648731
0 02010 0.640982983173
3 013 0.0239566498717
2 32012 0.0981557182242

02201
1 32011 0.29347683423
0 32010 0.513978212364
3 22013 0.0459377871112
2 2012 0.146607166295

32201
1 32011 0.326530612245
0 32010 0.40708915145
3 22013 0.0805585392052
2 22012 0.1858216971

30201
1 32011 0.315234580917
0 32010 0.468107538218
3 2013 0.0463890353189
2 2012 0.170268845546

10201
1 32011 0.275438183743
0 32010 0.562698506058
3 2013 0.0368191977414
2 12 0.125044112457

3201
1 32011 0.30115595214
0 32010 0.444534577165
3 32013 0.0646927600892
2 32012 0.189616710606

0201
1 32011 0.254844409398
0 02010 0.603641886071
3 2013 0.0297308742571
2 32012 0.111782830274

33301
1 33011 0.363636363636
0 3010 0.413223140496
3 13 0.0578512396694
2 33012 0.165289256198

13301
1 33011 0.324803149606
0 3010 0.409448818898
3 3013 0.0531496062992
2 33012 0.212598425197

11201
1 30011 0.296147919877
0 32010 0.493271700051
3 13 0.0494093477144
2 12012 0.161171032357

21301
1 3011 0.309152542373
0 3010 0.418305084746
3 13 0.0827118644068
2 3012 0.189830508475

22301
1 3011 0.30979498861
0 3010 0.415717539863
3 3 0.0717539863326
2 3012 0.202733485194

301
1 3011 0.295785675381
0 3010 0.494723583878
3 3013 0.0518110021786
2 3012 0.157679738562

20301
1 3011 0.302385892116
0 3010 0.479771784232
3 3013 0.0580912863071
2 03012 0.159751037344

00301
1 3011 0.267942583732
0 03010 0.577783525152
3 13 0.0333635070477
2 03012 0.120910384068

10301
1 3011 0.289774168993
0 03010 0.513321492007
3 3013 0.0479573712256
2 03012 0.148946967775

31320
1 3201 0.33855799373
0 13200 0.423197492163
3 13203 0.0595611285266
2 30202 0.17868338558

11320
1 3201 0.344516129032
0 13200 0.410967741935
3 3203 0.0612903225806
2 30202 0.183225806452

00320
1 3201 0.285326905694
0 3200 0.523350406749
3 3203 0.0448930400723
2 30202 0.146429647484

30320
1 30201 0.325714285714
0 3200 0.377142857143
3 3203 0.0685714285714
2 3202 0.228571428571

01320
1 3201 0.299161230196
0 3200 0.48182665424
3 13203 0.0573159366263
2 3202 0.161696178938

320
1 3201 0.314416884525
0 3200 0.447172097175
3 3203 0.061595358031
2 3202 0.176815660269

2320
1 3201 0.321917808219
0 3200 0.396917808219
3 3203 0.0736301369863
2 23202 0.207534246575

12120
1 31201 0.296600458365
0 31200 0.473644003056
3 1203 0.0565317035905
2 21202 0.173223834989

0120
1 10201 0.252734866111
0 01200 0.60785560485
3 1203 0.0279483807569
2 20202 0.111461148282

120
1 31201 0.271460804073
0 31200 0.561012036197
3 1203 0.0367589789708
2 1202 0.13076818076

11120
1 11201 0.290735473385
0 31200 0.507314099959
3 1203 0.0452052011377
2 11202 0.156745225518

01220
1 32201 0.293599684584
0 12200 0.50335129452
3 3 0.0427125772112
2 32202 0.160336443685

21320
1 3201 0.340647857889
0 13200 0.403343782654
3 3 0.0626959247649
2 30202 0.193312434692

0220
1 02201 0.280038225457
0 12200 0.547395890763
3 2203 0.0392913588415
2 02202 0.133274524938

10220
1 02201 0.296394838366
0 12200 0.519888253293
3 203 0.0458959691366
2 02202 0.137820939204

12220
1 32201 0.310791871058
0 12200 0.444288717589
3 22203 0.0592151366503
2 32202 0.185704274702

30220
1 32201 0.317535545024
0 12200 0.451184834123
3 2203 0.0511848341232
2 32202 0.18009478673

03220
1 32201 0.294401544402
0 12200 0.448841698842
3 203 0.0714285714286
2 32202 0.185328185328

00220
1 30201 0.265091863517
0 12200 0.582677165354
3 2203 0.0325728514705
2 30202 0.119658119658

12320
1 3201 0.318228630278
0 3200 0.385169927909
3 203 0.0751802265705
2 3202 0.221421215242

11220
1 32201 0.310060796235
0 12200 0.453814473426
3 2203 0.0602078838988
2 12202 0.17591684644

31220
1 32201 0.349358974359
0 12200 0.409188034188
3 12203 0.0715811965812
2 12202 0.169871794872

32320
1 3201 0.306382978723
0 3200 0.374468085106
3 203 0.0723404255319
2 23202 0.246808510638

3220
1 32201 0.327701513552
0 32200 0.408306934178
3 32203 0.0672298486448
2 32202 0.196761703625

32120
1 31201 0.316614420063
0 31200 0.429467084639
3 21203 0.0689655172414
2 21202 0.184952978056

30120
1 31201 0.296464646465
0 31200 0.493434343434
3 3 0.0434343434343
2 1202 0.166666666667

01120
1 31201 0.27532976211
0 31200 0.557974771039
3 11203 0.0380738436726
2 30202 0.128621623178

03120
1 31201 0.296972609322
0 31200 0.50168188371
3 31203 0.0543008169149
2 30202 0.147044690053

3120
1 31201 0.30511850229
0 31200 0.45429197371
3 31203 0.0639314877514
2 31202 0.176658036248

23120
1 31201 0.306403940887
0 31200 0.404926108374
3 203 0.0709359605911
2 31202 0.217733990148

10120
1 31201 0.273420669578
0 31200 0.564017467249
3 203 0.033595342067
2 1202 0.128966521106

31120
1 11201 0.323491655969
0 31200 0.43838254172
3 11203 0.0577663671374
2 30202 0.180359435173

1120
1 11201 0.287821896343
0 31200 0.522780356562
3 11203 0.0435502468734
2 11202 0.145847500222

0103
1 01031 0.276039136771
0 01030 0.533481368399
3 01033 0.0453819998612
2 01032 0.145097494969

1003
1 10031 0.285724302342
0 10030 0.526083298275
3 10033 0.0434020473987
2 10032 0.144790351984

01003
1 0031 0.277269881027
0 030 0.5549154665
3 10033 0.0383218534753
2 0032 0.129492798998

00103
1 01031 0.267496886675
0 030 0.566127023661
3 01033 0.0383561643836
2 01032 0.12801992528

20003
1 0031 0.287798408488
0 030 0.508620689655
3 0033 0.0500663129973
2 0032 0.153514588859

11003
1 031 0.293264248705
0 10030 0.502849740933
3 33 0.0487046632124
2 10032 0.15518134715

00203
1 031 0.295440911818
0 030 0.5224955009
3 2033 0.0404919016197
2 12032 0.141571685663

03
1 031 0.278417840643
0 030 0.52765261697
3 033 0.0459799615962
2 032 0.147949580791

01103
1 031 0.310784313725
0 030 0.478431372549
3 033 0.0514705882353
2 11032 0.15931372549

003
1 0031 0.256620406429
0 0030 0.584171210083
3 0033 0.0359342915811
2 0032 0.123274091907

10003
1 0031 0.261677351825
0 0030 0.579615334293
3 33 0.0304854114876
2 0032 0.128221902394

0003
1 00031 0.233941991545
0 00030 0.635186707374
3 00033 0.0275657585721
2 00032 0.103305542508

00003
1 00031 0.215859030837
0 00030 0.675242290749
3 00033 0.023127753304
2 31002 0.0857709251101

0130
1 31301 0.286026648446
0 01300 0.532558934062
3 01303 0.0420908780321
2 01302 0.13932353946

00130
1 31301 0.266224004009
0 300 0.575795539965
3 01303 0.0350789275871
2 01302 0.122901528439

130
1 31301 0.296890739373
0 11300 0.492512255725
3 1303 0.0519105499966
2 31302 0.158686454906

30130
1 31301 0.295415959253
0 11300 0.448217317487
3 01303 0.0679117147708
2 31302 0.188455008489

02130
1 31301 0.287623762376
0 21300 0.475247524752
3 1303 0.0579207920792
2 31302 0.179207920792

13130
1 31301 0.293457943925
0 31300 0.444859813084
3 1303 0.0616822429907
2 31302 0.2

3130
1 31301 0.307165109034
0 31300 0.410591900312
3 31303 0.0785046728972
2 31302 0.203738317757

0330
1 3301 0.314636752137
0 03300 0.435897435897
3 03303 0.0608974358974
2 3302 0.188568376068

10330
1 3301 0.326495726496
0 3300 0.425641025641
3 03303 0.0512820512821
2 3302 0.196581196581

00330
1 3301 0.285714285714
0 03300 0.475796930342
3 3303 0.0637544273908
2 302 0.174734356553

02330
1 3301 0.356955380577
0 3300 0.38845144357
3 3303 0.0839895013123
2 302 0.170603674541

330
1 3301 0.327482965104
0 3300 0.405946727235
3 3303 0.069584967995
2 3302 0.196985339665

32330
1 3301 0.372727272727
0 3300 0.427272727273
3 23303 0.0454545454545
2 3302 0.154545454545

23330
1 33301 0.367816091954
0 3300 0.264367816092
3 303 0.149425287356
2 3302 0.218390804598

22230
1 22301 0.310035842294
0 22300 0.401433691756
3 2303 0.078853046595
2 22302 0.209677419355

32230
1 22301 0.316455696203
0 22300 0.396624472574
3 2303 0.084388185654
2 302 0.20253164557

20030
1 301 0.286176756232
0 300 0.535124635804
3 00303 0.0391712528326
2 0302 0.139527355131

11030
1 301 0.291194644696
0 300 0.526776519053
3 10303 0.038877445932
2 10302 0.143151390319

23030
1 301 0.299684542587
0 30300 0.410094637224
3 30303 0.0694006309148
2 302 0.220820189274

30030
1 301 0.318652849741
0 300 0.466321243523
3 30303 0.0518134715026
2 302 0.163212435233

30
1 301 0.27915993538
0 300 0.53640596788
3 303 0.0439988596408
2 302 0.1404352371

30230
1 301 0.372727272727
0 32300 0.39696969697
3 2303 0.0484848484848
2 2302 0.181818181818

10230
1 301 0.31615807904
0 32300 0.464732366183
3 2303 0.0490245122561
2 302 0.170085042521

02230
1 301 0.314368370299
0 22300 0.440694310511
3 2303 0.0578592092575
2 22302 0.187078109932

01230
1 301 0.309303458354
0 32300 0.46322454944
3 303 0.0560155869459
2 2302 0.171456405261

12030
1 301 0.295945234334
0 300 0.477619799895
3 303 0.0695102685624
2 20302 0.156924697209

32030
1 20301 0.303370786517
0 300 0.443820224719
3 303 0.0702247191011
2 20302 0.182584269663

33230
1 301 0.318181818182
0 32300 0.465909090909
3 2303 0.0227272727273
2 31002 0.193181818182

3030
1 301 0.306281267371
0 30300 0.448582545859
3 30303 0.0622568093385
2 30302 0.182879377432

33030
1 301 0.322580645161
0 30300 0.403225806452
3 303 0.0483870967742
2 30302 0.225806451613

3330
1 33301 0.314285714286
0 3300 0.355844155844
3 33303 0.101298701299
2 3302 0.228571428571

03330
1 33301 0.25
0 3300 0.431034482759
3 3303 0.103448275862
2 3302 0.215517241379

11330
1 13301 0.328793774319
0 3300 0.392996108949
3 3303 0.0739299610895
2 3302 0.204280155642

21130
1 21301 0.328185328185
0 11300 0.42471042471
3 303 0.0682110682111
2 11302 0.178893178893

01130
1 301 0.290741202895
0 11300 0.500623908161
3 303 0.0476665834789
2 11302 0.160968305465

10130
1 301 0.307748538012
0 11300 0.495857699805
3 1303 0.0477582846004
2 01302 0.148635477583

32130
1 21301 0.352941176471
0 21300 0.391176470588
3 1303 0.0647058823529
2 302 0.191176470588

12130
1 21301 0.324649298597
0 21300 0.425517702071
3 21303 0.0781563126253
2 21302 0.171676686707

1030
1 10301 0.277613412229
0 10300 0.547478162863
3 10303 0.0414905607213
2 10302 0.133417864187

3320
1 3201 0.30938697318
0 3200 0.391762452107
3 33203 0.0785440613027
2 3202 0.22030651341

32231
1 32311 0.323144104803
0 22310 0.340611353712
3 2313 0.10480349345
2 2312 0.231441048035

2231
1 32311 0.334921216563
0 22310 0.356540857457
3 22313 0.0853792598021
2 2312 0.223158666178

21231
1 32311 0.31088664422
0 32310 0.364758698092
3 2313 0.0987654320988
2 312 0.225589225589

31231
1 32311 0.30790960452
0 32310 0.372881355932
3 12313 0.0960451977401
2 12312 0.223163841808

02231
1 32311 0.322348094748
0 2310 0.384140061792
3 22313 0.086508753862
2 312 0.207003089598

231
1 32311 0.319563703876
0 2310 0.392511797014
3 2313 0.0781310435523
2 2312 0.209793455558

0231
1 311 0.301402805611
0 310 0.432665330661
3 02313 0.0659318637275
2 32312 0.2

10231
1 311 0.315457413249
0 310 0.416403785489
3 2313 0.0649842271293
2 32312 0.203154574132

30231
1 311 0.306049822064
0 2310 0.384341637011
3 02313 0.0996441281139
2 2312 0.209964412811

02131
1 31311 0.309197651663
0 11310 0.408349641226
3 313 0.0782778864971
2 1312 0.204174820613

01231
1 32311 0.321035598706
0 32310 0.41359223301
3 313 0.0757281553398
2 2312 0.189644012945

11231
1 32311 0.339568345324
0 32310 0.358273381295
3 313 0.0834532374101
2 12312 0.218705035971

22031
1 20311 0.348484848485
0 310 0.348484848485
3 313 0.0734265734266
2 0312 0.229603729604

30031
1 311 0.313405797101
0 310 0.452898550725
3 313 0.0688405797101
2 0312 0.164855072464

31
1 311 0.310228544501
0 310 0.437253342758
3 313 0.0651175119279
2 312 0.187400600813

20331
1 311 0.28903654485
0 3310 0.365448504983
3 313 0.0996677740864
2 03312 0.24584717608

22131
1 311 0.337320574163
0 11310 0.36004784689
3 313 0.0681818181818
2 31312 0.234449760766

32131
1 31311 0.330218068536
0 11310 0.352024922118
3 313 0.0934579439252
2 31312 0.224299065421

20031
1 10311 0.317201472909
0 310 0.438716465018
3 313 0.0520778537612
2 0312 0.192004208311

1031
1 10311 0.307094829585
0 310 0.45617899374
3 313 0.056920936703
2 10312 0.179805239972

031
1 10311 0.297586124484
0 310 0.484448086312
3 0313 0.0529208918024
2 0312 0.165044897402

31031
1 10311 0.363829787234
0 310 0.357446808511
3 313 0.063829787234
2 312 0.214893617021

21031
1 10311 0.338376891334
0 310 0.391334250344
3 0313 0.0722145804677
2 312 0.198074277854

10031
1 10311 0.277300613497
0 310 0.509693251534
3 313 0.0500613496933
2 00312 0.162944785276

12031
1 311 0.326869806094
0 310 0.434903047091
3 313 0.064404432133
2 20312 0.173822714681

3031
1 311 0.336442371752
0 310 0.393737508328
3 313 0.0739506995336
2 30312 0.195869420386

00131
1 01311 0.306444026341
0 310 0.477657572907
3 1313 0.0529162746943
2 01312 0.162982126058

01131
1 31311 0.304609929078
0 11310 0.41524822695
3 11313 0.0751773049645
2 1312 0.204964539007

30131
1 31311 0.302231237323
0 11310 0.401622718053
3 1313 0.0750507099391
2 1312 0.221095334686

0331
1 311 0.316719242902
0 310 0.394952681388
3 03313 0.0656151419558
2 03312 0.222712933754

10131
1 01311 0.306835637481
0 310 0.439324116743
3 1313 0.0660522273425
2 312 0.187788018433

20231
1 311 0.273318872017
0 2310 0.438177874187
3 13 0.0802603036876
2 32312 0.208242950108

12131
1 31311 0.325942350333
0 11310 0.364375461936
3 1313 0.0783444198078
2 31312 0.231337767923

23131
1 311 0.337110481586
0 31310 0.379603399433
3 13 0.070821529745
2 312 0.212464589235

3131
1 31311 0.327803583278
0 31310 0.368281353683
3 31313 0.0836098208361
2 31312 0.220305242203

01031
1 10311 0.285822021116
0 310 0.495223730518
3 13 0.0507792860734
2 10312 0.168174962293

2031
1 20311 0.321329046088
0 310 0.426152197213
3 20313 0.0662379421222
2 20312 0.186280814577

23231
1 32311 0.341563786008
0 310 0.337448559671
3 32313 0.0864197530864
2 32312 0.234567901235

33231
1 32311 0.274336283186
0 32310 0.309734513274
3 32313 0.150442477876
2 312 0.265486725664

3231
1 32311 0.349221789883
0 32310 0.338521400778
3 32313 0.09046692607
2 32312 0.221789883268

32031
1 20311 0.329113924051
0 310 0.386075949367
3 3 0.0949367088608
2 312 0.189873417722

00031
1 10311 0.270673861212
0 310 0.566444974275
3 3 0.0373949052579
2 00312 0.125486259255

0031
1 10311 0.280264882389
0 310 0.529419879975
3 00313 0.0440780851211
2 00312 0.146237152514

32331
1 311 0.292452830189
0 3310 0.367924528302
3 3313 0.0660377358491
2 312 0.27358490566

12331
1 311 0.344051446945
0 3310 0.299035369775
3 23313 0.109324758842
2 23312 0.247588424437

10331
1 311 0.30905511811
0 310 0.409448818898
3 3313 0.0570866141732
2 03312 0.224409448819

310
1 3101 0.294244434715
0 3100 0.49661536389
3 3103 0.0505169568585
2 3102 0.158623244536

3310
1 3101 0.327217125382
0 33100 0.401834862385
3 3103 0.0623853211009
2 3102 0.208562691131

22310
1 3101 0.315519013361
0 3100 0.419321685509
3 3103 0.0606372045221
2 23102 0.204522096608

32310
1 3101 0.333333333333
0 3100 0.42816091954
3 23103 0.0603448275862
2 3102 0.17816091954

2310
1 3101 0.315727236894
0 3100 0.43456838786
3 23103 0.0630666141112
2 23102 0.186637761135

11310
1 13101 0.298829553767
0 3100 0.459765910753
3 3103 0.0592538405267
2 3102 0.182150694952

31310
1 13101 0.342342342342
0 3100 0.412612612613
3 103 0.0666666666667
2 3102 0.178378378378

3210
1 32101 0.309670987039
0 32100 0.455832502493
3 32103 0.0622133599202
2 32102 0.172283150548

0210
1 02101 0.249478277367
0 02100 0.609649314829
3 02103 0.0294207784248
2 02102 0.11145162938

00210
1 02101 0.232141567353
0 02100 0.650126399422
3 103 0.0225352112676
2 102 0.0951968219574

32210
1 2101 0.286713286713
0 32100 0.464535464535
3 2103 0.0549450549451
2 32102 0.193806193806

01210
1 2101 0.274436303743
0 32100 0.559947748055
3 103 0.0367467484523
2 32102 0.12886919975

13210
1 32101 0.32385261797
0 32100 0.445378151261
3 2103 0.0568842921784
2 32102 0.173884938591

30210
1 2101 0.308934881373
0 32100 0.48157496214
3 3 0.0514891468955
2 32102 0.158001009591

12210
1 2101 0.307707509881
0 32100 0.466205533597
3 12103 0.0545454545455
2 32102 0.171541501976

31210
1 32101 0.318181818182
0 12100 0.436004784689
3 2103 0.0651913875598
2 32102 0.180622009569

11210
1 32101 0.295603089721
0 12100 0.505446623094
3 12103 0.0455535749653
2 32102 0.15339671222

32311
1 3111 0.395543175487
0 3110 0.320334261838
3 3113 0.075208913649
2 23112 0.208913649025

20311
1 3111 0.316210807205
0 3110 0.419613075384
3 03113 0.0673782521681
2 3112 0.196797865243

311
1 3111 0.324725874591
0 3110 0.42260407272
3 3113 0.064081264537
2 3112 0.188588788152

01311
1 3111 0.334813170551
0 3110 0.436182019978
3 13113 0.0562338142804
2 3112 0.172770995191

31311
1 3111 0.331983805668
0 13110 0.386639676113
3 13113 0.082995951417
2 3112 0.198380566802

10311
1 3111 0.315590788977
0 3110 0.430351075878
3 03113 0.0619101547754
2 33112 0.19214798037

00303
1 031 0.282296650718
0 30 0.458133971292
3 3033 0.0717703349282
2 32 0.187799043062

10303
1 31 0.339558573854
0 3030 0.393887945671
3 3033 0.0543293718166
2 03032 0.212224108659

03303
1 031 0.271929824561
0 33030 0.412280701754
3 3033 0.0701754385965
2 32 0.245614035088

30303
1 3031 0.285714285714
0 3030 0.410714285714
3 3033 0.116071428571
2 03032 0.1875

2303
1 31 0.339021615472
0 23030 0.3606370876
3 3033 0.0762229806598
2 3032 0.224118316268

303
1 3031 0.324190064795
0 3030 0.388552915767
3 3033 0.0727861771058
2 3032 0.214470842333

1303
1 31031 0.342173350582
0 23030 0.383570504528
3 13033 0.0633893919793
2 3032 0.210866752911

31303
1 31031 0.365079365079
0 30 0.309523809524
3 13033 0.0952380952381
2 3032 0.230158730159

01303
1 31031 0.334415584416
0 3030 0.418831168831
3 13033 0.0519480519481
2 3032 0.194805194805

21303
1 3031 0.33746130031
0 23030 0.368421052632
3 13033 0.0681114551084
2 3032 0.22600619195

33303
1 31 0.333333333333
0 33030 0.333333333333
3 33033 0.128205128205
2 3032 0.205128205128

3303
1 31 0.272997032641
0 33030 0.367952522255
3 33033 0.106824925816
2 33032 0.252225519288

23303
1 3031 0.258823529412
0 33030 0.341176470588
3 33033 0.152941176471
2 33032 0.247058823529

22333
1 23331 0.378378378378
0 23330 0.256756756757
3 23333 0.0945945945946
2 3332 0.27027027027

12333
1 23331 0.336842105263
0 23330 0.336842105263
3 23333 0.105263157895
2 23332 0.221052631579

32333
1 31 0.416666666667
0 3330 0.25
3 3333 0.0833333333333
2 3332 0.25

23313
1 31 0.32967032967
0 3130 0.32967032967
3 33133 0.131868131868
2 33132 0.208791208791

3313
1 3131 0.359459459459
0 3130 0.305405405405
3 33133 0.0972972972973
2 33132 0.237837837838

02
1 021 0.238422488051
0 020 0.623937723498
3 023 0.0297823177012
2 022 0.10785747075

01002
1 0021 0.234307411324
0 020 0.643155820436
3 0023 0.023671056426
2 0022 0.0988657118139

10002
1 0021 0.233098330241
0 020 0.648113790971
3 00023 0.0231292517007
2 0022 0.0956586270872

00102
1 021 0.238453100567
0 020 0.633743319252
3 01023 0.0261395196863
2 31002 0.101664060494

10011
1 0111 0.25229347356
0 0110 0.612784265519
3 3 0.0268387625487
2 00112 0.108083498372

011
1 0111 0.242715118272
0 0110 0.624041946227
3 0113 0.027697854939
2 0112 0.105545080562

01030
1 10301 0.259235171696
0 0300 0.584547346514
3 3 0.039151925078
2 10302 0.117065556712

02101
1 21011 0.277742029833
0 21010 0.556770985668
3 21013 0.038256800234
2 12 0.127230184264

2101
1 21011 0.288414597845
0 21010 0.525063999524
3 21013 0.0433410728106
2 21012 0.143180329821

03001
1 30011 0.261233714438
0 30010 0.586280244616
3 013 0.0365594256847
2 12 0.115926615262

3001
1 30011 0.274603733709
0 30010 0.550475519549
3 30013 0.0410707995773
2 30012 0.133849947164

3101
1 31011 0.30628362138
0 31010 0.479684102095
3 31013 0.0474991415818
2 31012 0.166533134943

31101
1 11011 0.295583238958
0 11010 0.494526236316
3 11013 0.0479426198565
2 11012 0.16194790487

10101
1 1011 0.247370712371
0 1010 0.618976697294
3 013 0.0271750337969
2 1012 0.106477556538

01101
1 1011 0.251005233956
0 1010 0.60996922524
3 11013 0.0287979872858
2 1012 0.110227553519

101
1 1011 0.240021301101
0 1010 0.628902621769
3 1013 0.027335380881
2 1012 0.103740696249

12001
1 30011 0.270811441915
0 20010 0.577116170461
3 20013 0.0325160537069
2 12 0.119556333917

30101
1 30011 0.286251881586
0 1010 0.531359759157
3 13 0.0456598093327
2 12 0.136728549925

32101
1 21011 0.298776561494
0 21010 0.463618802318
3 13 0.0618158403091
2 21012 0.175788795879

13101
1 31011 0.309788867562
0 31010 0.462188099808
3 13 0.0560460652591
2 31012 0.17197696737

21101
1 11011 0.290378889003
0 11010 0.508368415648
3 13 0.0464113358661
2 11012 0.154841359482

11101
1 11011 0.282159847764
0 11010 0.547098001903
3 3 0.0380114176974
2 11012 0.132730732636

22001
1 20011 0.283236245955
0 20010 0.527896440129
3 13 0.0451779935275
2 12 0.143689320388

32001
1 20011 0.2938221999
0 20010 0.503766951281
3 20013 0.0517327975892
2 12 0.150678051231

2001
1 20011 0.247593030124
0 20010 0.615608387478
3 20013 0.0290460720614
2 20012 0.107752510337

11020
1 30201 0.265847010381
0 30200 0.573740068434
3 10203 0.0337528272342
2 30202 0.126660093951

1020
1 10201 0.24858905752
0 30200 0.612071234319
3 10203 0.0289352867211
2 10202 0.11040442144

00120
1 10201 0.235093013934
0 30200 0.646311272487
3 3 0.0227996133261
2 31002 0.0957961002523

31020
1 30201 0.291206150889
0 30200 0.495434887074
3 203 0.0499759730899
2 30202 0.163382988948

3020
1 30201 0.28552077062
0 30200 0.508729680915
3 30203 0.0462071041541
2 30202 0.159542444311

01020
1 0201 0.233247079877
0 30200 0.647602234529
3 203 0.0235786317139
2 0202 0.0955720538802

32020
1 30201 0.340517241379
0 20200 0.444827586207
3 203 0.048275862069
2 20202 0.166379310345

30020
1 30201 0.281439032155
0 30200 0.548869786692
3 03 0.0347023241006
2 30202 0.134988857052

10020
1 0201 0.228154393489
0 30200 0.6583166821
3 00203 0.0212242312004
2 0202 0.0923046932112

10030
1 10301 0.255364520858
0 0300 0.591096894576
3 00303 0.0318539250966
2 0302 0.12168465947

030
1 10301 0.254972256251
0 0300 0.595481732363
3 30303 0.0336528068026
2 0302 0.115893204583

0030
1 00301 0.234326232538
0 00300 0.641707827036
3 00303 0.0253325656798
2 00302 0.0986333747462

00030
1 00301 0.216619679253
0 00300 0.680732079309
3 00303 0.0201506678375
2 31002 0.0824975736008

02001
1 011 0.228874100895
0 20010 0.65376522973
3 013 0.0234378822723
2 10012 0.0939227871018

3110
1 31101 0.297540155004
0 31100 0.490059530495
3 31103 0.0496461866786
2 31102 0.162754127822

13110
1 31101 0.30266520628
0 31100 0.474990872581
3 1103 0.0554947060971
2 31102 0.166849215042

12110
1 21101 0.293412580485
0 31100 0.510153541357
3 1103 0.0454680534918
2 21102 0.150965824666

21110
1 11101 0.295241848094
0 31100 0.512757363807
3 1103 0.0434439956655
2 11102 0.148556792434

32110
1 21101 0.313059033989
0 31100 0.456171735242
3 21103 0.0506857483602
2 21102 0.180083482409

31110
1 11101 0.311401997933
0 31100 0.476748191526
3 3 0.0513262142611
2 11102 0.16052359628

11110
1 11101 0.27560606755
0 31100 0.552357820448
3 21103 0.037990926172
2 11102 0.13404518583

30110
1 31101 0.286414909269
0 1100 0.534085335949
3 1103 0.039234919078
2 1102 0.140264835704

10110
1 31101 0.246487291098
0 1100 0.625476442861
3 3 0.0261395160017
2 1102 0.101896750039

01300
1 3001 0.253656658968
0 3000 0.595586348473
3 13003 0.0301513985117
2 3002 0.120605594047

30300
1 3001 0.307311028501
0 3000 0.506815365551
3 03003 0.0446096654275
2 3002 0.14126394052

300
1 3001 0.251479289941
0 3000 0.603195974914
3 3003 0.0311979591114
2 3002 0.114126776034

10300
1 3001 0.246911991765
0 3000 0.607822954195
3 03003 0.0281780751415
2 03002 0.117086978899

03300
1 3001 0.303921568627
0 33000 0.5
3 3 0.0514705882353
2 3002 0.144607843137

3300
1 3001 0.308240081384
0 33000 0.458290946083
3 33003 0.0559511698881
2 3002 0.177517802645

32300
1 3001 0.302030456853
0 33000 0.446700507614
3 23003 0.0685279187817
2 23002 0.182741116751

22300
1 3001 0.310344827586
0 33000 0.445623342175
3 3003 0.0548187444739
2 23002 0.189213085765

11300
1 3001 0.282825822168
0 13000 0.524725943971
3 13003 0.046772228989
2 3002 0.145676004872

21300
1 3001 0.316113744076
0 13000 0.478199052133
3 3 0.0502369668246
2 3002 0.155450236967

31300
1 3001 0.317147192716
0 13000 0.438543247344
3 3003 0.0561456752656
2 3002 0.188163884674

3010
1 30101 0.274272345696
0 30100 0.55907245579
3 30103 0.0367439620175
2 30102 0.129911236496

32010
1 30101 0.307937956204
0 20100 0.492700729927
3 30003 0.040602189781
2 20102 0.158759124088

02010
1 101 0.228966084474
0 20100 0.658667569791
3 103 0.0210460109342
2 102 0.0913203348009

03010
1 30101 0.250391644909
0 30100 0.606657963446
3 03 0.031592689295
2 102 0.11135770235

12200
1 22001 0.288518280949
0 32000 0.53021167415
3 22003 0.0397690827453
2 31002 0.141500962155

13200
1 32001 0.286040145985
0 32000 0.501824817518
3 12003 0.0506386861314
2 31002 0.161496350365

3200
1 32001 0.283901326109
0 32000 0.517182375588
3 32003 0.0449165834878
2 31002 0.153999714815

32200
1 22001 0.315517241379
0 32000 0.473275862069
3 3 0.0491379310345
2 31002 0.162068965517

31200
1 12001 0.293730819816
0 12000 0.510302498904
3 12003 0.0451556334941
2 12002 0.150811047786

01200
1 2001 0.227064165656
0 12000 0.661269999762
3 12003 0.0208734517272
2 12002 0.0907923828543

01333
1 3331 0.390410958904
0 3330 0.294520547945
3 3 0.102739726027
2 3332 0.212328767123

00333
1 3331 0.327044025157
0 03330 0.333333333333
3 3 0.106918238994
2 31002 0.232704402516

10333
1 3331 0.359375
0 03330 0.3046875
3 333 0.1171875
2 332 0.21875

333
1 3331 0.341362126246
0 3330 0.31976744186
3 3333 0.0988372093023
2 3332 0.240033222591

20333
1 3331 0.446153846154
0 03330 0.276923076923
3 3333 0.0923076923077
2 3332 0.184615384615

0333
1 3331 0.358695652174
0 03330 0.315217391304
3 3333 0.103260869565
2 03332 0.222826086957

1333
1 13331 0.336448598131
0 3330 0.31308411215
3 13333 0.0957943925234
2 3332 0.254672897196

21333
1 13331 0.274725274725
0 30 0.340659340659
3 13333 0.0879120879121
2 332 0.296703296703

31333
1 13331 0.307692307692
0 3330 0.282051282051
3 13333 0.102564102564
2 332 0.307692307692

33203
1 31001 0.292682926829
0 32030 0.378048780488
3 32033 0.0975609756098
2 31002 0.231707317073

3100
1 31001 0.268750847688
0 31000 0.567340295673
3 31003 0.035399430354
2 31002 0.128509426285

33100
1 31001 0.302891933029
0 31000 0.461187214612
3 3 0.0563165905632
2 31002 0.179604261796

32100
1 11001 0.301399825022
0 21000 0.490813648294
3 21003 0.0463692038495
2 21002 0.161417322835

02100
1 11001 0.227480550569
0 21000 0.662884500299
3 21003 0.0216636744464
2 31002 0.0879712746858

12100
1 11001 0.257859550251
0 21000 0.591082380242
3 03 0.0309961876347
2 21002 0.120061881872

03113
1 31131 0.321888412017
0 1130 0.371244635193
3 31133 0.0772532188841
2 32 0.229613733906

3113
1 31131 0.337037037037
0 31130 0.358518518519
3 31133 0.0814814814815
2 31132 0.222962962963

13113
1 31131 0.328260869565
0 1130 0.378260869565
3 31133 0.0847826086957
2 31132 0.208695652174

3331
1 33311 0.343065693431
0 3310 0.32603406326
3 33313 0.0997566909976
2 33312 0.231143552311

13331
1 311 0.368055555556
0 3310 0.284722222222
3 33313 0.0902777777778
2 12 0.256944444444

3033
1 30331 0.385756676558
0 30330 0.314540059347
3 30333 0.0474777448071
2 30332 0.252225519288

13033
1 30331 0.469387755102
0 30330 0.316326530612
3 30333 0.0408163265306
2 31002 0.173469387755

33033
1 331 0.305555555556
0 30330 0.333333333333
3 30333 0.0555555555556
2 30332 0.305555555556

3333
1 3331 0.27731092437
0 33330 0.403361344538
3 33333 0.0672268907563
2 33332 0.252100840336

23333
1 3331 0.34375
0 3330 0.40625
3 33333 0.09375
2 33332 0.15625

13333
1 31001 0.170731707317
0 33330 0.463414634146
3 33333 0.0243902439024
2 332 0.341463414634

33133
1 31331 0.555555555556
0 31330 0.25
3 e 0.0277777777778
2 31002 0.166666666667

002
1 0021 0.21283743325
0 0020 0.679742796869
3 0023 0.0213844627937
2 0022 0.0860353070869

0011
1 00111 0.223110982072
0 00110 0.667281217488
3 00113 0.0211657109676
2 00112 0.0884420894728

30001
1 30011 0.256163480554
0 10 0.602373104812
3 0013 0.0313777191826
2 12 0.110085695452

31001
1 30011 0.287913197073
0 10 0.522583901085
3 13 0.0451678021701
2 12 0.144335099672

020
1 0201 0.211695642497
0 0200 0.683617321199
3 203 0.0207055594025
2 0202 0.0839814769018

0101
1 01011 0.219220448671
0 01010 0.672725568731
3 01013 0.0212004025018
2 01012 0.0868535800959

11001
1 30011 0.248681321169
0 10010 0.620401602789
3 3 0.0249700043013
2 12 0.105947071741

20001
1 011 0.228342390636
0 10 0.662158506897
3 3 0.0205817985098
2 10012 0.0889173039565

1001
1 10011 0.21769877297
0 10010 0.676041191746
3 10013 0.0199417210141
2 10012 0.0863183142704

0110
1 01101 0.218352241793
0 01100 0.676510837417
3 01103 0.0200120660987
2 01102 0.0851248546918

0300
1 03001 0.227567011557
0 03000 0.657046045864
3 03003 0.0225993828281
2 03002 0.0927875597507

20010
1 101 0.224975413179
0 100 0.668185852383
3 103 0.019885341457
2 31002 0.0869533929814

1010
1 10101 0.214854672916
0 10100 0.681442243315
3 10103 0.0198249379701
2 10102 0.0838781457997

21010
1 10101 0.261919609955
0 10100 0.587675038267
3 103 0.0336186858665
2 31002 0.116786665911

11010
1 10101 0.240298341311
0 10100 0.633374151174
3 103 0.0250473115886
2 102 0.101280195926

30010
1 101 0.245200921423
0 100 0.612874328129
3 3 0.026746864602
2 31002 0.115177885846

31010
1 10101 0.283464566929
0 10100 0.534478644715
3 3 0.0388928656645
2 102 0.143163922691

30200
1 2001 0.280177514793
0 2000 0.562130177515
3 12003 0.0340236686391
2 12002 0.123668639053

20200
1 2001 0.247854148646
0 2000 0.620932863131
3 3 0.0270809767782
2 12002 0.104132011445

00300
1 31001 0.210322519715
0 03000 0.693960428767
3 3 0.0176606695944
2 03002 0.0780563819238

31100
1 11001 0.277790511116
0 11000 0.547329818932
3 3 0.0366720146688
2 31002 0.138207655283

1100
1 11001 0.213514754574
0 11000 0.686357154941
3 11003 0.0186577083887
2 11002 0.0814703820963

3000
1 30001 0.222773731203
0 30000 0.66641212406
3 30003 0.0207060620301
2 30002 0.0901080827068

33000
1 30001 0.284128745838
0 30000 0.526082130966
3 3 0.0377358490566
2 30002 0.15205327414

13000
1 30001 0.25117370892
0 30000 0.616629602174
3 03 0.0250803063998
2 30002 0.107116382506

30100
1 31001 0.245415384615
0 1000 0.625969230769
3 3 0.0249846153846
2 31002 0.103630769231

20100
1 31001 0.223162261688
0 1000 0.673961683681
3 1003 0.020020509952
2 31002 0.0828555446791

32000
1 31001 0.268817204301
0 20000 0.576785221947
3 3 0.0352908740006
2 31002 0.119106699752

12000
1 20001 0.215879808577
0 20000 0.679919013436
3 20003 0.0201546107123
2 31002 0.0840465672741

31000
1 31001 0.235237867559
0 10000 0.635190054984
3 3 0.0268945732728
2 31002 0.102677504184

21000
1 31001 0.21626961597
0 10000 0.684554765744
3 03 0.0181909022778
2 31002 0.0809847160084

31133
1 11331 0.436363636364
0 1330 0.181818181818
3 1333 0.172727272727
2 32 0.209090909091

33313
1 31001 0.365853658537
0 3130 0.19512195122
3 33133 0.146341463415
2 3132 0.292682926829

00011
1 00111 0.206819605662
0 10 0.699959876391
3 00113 0.0171968379781
2 31002 0.0760236799685

0002
1 00021 0.191034403079
0 00020 0.722664616643
3 00023 0.0159839671522
2 00022 0.0703170131267

0020
1 00201 0.190076932459
0 00200 0.726729399222
3 00203 0.0150612342623
2 00202 0.0681324340563

00101
1 011 0.203050572616
0 10 0.706004140787
3 01013 0.0167224080268
2 01012 0.0742228785707

01001
1 011 0.200017591052
0 10010 0.71014344037
3 0013 0.0160005277316
2 0012 0.0738384408464

00110
1 101 0.201650507263
0 01100 0.709486065687
3 03 0.0157798936888
2 102 0.0730835333619

01
1 011 0.187417751175
0 010 0.723323271297
3 013 0.0173251735615
2 10012 0.0719338039658

10
1 101 0.185390565853
0 100 0.727171862292
3 103 0.0167425954381
2 102 0.0706949764178

0200
1 02001 0.184831465755
0 02000 0.735459568965
3 02003 0.0144341644735
2 02002 0.0652748008067

00002
1 31001 0.174468059723
0 00020 0.753878824393
3 00023 0.0128071295208
2 00022 0.0588459863637

00020
1 31001 0.172904868195
0 00200 0.758047556679
3 00203 0.0119414365388
2 02 0.0571061385871

10001
1 0011 0.199922342856
0 010 0.713609414435
3 0013 0.015979450725
2 0012 0.0704887919834

01010
1 31001 0.198279844262
0 100 0.713915957267
3 0103 0.0157350989493
2 0102 0.0720690995212

10010
1 0101 0.194968369045
0 100 0.722065431728
3 0103 0.0142724147284
2 0102 0.068693784499

01100
1 31001 0.195309044771
0 11000 0.719434475258
3 03 0.014797897408
2 1002 0.070458582563

00200
1 31001 0.167046888501
0 02000 0.767764233454
3 03 0.0110834146614
2 02 0.0541054633837

03000
1 30001 0.201722073856
0 30000 0.704162445897
3 30003 0.0173128280689
2 31002 0.0768026521779

001
1 0011 0.163086582557
0 0010 0.768879587168
3 0013 0.0119496602215
2 0012 0.0560841700542

010
1 0101 0.160785225004
0 0100 0.773043896876
3 0103 0.0114292557541
2 0102 0.0547416223658

100
1 1001 0.159279364044
0 1000 0.775990010111
3 1003 0.0112575687851
2 1002 0.053473057059

10100
1 1001 0.190218176564
0 1000 0.727850021673
3 03 0.0144993498049
2 1002 0.0674324519578

2000
1 20001 0.180411067685
0 20000 0.744526713189
3 20003 0.0133798849223
2 20002 0.0616823342043

02000
1 20001 0.162572783001
0 20000 0.776858233779
3 03 0.00994214251019
2 02 0.0506268407105

11000
1 31001 0.186856060339
0 10000 0.735402860624
3 03 0.0137115572864
2 02 0.0640295217505

30000
1 31001 0.188937858087
0 e 0.727853680035
3 003 0.0163508153372
2 02 0.0668576465403

0001
1 00011 0.144452262758
0 00010 0.801635270264
3 0013 0.00871222212506
2 0012 0.0452002448533

0010
1 00101 0.141783974915
0 00100 0.805996192079
3 00103 0.00824194152635
2 00102 0.0439778914794

00010
1 01 0.127156837252
0 00100 0.829721004864
3 00103 0.00639932011188
2 00102 0.0367228377718

0100
1 01001 0.139971335387
0 01000 0.809145386218
3 01003 0.00819208778717
2 01002 0.0426911906074

00100
1 01 0.125477861118
0 01000 0.832756886167
3 003 0.00626026716925
2 002 0.0355049855464

1000
1 10001 0.136225990172
0 10000 0.814879049362
3 10003 0.0077744899485
2 10002 0.0411204705179

01000
1 01 0.12159134566
0 10000 0.838370160177
3 0003 0.0059212036146
2 002 0.0341172905485

20000
1 01 0.155071323871
0 e 0.786957920704
3 003 0.00927150739456
2 02 0.0486992480307

10000
1 001 0.117193049032
0 e 0.844860235402
3 0003 0.00533892899362
2 002 0.0326077865727

30333
1 31001 0.3125
0 30 0.375
2 3332 0.3125

33333
1 3331 0.5
0 33330 0.25
2 e 0.25

e
1 31001 0.05265484
0 0 0.92412616
3 3 0.00452924
2 31002 0.01868976

0
1 01 0.0377261476939
0 00 0.948776539342
3 03 0.0022767021334
2 02 0.0112205891888

00
1 001 0.0289043015378
0 000 0.962378666106
3 003 0.0012886107336
2 002 0.00742839881175

000
1 0001 0.0233098417588
0 0000 0.970548845013
3 0003 0.000807392017125
2 0002 0.00533389750909

0000
1 0001 0.0195682224505
0 0000 0.975783350302
3 00003 0.000554366868711
2 00002 0.0040940359576

