101101
0 1011010 0.64700617236
1 1011011 0.35299382764

1011011
1 110111 0.501692878186
0 0110110 0.498307121814

0110110
1 101101 0.753896485811
0 1101100 0.246103514189

1101100
1 1011001 1.0
0 1011000 0.0

1011001
1 0110011 0.0
0 0110010 1.0

0110010
1 1100101 0.359703711387
0 1100100 0.640296288613

1100100
1 1001001 0.505415374189
0 1001000 0.494584625811

1001000
1 0010001 1.0
0 0010000 0.0

0010001
1 0100011 0.301385610261
0 0100010 0.698614389739

0100010
1 1000101 0.473973379861
0 1000100 0.526026620139

1000100
1 0001001 0.516147449985
0 0001000 0.483852550015

0001000
1 0010001 1.0
0 0010000 0.0

0001001
1 0010011 0.513063403157
0 0010010 0.486936596843

0010010
1 0100101 0.421727247023
0 0100100 0.578272752977

0100100
1 1001001 0.500541851584
0 1001000 0.499458148416

1001001
1 0010011 0.536850721546
0 0010010 0.463149278454

0010011
1 0100111 0.493851201185
0 0100110 0.506148798815

0100110
1 1001101 0.685813630042
0 001100 0.314186369958

001100
0 0011000 0.0
1 0011001 1.0

0011001
1 0110011 0.0
0 0110010 1.0

1001101
1 0011011 0.360628852072
0 0011010 0.639371147928

0011010
1 0110101 0.399459407279
0 0110100 0.600540592721

0110100
1 1101001 0.502870418694
0 1101000 0.497129581306

1101000
1 1010001 1.0
0 1010000 0.0

1010001
1 0100011 0.292807674352
0 0100010 0.707192325648

0100011
1 1000111 1.0
0 1000110 0.0

1000111
1 1111 0.0
0 0001110 1.0

0001110
1 0011101 0.85777936096
0 0011100 0.14222063904

0011100
1 0111001 1.0
0 0111000 0.0

0111001
1 1110011 0.0
0 1110010 1.0

1110010
1 1100101 0.373230149643
0 1100100 0.626769850357

1100101
1 1001011 0.392243561616
0 1001010 0.607756438384

1001010
1 0010101 0.394749943426
0 0010100 0.605250056574

0010100
1 0101001 0.496743690718
0 0101000 0.503256309282

0101000
1 1010001 1.0
0 1010000 0.0

0101001
1 1010011 0.54013956708
0 1010010 0.45986043292

1010010
1 0100101 0.428932247269
0 0100100 0.571067752731

0100101
1 1001011 0.315945764719
0 1001010 0.684054235281

1001011
1 0010111 0.502740919825
0 0010110 0.497259080175

0010110
1 101101 0.752604329112
0 0101100 0.247395670888

0101100
1 1011001 1.0
0 1011000 0.0

0010111
1 1111 0.50355323848
0 0101110 0.49644676152

0101110
1 1011101 0.751067343022
0 1011100 0.248932656978

1011100
1 0111001 1.0
0 0111000 0.0

1011101
1 0111011 0.353050473701
0 0111010 0.646949526299

0111010
1 1110101 0.315842255172
0 1110100 0.684157744828

1110100
1 1101001 0.446723473418
0 1101000 0.553276526582

1101001
1 1010011 0.552536750358
0 1010010 0.447463249642

1010011
1 0100111 0.454237584519
0 0100110 0.545762415481

0100111
1 1111 0.509068784857
0 1001110 0.490931215143

1001110
1 0011101 0.755649192382
0 0011100 0.244350807618

0011101
1 0111011 0.249653890465
0 0111010 0.750346109535

0111011
1 110111 0.516731083951
0 1110110 0.483268916049

1110110
1 101101 0.751721338803
0 1101100 0.248278661197

110111
0 1101110 0.496319076308
1 1111 0.503680923692

1111
0 11110 0.49535448947
1 1111 0.50464551053

11110
0 111100 0.246830698256
1 111101 0.753169301744

111101
0 1111010 0.647457043139
1 1111011 0.352542956861

1111011
1 110111 0.505004253163
0 1110110 0.494995746837

1111010
1 1110101 0.398703116069
0 1110100 0.601296883931

1110101
1 1101011 0.362045489852
0 1101010 0.637954510148

1101010
1 1010101 0.400897841536
0 1010100 0.599102158464

1010100
1 0101001 0.502182824895
0 0101000 0.497817175105

1010101
1 0101011 0.349674018311
0 0101010 0.650325981689

0101010
1 1010101 0.399085504553
0 1010100 0.600914495447

0101011
1 1010111 0.499398163699
0 1010110 0.500601836301

1010110
1 101101 0.750240996792
0 0101100 0.249759003208

1010111
1 1111 0.507570846119
0 0101110 0.492429153881

1101011
1 1010111 0.499955533157
0 1010110 0.500044466843

111100
0 1111000 0.0
1 1111001 1.0

1111001
1 1110011 0.0
0 1110010 1.0

1101110
1 1011101 0.75215124479
0 1011100 0.24784875521

1111
0 11110 0.49535448947
1 1111 0.50464551053

1110101
1 1101011 0.362045489852
0 1101010 0.637954510148

0111011
1 110111 0.516731083951
0 1110110 0.483268916049

1111
0 11110 0.49535448947
1 1111 0.50464551053

1010011
1 0100111 0.454237584519
0 0100110 0.545762415481

0010101
1 0101011 0.360718565246
0 0101010 0.639271531705

1001011
1 0010111 0.502740919825
0 0010110 0.497259080175

0011101
1 0111011 0.249653890465
0 0111010 0.750346109535

1111
0 11110 0.49535448947
1 1111 0.50464551053

1101001
1 1010011 0.552536750358
0 1010010 0.447463249642

0110101
1 1101011 0.353527402912
0 1101010 0.646472597088

0011011
1 110111 0.50097799511
0 0110110 0.49902200489

0100111
1 1111 0.509068784857
0 1001110 0.490931215143

0100101
1 1001011 0.315945764719
0 1001010 0.684054235281

0010011
1 0100111 0.493851201185
0 0100110 0.506148798815

1000101
1 0001011 0.299421163005
0 0001010 0.700578836995

0001010
1 0010101 0.349204640078
0 0010100 0.650795359922

0001011
1 0010111 0.517173617293
0 0010110 0.482826382707

0100011
1 1000111 1.0
0 1000110 0.0

1001001
1 0010011 0.536850721546
0 0010010 0.463149278454

1100101
1 1001011 0.392243561616
0 1001010 0.607756438384

110111
0 1101110 0.496319076308
1 1111 0.503680923692

1011010
1 0110101 0.398251955155
0 0110100 0.601748044845

110111
0 1101110 0.496319076308
1 1111 0.503680923692

001100
0 0011000 0.0
1 0011001 1.0

1111
0 11110 0.49535448947
1 1111 0.50464551053

