101101
0 1011010 0.64700617236
1 1011011 0.35299382764

1011011
0 10110110 0.498307121814
1 110111 0.501692878186

110111
0 1101110 0.496319076308
1 1111 0.503680923692

1111
0 11110 0.49535448947
1 1111 0.50464551053

11110
0 111100 0.246830698256
1 111101 0.753169301744

111101
0 1111010 0.647457043139
1 1111011 0.352542956861

1111011
0 11110110 0.494995746837
1 110111 0.505004253163

11110110
1 01101 0.747166361974
0 11101100 0.252833638026

11101100
1 11011001 1.0
0 111011000 0.0

11011001
1 110110011 0.0
0 10110010 1.0

10110010
1 01100101 0.375378484806
0 100100 0.624621515194

100100
0 1001000 0.497033804899
1 1001001 0.502966195101

1001001
0 10010010 0.463149278454
1 10010011 0.536850721546

10010011
1 00100111 0.49555790333
0 00100110 0.50444209667

00100110
1 01001101 0.743040744923
0 001100 0.256959255077

001100
0 0011000 0.0
1 0011001 1.0

0011001
0 00110010 1.0
1 00110011 0.0

00110010
1 1100101 0.340473853379
0 01100100 0.659526146621

01100100
1 11001001 0.510616757333
0 11001000 0.489383242667

11001000
1 10010001 1.0
0 110010000 0.0

10010001
1 00100011 0.302707356365
0 00100010 0.697292643635

00100010
1 01000101 0.482205260001
0 01000100 0.517794739999

01000100
1 10001001 0.516147449985
0 10001000 0.483852550015

10001000
1 00010001 1.0
0 100010000 0.0

00010001
1 00100011 0.299487726988
0 00100010 0.700512273012

00100011
1 01000111 1.0
0 001000110 0.0

01000111
1 1111 0.0
0 10001110 1.0

10001110
1 00011101 0.85777936096
0 00011100 0.14222063904

00011100
1 00111001 1.0
0 000111000 0.0

00111001
1 001110011 0.0
0 110010 1.0

110010
0 1100100 0.633227831125
1 1100101 0.366772168875

1100101
0 11001010 0.607756438384
1 11001011 0.392243561616

11001011
1 010111 0.503456386427
0 10010110 0.496543613573

10010110
1 101101 0.750374537129
0 00101100 0.249625462871

00101100
1 01011001 1.0
0 001011000 0.0

01011001
1 010110011 0.0
0 10110010 1.0

010111
0 0101110 0.494395822608
1 1111 0.505604177392

0101110
0 01011100 0.248932656978
1 01011101 0.751067343022

01011101
1 10111011 0.35179940185
0 10111010 0.64820059815

10111010
1 10101 0.397617169007
0 e 0.602382830993

e
1 1 0.5000001
0 0 0.4999999

0
0 00 0.403653480731
1 01 0.596346519269

01
0 010 0.661173438793
1 011 0.338826225831

011
0 0110 0.41809026922
1 0111 0.58190973078

0111
0 01110 0.646043439582
1 1111 0.353956560418

01110
0 011100 0.198184867577
1 011101 0.801815132423

011101
0 0111010 0.717086705962
1 0111011 0.282913294038

0111011
0 01110110 0.483268916049
1 110111 0.516731083951

01110110
1 101101 0.754713355909
0 11101100 0.245286644091

0111010
0 01110100 0.684157744828
1 01110101 0.315842255172

01110101
1 11101011 0.368347034347
0 11101010 0.631652965653

11101010
1 1010101 0.40385607059
0 11010100 0.59614392941

11010100
1 10101001 0.502765027927
0 10101000 0.497234972073

10101000
1 01010001 1.0
0 101010000 0.0

01010001
1 10100011 0.301231266712
0 0100010 0.698768733288

0100010
0 01000100 0.526026620139
1 01000101 0.473973379861

01000101
1 10001011 0.299421163005
0 10001010 0.700578836995

10001010
1 00010101 0.349204640078
0 00010100 0.650795359922

00010100
1 00101001 0.491865300405
0 00101000 0.508134699595

00101000
1 01010001 1.0
0 001010000 0.0

00101001
1 01010011 0.549338579153
0 01010010 0.450661420847

01010010
1 10100101 0.432153512341
0 0100100 0.567846487659

0100100
0 01001000 0.499458148416
1 01001001 0.500541851584

01001001
1 0010011 0.529344296098
0 10010010 0.470655703902

10010010
1 00100101 0.424191820092
0 00100 0.575808179908

00100
0 001000 0.491536602282
1 001001 0.508463397718

001001
0 0010010 0.473219628409
1 0010011 0.526780371591

0010011
0 00100110 0.506148798815
1 00100111 0.493851201185

00100111
1 1111 0.504914566547
0 110 0.495085433453

110
0 1100 0.23986502872
1 1101 0.76013497128

1101
0 11010 0.673761257155
1 11011 0.326238742845

11011
0 110110 0.49252206261
1 110111 0.50747793739

110110
0 1101100 0.247319583452
1 101101 0.752680416548

1101100
0 11011000 0.0
1 11011001 1.0

11010
0 110100 0.636271571009
1 110101 0.363728428991

110101
0 1101010 0.641519659936
1 1101011 0.358480340064

1101011
0 11010110 0.500044466843
1 11010111 0.499955533157

11010111
1 1111 0.505988734065
0 0101110 0.494011265935

11010110
1 101101 0.751452454351
0 10101100 0.248547545649

10101100
1 01011001 1.0
0 101011000 0.0

1101010
0 11010100 0.599102158464
1 11010101 0.400897841536

11010101
1 01011 0.349675633238
0 10101010 0.650324366762

10101010
1 1010101 0.398305084746
0 e 0.601694915254

1010101
0 10101010 0.650325981689
1 10101011 0.349674018311

10101011
1 1010111 0.499043485709
0 10110 0.500956514291

10110
0 101100 0.247998225833
1 101101 0.752001774167

101100
0 1011000 0.0
1 1011001 1.0

1011001
0 10110010 1.0
1 10110011 0.0

1010111
0 10101110 0.492429153881
1 1111 0.507570846119

10101110
1 01011101 0.752896430661
0 01011100 0.247103569339

01011100
1 10111001 1.0
0 010111000 0.0

10111001
1 101110011 0.0
0 1110010 1.0

1110010
0 11100100 0.626769850357
1 11100101 0.373230149643

11100101
1 e 0.39423239675
0 11001010 0.60576760325

11001010
1 10010101 0.472157429005
0 0100 0.527842570995

0100
0 01000 0.505611919192
1 01001 0.494388080808

01001
0 010010 0.462755850962
1 010011 0.537244149038

010011
0 0100110 0.527841172058
1 0100111 0.472158827942

0100111
0 01001110 0.490931215143
1 1111 0.509068784857

01001110
1 10011101 0.755649192382
0 10011100 0.244350807618

10011100
1 00111001 1.0
0 100111000 0.0

10011101
1 0111011 0.356367082149
0 010 0.643632917851

010
0 0100 0.598314837566
1 0101 0.401685162434

0101
0 01010 0.659555069523
1 01011 0.34044366769

01011
0 010110 0.495654625237
1 010111 0.504345374763

010110
0 0101100 0.24862490365
1 101101 0.75137509635

0101100
0 01011000 0.0
1 01011001 1.0

01010
0 010100 0.614900220371
1 010101 0.385099779629

010101
0 0101010 0.644776223289
1 0101011 0.355218805

0101011
0 01010110 0.500601836301
1 01010111 0.499398163699

01010111
1 1111 0.509066449931
0 110 0.490933550069

01010110
1 101101 0.749098330864
0 10101100 0.250901669136

0101010
0 01010100 0.600914495447
1 01010101 0.399085504553

01010101
1 10101011 0.349672508067
0 10101010 0.650327491933

01010100
1 10101001 0.501642457527
0 10101000 0.498357542473

10101001
1 01010011 0.529790617546
0 1010010 0.470209382454

1010010
0 10100100 0.571067752731
1 10100101 0.428932247269

10100101
1 01001011 0.31483389764
0 01001010 0.68516610236

01001010
1 10101 0.341518993788
0 10010100 0.658481006212

10010100
1 01001 0.502255789028
0 00101000 0.497744210972

10101
0 101010 0.64320205066
1 101011 0.356795380877

101011
0 1010110 0.50033114013
1 1010111 0.49966885987

1010110
0 10101100 0.249759003208
1 101101 0.750240996792

101010
0 1010100 0.600040731083
1 1010101 0.399959268917

1010100
0 10101000 0.497817175105
1 10101001 0.502182824895

01001011
1 0010111 0.502053416389
0 0010110 0.497946583611

0010110
0 00101100 0.247395670888
1 101101 0.752604329112

0010111
0 00101110 0.49644676152
1 1111 0.50355323848

00101110
1 1011101 0.749175317011
0 01011100 0.250824682989

1011101
0 10111010 0.646949526299
1 10111011 0.353050473701

10111011
1 110111 0.502862760974
0 1110110 0.497137239026

1110110
0 11101100 0.248278661197
1 101101 0.751721338803

10100100
1 001001 0.49871001032
0 01001000 0.50128998968

01001000
1 10010001 1.0
0 010010000 0.0

01010011
1 0100111 0.491219562883
0 0110 0.508780437117

0110
0 01100 0.273911437717
1 01101 0.726088562283

01101
0 011010 0.644182801098
1 011011 0.355817198902

011011
0 0110110 0.498575054753
1 110111 0.501424945247

0110110
0 01101100 0.246103514189
1 101101 0.753896485811

01101100
1 11011001 1.0
0 011011000 0.0

011010
0 0110100 0.60130487379
1 0110101 0.39869512621

0110101
0 01101010 0.646472597088
1 01101011 0.353527402912

01101011
1 e 0.501849391317
0 10110 0.498150608683

01101010
1 11010101 0.396842229292
0 1010100 0.603157770708

0110100
0 01101000 0.497129581306
1 01101001 0.502870418694

01101001
1 11 0.53130231001
0 11010010 0.46869768999

11010010
1 0100101 0.42547933656
0 10100100 0.57452066344

0100101
0 01001010 0.684054235281
1 01001011 0.315945764719

11
0 110 0.500572024839
1 111 0.499427975161

111
0 1110 0.58324272307
1 1111 0.41675727693

1110
0 11100 0.215403378483
1 11101 0.784596621517

11101
0 111010 0.693428030057
1 111011 0.306571969943

111011
0 1110110 0.48785092992
1 110111 0.51214907008

111010
0 1110100 0.657869889824
1 1110101 0.342130110176

1110101
0 11101010 0.637954510148
1 11101011 0.362045489852

11101011
1 1010111 0.498624397385
0 1010110 0.501375602615

1110100
0 11101000 0.553276526582
1 11101001 0.446723473418

11101001
1 1 0.566031914894
0 010010 0.433968085106

010010
0 0100100 0.574467217823
1 0100101 0.425532782177

1
0 10 0.596346080731
1 11 0.403653719269

10
0 100 0.476862600952
1 101 0.523137399048

101
0 1010 0.666549134375
1 1011 0.33345022454

1011
0 10110 0.494145739367
1 10111 0.505854260633

10111
0 101110 0.495325184712
1 1111 0.504674815288

101110
0 1011100 0.248407838804
1 1011101 0.751592161196

1011100
0 10111000 0.0
1 10111001 1.0

1010
0 10100 0.625535721156
1 10101 0.374464278844

10100
0 101000 0.517063817879
1 101001 0.482936182121

101001
0 1010010 0.453792348126
1 1010011 0.546207651874

1010011
0 10100110 0.545762415481
1 10100111 0.454237584519

10100111
1 11 0.512800112923
0 01001110 0.487199887077

10100110
1 01001101 0.641966869947
0 001100 0.358033130053

01001101
1 10011011 0.360628852072
0 10011010 0.639371147928

10011010
1 00110101 0.399459407279
0 00110100 0.600540592721

00110100
1 01101001 0.502032286954
0 01101000 0.497967713046

01101000
1 010001 1.0
0 011010000 0.0

010001
0 0100010 0.703451259325
1 0100011 0.296548740675

0100011
0 01000110 0.0
1 01000111 1.0

00110101
1 11 0.35286197611
0 010 0.64713802389

10011011
1 110111 0.50097799511
0 00110110 0.49902200489

00110110
1 01101 0.754777070064
0 01101100 0.245222929936

101000
0 1010000 0.0
1 1010001 1.0

1010001
0 10100010 0.707192325648
1 10100011 0.292807674352

10100011
1 01000111 1.0
0 101000110 0.0

10100010
1 01000101 0.46768367806
0 01000100 0.53231632194

100
0 1000 0.419439529185
1 1001 0.580560470815

1001
0 10010 0.620471601543
1 10011 0.379528398457

10011
0 100110 0.527841172058
1 100111 0.472158827942

100111
0 1001110 0.490931215143
1 1111 0.509068784857

1001110
0 10011100 0.244350807618
1 10011101 0.755649192382

100110
0 001100 0.314186369958
1 1001101 0.685813630042

1001101
0 10011010 0.639371147928
1 10011011 0.360628852072

10010
0 100100 0.602268689354
1 100101 0.397731310646

100101
0 1001010 0.650765288591
1 1001011 0.349234711409

1001011
0 10010110 0.497259080175
1 10010111 0.502740919825

10010111
1 1111 0.505074510023
0 0101110 0.494925489977

1001010
0 10010100 0.605250056574
1 10010101 0.394749943426

10010101
1 e 0.35465871742
0 0101010 0.64534128258

1000
0 10000 0.0
1 10001 1.0

10001
0 100010 0.703451259325
1 100011 0.296548740675

100011
0 1000110 0.0
1 1000111 1.0

1000111
0 10001110 1.0
1 1111 0.0

100010
0 1000100 0.526026620139
1 1000101 0.473973379861

1000101
0 10001010 0.700578836995
1 10001011 0.299421163005

10001011
1 00010111 0.517173617293
0 00010110 0.482826382707

00010110
1 101101 0.755348384179
0 00101100 0.244651615821

00010111
1 1111 0.501786178228
0 00101110 0.498213821772

1000100
0 10001000 0.483852550015
1 10001001 0.516147449985

10001001
1 00010011 0.513063403157
0 00010010 0.486936596843

00010010
1 0100101 0.418534210764
0 e 0.581465789236

00010011
1 0100111 0.491418695779
0 00100110 0.508581304221

11101000
1 11010001 1.0
0 111010000 0.0

11010001
1 10100011 0.285088244177
0 10100010 0.714911755823

11100
0 111000 0.0
1 111001 1.0

111001
0 1110010 1.0
1 1110011 0.0

01101000
1 010001 1.0
0 011010000 0.0

01100
0 011000 0.0
1 011001 1.0

011001
0 0110010 1.0
1 0110011 0.0

0110010
0 01100100 0.640296288613
1 01100101 0.359703711387

01100101
1 1011 0.389984861955
0 11001010 0.610015138045

010100
0 0101000 0.500711476727
1 0101001 0.499288523273

0101001
0 01010010 0.45986043292
1 01010011 0.54013956708

0101000
0 01010000 0.0
1 01010001 1.0

0100110
0 001100 0.314186369958
1 01001101 0.685813630042

010010
0 0100100 0.574467217823
1 0100101 0.425532782177

01000
0 010000 0.0
1 010001 1.0

10010101
1 e 0.35465871742
0 0101010 0.64534128258

11100100
1 001001 0.500560658175
0 11001000 0.499439341825

01011
0 010110 0.495654625237
1 010111 0.504345374763

110100
0 1101000 0.533016016694
1 1101001 0.466983983306

1101001
0 11010010 0.447463249642
1 11010011 0.552536750358

11010011
1 10100111 0.416530307133
0 10 0.583469692867

1101000
0 11010000 0.0
1 11010001 1.0

1100
0 11000 0.0
1 11001 1.0

11001
0 110010 1.0
1 110011 0.0

0010010
0 00100100 0.578272752977
1 00100101 0.421727247023

00100101
1 1001011 0.317211710369
0 01001010 0.682788289631

00100100
1 01001001 0.502566958222
0 01001000 0.497433041778

001000
0 0010000 0.0
1 0010001 1.0

0010001
0 00100010 0.698614389739
1 00100011 0.301385610261

00100101
1 1001011 0.317211710369
0 01001010 0.682788289631

0010011
0 00100110 0.506148798815
1 00100111 0.493851201185

01001000
1 10010001 1.0
0 010010000 0.0

10100101
1 01001011 0.31483389764
0 01001010 0.68516610236

01010011
1 0100111 0.491219562883
0 0110 0.508780437117

00010101
1 0101011 0.367237445269
0 010 0.632741998479

10001011
1 00010111 0.517173617293
0 00010110 0.482826382707

10100011
1 01000111 1.0
0 101000110 0.0

10101001
1 01010011 0.529790617546
0 1010010 0.470209382454

1010101
0 10101010 0.650325981689
1 10101011 0.349674018311

11101011
1 1010111 0.498624397385
0 1010110 0.501375602615

01110100
1 11101001 0.425039322646
0 11101000 0.574960677354

011100
0 0111000 0.0
1 0111001 1.0

0111001
0 01110010 1.0
1 01110011 0.0

01110010
1 11100101 0.37040333723
0 e 0.62959666277

0110
0 01100 0.273911437717
1 01101 0.726088562283

010
0 0100 0.598314837566
1 0101 0.401685162434

00
0 000 0.295496581969
1 001 0.704503418031

001
0 0010 0.655276550135
1 0011 0.344723449865

0011
0 00110 0.337383761022
1 00111 0.662616238978

00111
0 001110 0.768141287748
1 1111 0.231858712252

001110
0 0011100 0.171949655283
1 0011101 0.828050344717

0011101
0 00111010 0.750346109535
1 00111011 0.249653890465

00111011
1 110111 0.526040252841
0 01110110 0.473959747159

00111010
1 01110101 0.282411230388
0 01110100 0.717588769612

0011100
0 00111000 0.0
1 00111001 1.0

00110
0 001100 0.314186369958
1 001101 0.685813630042

001101
0 0011010 0.639371147928
1 0011011 0.360628852072

0011011
0 00110110 0.49902200489
1 110111 0.50097799511

0011010
0 00110100 0.600540592721
1 00110101 0.399459407279

0010
0 00100 0.567938719919
1 00101 0.432061280081

00101
0 001010 0.675370937572
1 001011 0.324629062428

001011
0 0010110 0.490683562514
1 0010111 0.509316437486

001010
0 0010100 0.628587086855
1 0010101 0.371412913145

0010101
0 00101010 0.639271531705
1 00101011 0.360718565246

00101011
1 01010111 0.499739190117
0 01010110 0.500260809883

00101010
1 01010101 0.399872972596
0 1010100 0.600127027404

0010100
0 00101000 0.503256309282
1 00101001 0.496743690718

000
0 0000 0.0
1 0001 1.0

0001
0 00010 0.703451259325
1 00011 0.296548740675

00011
0 000110 0.0
1 000111 1.0

000111
0 0001110 1.0
1 1111 0.0

0001110
0 00011100 0.14222063904
1 00011101 0.85777936096

00011101
1 00111011 0.211052957694
0 00111010 0.788947042306

00010
0 000100 0.526026620139
1 000101 0.473973379861

000101
0 0001010 0.700578836995
1 0001011 0.299421163005

0001011
0 00010110 0.482826382707
1 00010111 0.517173617293

0001010
0 00010100 0.650795359922
1 00010101 0.349204640078

000100
0 0001000 0.483852550015
1 0001001 0.516147449985

0001001
0 00010010 0.486936596843
1 00010011 0.513063403157

0001000
0 00010000 0.0
1 00010001 1.0

1
0 10 0.596346080731
1 11 0.403653719269

10101
0 101010 0.64320205066
1 101011 0.356795380877

10111011
1 110111 0.502862760974
0 1110110 0.497137239026

01011100
1 10111001 1.0
0 010111000 0.0

11001010
1 10010101 0.472157429005
0 0100 0.527842570995

1100100
0 11001000 0.494584625811
1 11001001 0.505415374189

11001001
1 e 0.544360921645
0 10010010 0.455639078355

00011101
1 00111011 0.211052957694
0 00111010 0.788947042306

10001001
1 00010011 0.513063403157
0 00010010 0.486936596843

01000101
1 10001011 0.299421163005
0 10001010 0.700578836995

00100011
1 01000111 1.0
0 001000110 0.0

11001001
1 e 0.544360921645
0 10010010 0.455639078355

1100101
0 11001010 0.607756438384
1 11001011 0.392243561616

01001101
1 10011011 0.360628852072
0 10011010 0.639371147928

00100111
1 1111 0.504914566547
0 110 0.495085433453

10010010
1 00100101 0.424191820092
0 00100 0.575808179908

1001000
0 10010000 0.0
1 10010001 1.0

01100101
1 1011 0.389984861955
0 11001010 0.610015138045

01101
0 011010 0.644182801098
1 011011 0.355817198902

1111010
0 11110100 0.601296883931
1 11110101 0.398703116069

11110101
1 01011 0.351302585397
0 1101010 0.648697414603

11110100
1 01001 0.499819719418
0 11101000 0.500180280582

111100
0 1111000 0.0
1 1111001 1.0

1111001
0 11110010 1.0
1 11110011 0.0

11110010
1 1100101 0.377372817008
0 100100 0.622627182992

1101110
0 11011100 0.24784875521
1 11011101 0.75215124479

11011101
1 10111011 0.354381307545
0 10111010 0.645618692455

11011100
1 10111001 1.0
0 110111000 0.0

10110110
1 101101 0.753367845167
0 01101100 0.246632154833

1011010
0 10110100 0.601748044845
1 10110101 0.398251955155

10110101
1 01011 0.353914422826
0 01101010 0.646085577174

10110100
1 01101001 0.503355437137
0 01101000 0.496644562863

110111
0 1101110 0.496319076308
1 1111 0.503680923692

001100
0 0011000 0.0
1 0011001 1.0

1111
0 11110 0.49535448947
1 1111 0.50464551053

