0001011
1 0010111 0.274616930419
0 0010110 0.725383069581

0001010
1 0010101 0.196779626065
0 0010100 0.803220373935

1100011
1 1000111 0.281751192024
0 1000110 0.718248807976

1000101
1 0001011 0.248177423068
0 0001010 0.751822576932

1000100
1 0001001 0.171233366719
0 0001000 0.828766633281

1111001
1 1110011 0.296557811121
0 1110010 0.703442188879

1111000
1 1110001 0.239245162322
0 1110000 0.760754837678

1101110
1 1011101 0.290925672595
0 1011100 0.709074327405

1101111
1 1011111 0.329044117647
0 1011110 0.670955882353

1100100
1 1001001 0.213005225905
0 1001000 0.786994774095

1100101
1 1001011 0.28683351469
0 1001010 0.71316648531

0001000
1 0010001 0.105877368226
0 0010000 0.894122631774

0001001
1 0010011 0.20031842772
0 0010010 0.79968157228

0011111
1 0111111 0.339034587609
0 0111110 0.660965412391

0100101
1 1001011 0.25852679851
0 1001010 0.74147320149

0100100
1 1001001 0.178604224059
0 1001000 0.821395775941

0111101
1 1111011 0.291029350971
0 1111010 0.708970649029

0111100
1 1111001 0.263068854678
0 1111000 0.736931145322

1000110
1 0001101 0.240178180225
0 0001100 0.759821819775

1000111
1 0001111 0.299529748518
0 0001110 0.700470251482

0101111
1 1011111 0.324011186576
0 1011110 0.675988813424

1111011
1 1110111 0.308619091752
0 1110110 0.691380908248

1111010
1 1110101 0.280410742496
0 1110100 0.719589257504

0101110
1 1011101 0.279026907482
0 1011100 0.720973092518

0010011
1 0100111 0.262595727529
0 0100110 0.737404272471

0010010
1 0100101 0.190116074569
0 0100100 0.809883925431

0110111
1 1101111 0.334693877551
0 1101110 0.665306122449

0110110
1 1101101 0.290153500562
0 1101100 0.709846499438

1110011
1 1100111 0.311302681992
0 1100110 0.688697318008

1110010
1 1100101 0.254058135145
0 1100100 0.745941864855

1011101
1 0111011 0.315055762082
0 0111010 0.684944237918

1011100
1 0111001 0.264313151637
0 0111000 0.735686848363

0101100
1 1011001 0.236364857603
0 1011000 0.763635142397

0101101
1 1011011 0.290366614665
0 1011010 0.709633385335

1010111
1 0101111 0.322310200279
0 0101110 0.677689799721

1010110
1 0101101 0.27748585287
0 0101100 0.72251414713

0100110
1 1001101 0.242464694724
0 1001100 0.757535305276

0100111
1 1001111 0.301630434783
0 1001110 0.698369565217

0111110
1 1111101 0.308032128514
0 1111100 0.691967871486

0111111
1 1111111 0.343511450382
0 1111110 0.656488549618

0010000
1 0100001 0.100401806544
0 0100000 0.899598193456

0010001
1 0100011 0.195262461087
0 0100010 0.804737538913

1100001
1 1000011 0.223449122
0 1000010 0.776550878

1100000
1 1000001 0.145612914284
0 1000000 0.854387085716

0110100
1 1101001 0.227309236948
0 1101000 0.772690763052

0110101
1 1101011 0.278565640194
0 1101010 0.721434359806

1110000
1 1100001 0.19578153538
0 1100000 0.80421846462

1110001
1 1100011 0.263593136241
0 1100010 0.736406863759

0011110
1 0111101 0.287237643873
0 0111100 0.712762356127

0001101
1 0011011 0.261467292155
0 0011010 0.738532707845

0001100
1 0011001 0.189812442349
0 0011000 0.810187557651

1010100
1 0101001 0.215287757476
0 0101000 0.784712242524

1010101
1 0101011 0.287279759347
0 0101010 0.712720240653

1011110
1 0111101 0.298100743187
0 0111100 0.701899256813

1011111
1 0111111 0.357570573139
0 0111110 0.642429426861

0000111
1 0001111 0.282413651557
0 0001110 0.717586348443

0000110
1 0001101 0.20032892551
0 0001100 0.79967107449

0100011
1 1000111 0.257032424307
0 1000110 0.742967575693

0100010
1 1000101 0.182942353155
0 1000100 0.817057646845

1001111
1 0011111 0.321523472099
0 0011110 0.678476527901

1001110
1 0011101 0.279483037157
0 0011100 0.720516962843

1011000
1 0110001 0.211188992731
0 0110000 0.788811007269

1100010
1 1000101 0.212929119186
0 1000100 0.787070880814

1011001
1 0110011 0.274095160634
0 0110010 0.725904839366

0001110
1 0011101 0.256719657792
0 0011100 0.743280342208

0001111
1 0011111 0.303295653558
0 0011110 0.696704346442

0011100
1 0111001 0.241617357002
0 0111000 0.758382642998

0011101
1 0111011 0.299722479186
0 0111010 0.700277520814

0000100
1 0001001 0.110621102678
0 0001000 0.889378897322

0000101
1 0001011 0.207743308505
0 0001010 0.792256691495

0100000
1 1000001 0.0943415140532
0 1000000 0.905658485947

0100001
1 1000011 0.190097571875
0 1000010 0.809902428125

1101011
1 1010111 0.301772151899
0 1010110 0.698227848101

1101010
1 1010101 0.251027196243
0 1010100 0.748972803757

0101001
1 1010011 0.244775009297
0 1010010 0.755224990703

0101000
1 1010001 0.168325822867
0 1010000 0.831674177133

1001100
1 0011001 0.225844571111
0 0011000 0.774155428889

1001101
1 0011011 0.289118515394
0 0011010 0.710881484606

0110001
1 1100011 0.243190094683
0 1100010 0.756809905317

0110000
1 1100001 0.161307992365
0 1100000 0.838692007635

0010101
1 0101011 0.258719737382
0 0101010 0.741280262618

0010100
1 0101001 0.180068187779
0 0101000 0.819931812221

1001001
1 0010011 0.238863056847
0 0010010 0.761136943153

1001000
1 0010001 0.161185393162
0 0010000 0.838814606838

1111111
1 1111111 0.357142857143
0 1111110 0.642857142857

1111110
1 1111101 0.324427480916
0 1111100 0.675572519084

1101000
1 1010001 0.205214199835
0 1010000 0.794785800165

1101001
1 1010011 0.252825449979
0 1010010 0.747174550021

1110101
1 1101011 0.279069767442
0 1101010 0.720930232558

1110100
1 1101001 0.244992022691
0 1101000 0.755007977309

1010001
1 0100011 0.233948113569
0 0100010 0.766051886431

1010000
1 0100001 0.153455866708
0 0100000 0.846544133292

1000011
1 0000111 0.262744799207
0 0000110 0.737255200793

1000010
1 0000101 0.17395844989
0 0000100 0.82604155011

0101010
1 1010101 0.238132240746
0 1010100 0.761867759254

0101011
1 1010111 0.3029296875
0 1010110 0.6970703125

0110010
1 1100101 0.225405855418
0 1100100 0.774594144582

0110011
1 1100111 0.289414182939
0 1100110 0.710585817061

0010110
1 0101101 0.2492036103
0 0101100 0.7507963897

0010111
1 0101111 0.313213420962
0 0101110 0.686786579038

0011001
1 0110011 0.244899380266
0 0110010 0.755100619734

0011000
1 0110001 0.178872061058
0 0110000 0.821127938942

0000001
1 0000011 0.118582609242
0 0000010 0.881417390758

1110110
1 1101101 0.284658843981
0 1101100 0.715341156019

1110111
1 1101111 0.325278810409
0 1101110 0.674721189591

0000000
1 0000001 0.00937130660711
0 0000000 0.990628671117

1111100
1 1111001 0.272622699387
0 1111000 0.727377300613

1111101
1 1111011 0.314597315436
0 1111010 0.685402684564

1011011
1 0110111 0.278317152104
0 0110110 0.721682847896

1011010
1 0110101 0.262669245648
0 0110100 0.737330754352

1010010
1 0100101 0.229233459633
0 0100100 0.770766540367

1010011
1 0100111 0.276283618582
0 0100110 0.723716381418

0111011
1 1110111 0.323324630113
0 1110110 0.676675369887

0111010
1 1110101 0.273816314889
0 1110100 0.726183685111

1000000
1 0000001 0.0881870376672
0 0000000 0.911812962333

1000001
1 0000011 0.182106586711
0 0000010 0.817893413289

0011010
1 0110101 0.243302053584
0 0110100 0.756697946416

0011011
1 0110111 0.297734026746
0 0110110 0.702265973254

0000010
1 0000101 0.115284039274
0 0000100 0.884715960726

0000011
1 0000111 0.212160434145
0 0000110 0.787839565855

0111000
1 1110001 0.214758629556
0 1110000 0.785241370444

0111001
1 1110011 0.2765625
0 1110010 0.7234375

1101101
1 1011011 0.30566893424
0 1011010 0.69433106576

1101100
1 1011001 0.25726369989
0 1011000 0.74273630011

1001010
1 0010101 0.232733944954
0 0010100 0.767266055046

1001011
1 0010111 0.286033292732
0 0010110 0.713966707268

1100111
1 1001111 0.342079689018
0 1001110 0.657920310982

1100110
1 1001101 0.263738508682
0 1001100 0.736261491318

