1111
1 1111 0.50464551053
0 11110 0.49535448947

1000100
1 0001001 0.516147449985
0 1101000 0.483852550015

0001001
1 0010011 0.513063403157
0 1010010 0.486936596843

0010011
1 1111 0.493851201185
0 0100110 0.506148798815

1100100
1 1001001 0.505415374189
0 1101000 0.494584625811

0100010
1 1000101 0.473973379861
0 1000100 0.526026620139

11110
1 111101 0.753169301744
0 111100 0.246830698256

1001110
1 0011101 0.755649192382
0 111100 0.244350807618

111101
1 1111 0.352542956861
0 1111010 0.647457043139

1011101
1 1111 0.353050473701
0 0111010 0.646949526299

0001010
1 111101 0.349204640078
0 1100100 0.650795359922

1110010
1 1100101 0.373230149643
0 1100100 0.626769850357

111100
1 1111001 1.0

1101000
1 1010001 1.0

1100101
1 1111 0.392243561616
0 1101010 0.607756438384

1101010
1 111101 0.400897841536
0 1100100 0.599102158464

1111010
1 111101 0.398703116069
0 1110100 0.601296883931

1010010
1 0100101 0.428932247269
0 1100100 0.571067752731

1111001
0 1110010 1.0

1000111
0 0001110 1.0

1010011
1 1111 0.454237584519
0 0100110 0.545762415481

1110100
1 1101001 0.446723473418
0 1101000 0.553276526582

1001001
1 0010011 0.536850721546
0 1010010 0.463149278454

1101001
1 1010011 0.552536750358
0 1010010 0.447463249642

1000101
1 1111 0.299421163005
0 0001010 0.700578836995

0100101
1 1111 0.315945764719
0 1101010 0.684054235281

0111010
1 111101 0.315842255172
0 1110100 0.684157744828

1010001
1 111100 0.292807674352
0 0100010 0.707192325648

0100110
1 111101 0.685813630042
0 111100 0.314186369958

0011101
1 1111 0.249653890465
0 0111010 0.750346109535

0001110
1 0011101 0.85777936096
0 111100 0.14222063904

