1111111010
1 1111110101 0.321428571429
0 1111110100 0.678571428571

1111111011
1 1111110111 0.313725490196
0 1111110110 0.686274509804

0101001001
1 1010010011 0.253889234599
0 1010010010 0.746110765401

0101001000
1 1010010001 0.180993314231
0 1010010000 0.819006685769

0110010001
1 1100100011 0.248587570621
0 1100100010 0.751412429379

0110010000
1 1100100001 0.15435410648
0 1100100000 0.84564589352

1001001001
1 0010010011 0.233865814696
0 0010010010 0.766134185304

0111110101
1 1111101011 0.256578947368
0 1111101010 0.743421052632

1010111000
1 0101110001 0.218997361478
0 0101110000 0.781002638522

1000110001
1 0001100011 0.225288831836
0 0001100010 0.774711168164

0101010010
1 1010100101 0.240498812352
0 1010100100 0.759501187648

1111010101
1 1110101011 0.293333333333
0 1110101010 0.706666666667

1100000101
1 1000001011 0.230654761905
0 1000001010 0.769345238095

1100000100
1 1000001001 0.153518821604
0 1000001000 0.846481178396

0011111111
1 0111111111 0.34188034188
0 0111111110 0.65811965812

1101001001
1 1010010011 0.258364312268
0 1010010010 0.741635687732

1110101111
1 1101011111 0.290322580645
0 1101011110 0.709677419355

1110101110
1 1101011101 0.29197080292
0 1101011100 0.70802919708

0110011111
1 1100111111 0.33908045977
0 1100111110 0.66091954023

1001101000
1 0011010001 0.197790636507
0 0011010000 0.802209363493

1001101001
1 0011010011 0.268166089965
0 0011010010 0.731833910035

0101111001
1 1011110011 0.268138801262
0 1011110010 0.731861198738

0101111000
1 1011110001 0.214876033058
0 1011110000 0.785123966942

0100010101
1 1000101011 0.261565836299
0 1000101010 0.738434163701

0100010100
1 1000101001 0.19346140883
0 1000101000 0.80653859117

1101111000
1 1011110001 0.255639097744
0 1011110000 0.744360902256

1101111001
1 1011110011 0.350364963504
0 1011110010 0.649635036496

1111110101
1 1111101011 0.228915662651
0 1111101010 0.771084337349

1110010001
1 1100100011 0.253289473684
0 1100100010 0.746710526316

0010001011
1 0100010111 0.283018867925
0 0100010110 0.716981132075

0010001010
1 0100010101 0.215585704831
0 0100010100 0.784414295169

0100100111
1 1001001111 0.315132605304
0 1001001110 0.684867394696

0111101001
1 1111010011 0.24358974359
0 1111010010 0.75641025641

0111101000
1 1111010001 0.226293103448
0 1111010000 0.773706896552

1110001011
1 1100010111 0.341346153846
0 1100010110 0.658653846154

1110001010
1 1100010101 0.260034904014
0 1100010100 0.739965095986

0010101111
1 0101011111 0.335120643432
0 0101011110 0.664879356568

0010101110
1 0101011101 0.274300932091
0 0101011100 0.725699067909

1010010100
1 0100101001 0.174757281553
0 0100101000 0.825242718447

1010010101
1 0100101011 0.303867403315
0 0100101010 0.696132596685

1011101111
1 0111011111 0.375
0 0111011110 0.625

1000010110
1 0000101101 0.236051502146
0 0000101100 0.763948497854

1000010111
1 0000101111 0.352365415987
0 0000101110 0.647634584013

1111110100
1 1111101001 0.21608040201
0 1111101000 0.78391959799

0111110100
1 1111101001 0.300261096606
0 1111101000 0.699738903394

0000011110
1 0000111101 0.275914059555
0 0000111100 0.724085940445

0000011111
1 0000111111 0.326048951049
0 0000111110 0.673951048951

1000111101
1 0001111011 0.276595744681
0 0001111010 0.723404255319

0100100011
1 1001000111 0.268323773104
0 1001000110 0.731676226896

0100100010
1 1001000101 0.190611160319
0 1001000100 0.809388839681

0100010000
1 1000100001 0.126885675103
0 1000100000 0.873114324897

1011110000
1 0111100001 0.202702702703
0 0111100000 0.797297297297

1110000010
1 1100000101 0.182177100959
0 1100000100 0.817822899041

1110000011
1 1100000111 0.262425447316
0 1100000110 0.737574552684

0010000010
1 0100000101 0.156975156975
0 0100000100 0.843024843025

0010000011
1 0100000111 0.242620823873
0 0100000110 0.757379176127

1010001111
1 0100011111 0.29387755102
0 0100011110 0.70612244898

0100001111
1 1000011111 0.290240811153
0 1000011110 0.709759188847

0000000011
1 0000000111 0.200430429494
0 0000000110 0.799569570506

0111111111
1 1111111111 0.310344827586
0 1111111110 0.689655172414

0000101110
1 0001011101 0.271193589203
0 0001011100 0.728806410797

0100110000
1 1001100001 0.168695907291
0 1001100000 0.831304092709

0000000010
1 0000000101 0.103623404397
0 0000000100 0.896376595603

1010001001
1 0100010011 0.219544846051
0 0100010010 0.780455153949

1010001000
1 0100010001 0.152621722846
0 0100010000 0.847378277154

1000100000
1 0001000001 0.111418987896
0 0001000000 0.888581012104

1000100001
1 0001000011 0.190026954178
0 0001000010 0.809973045822

0110100100
1 1101001001 0.207865168539
0 1101001000 0.792134831461

0010111110
1 0101111101 0.298941798942
0 0101111100 0.701058201058

0101111010
1 1011110101 0.277628032345
0 1011110100 0.722371967655

1111011001
1 1110110011 0.232558139535
0 1110110010 0.767441860465

1111001111
1 1110011111 0.313432835821
0 1110011110 0.686567164179

1111001110
1 1110011101 0.3
0 1110011100 0.7

1001111001
1 0011110011 0.31007751938
0 0011110010 0.68992248062

1001111000
1 0011110001 0.253731343284
0 0011110000 0.746268656716

0111100101
1 1111001011 0.310861423221
0 1111001010 0.689138576779

0111100100
1 1111001001 0.225885225885
0 1111001000 0.774114774115

0011110110
1 0111101101 0.323442136499
0 0111101100 0.676557863501

0011110111
1 0111101111 0.377358490566
0 0111101110 0.622641509434

1100111111
1 1001111111 0.358024691358
0 1001111110 0.641975308642

1100111110
1 1001111101 0.291925465839
0 1001111100 0.708074534161

1011111111
1 0111111111 0.375
0 0111111110 0.625

0101000110
1 1010001101 0.253012048193
0 1010001100 0.746987951807

0110001001
1 1100010011 0.222010178117
0 1100010010 0.777989821883

0110001000
1 1100010001 0.162769648514
0 1100010000 0.837230351486

1010101000
1 0101010001 0.191521961185
0 0101010000 0.808478038815

1011011111
1 0110111111 0.36
0 0110111110 0.64

1011011110
1 0110111101 0.30985915493
0 0110111100 0.69014084507

1010101001
1 0101010011 0.277680140598
0 0101010010 0.722319859402

1101101101
1 1011011011 0.370629370629
0 1011011010 0.629370629371

0001011010
1 0010110101 0.274596182085
0 0010110100 0.725403817915

0001011011
1 0010110111 0.283767038414
0 0010110110 0.716232961586

0110100010
1 1101000101 0.227116704805
0 1101000100 0.772883295195

0110100011
1 1101000111 0.300527240773
0 1101000110 0.699472759227

1010100101
1 0101001011 0.276895943563
0 0101001010 0.723104056437

0101010011
1 1010100111 0.282685512367
0 1010100110 0.717314487633

0100101111
1 1001011111 0.321212121212
0 1001011110 0.678787878788

0000110001
1 0001100011 0.239004025645
0 0001100010 0.760995974355

1111011110
1 1110111101 0.240506329114
0 1110111100 0.759493670886

1111011111
1 1110111111 0.205128205128
0 1110111110 0.794871794872

0000111111
1 0001111111 0.308533916849
0 0001111110 0.691466083151

0000111110
1 0001111101 0.318228630278
0 0001111100 0.681771369722

1010100001
1 0101000011 0.216198979592
0 0101000010 0.783801020408

1010100000
1 0101000001 0.145265888457
0 0101000000 0.854734111543

0011011000
1 0110110001 0.224612306153
0 0110110000 0.775387693847

0101100001
1 1011000011 0.233558696988
0 1011000010 0.766441303012

0101100000
1 1011000001 0.156389151262
0 1011000000 0.843610848738

0011111110
1 0111111101 0.329842931937
0 0111111100 0.670157068063

1111110110
1 1111101101 0.307692307692
0 1111101100 0.692307692308

1111110111
1 1111101111 0.333333333333
0 1111101110 0.666666666667

0111111000
1 1111110001 0.256097560976
0 1111110000 0.743902439024

0111111001
1 1111110011 0.28125
0 1111110010 0.71875

0110011101
1 1100111011 0.359073359073
0 1100111010 0.640926640927

0001010111
1 0010101111 0.334894613583
0 0010101110 0.665105386417

0111010011
1 1110100111 0.261904761905
0 1110100110 0.738095238095

0111010010
1 1110100101 0.269696969697
0 1110100100 0.730303030303

1101011010
1 1010110101 0.246212121212
0 1010110100 0.753787878788

0001101100
1 0011011001 0.251744765703
0 0011011000 0.748255234297

0001101101
1 0011011011 0.293975903614
0 0011011010 0.706024096386

1101011100
1 1010111001 0.271812080537
0 1010111000 0.728187919463

1101011101
1 1010111011 0.273504273504
0 1010111010 0.726495726496

0101110101
1 1011101011 0.301639344262
0 1011101010 0.698360655738

0101110100
1 1011101001 0.241935483871
0 1011101000 0.758064516129

1000001101
1 0000011011 0.257943925234
0 0000011010 0.742056074766

1000001100
1 0000011001 0.192992011619
0 0000011000 0.807007988381

0101011011
1 1010110111 0.279605263158
0 1010110110 0.720394736842

0111001000
1 1110010001 0.206619385343
0 1110010000 0.793380614657

0111001001
1 1110010011 0.253543307087
0 1110010010 0.746456692913

0101011010
1 1010110101 0.250737463127
0 1010110100 0.749262536873

0010011100
1 0100111001 0.255955397871
0 0100111000 0.744044602129

0010011101
1 0100111011 0.309585492228
0 0100111010 0.690414507772

0000110011
1 0001100111 0.275960170697
0 0001100110 0.724039829303

0000110010
1 0001100101 0.21776084408
0 0001100100 0.78223915592

0010100011
1 0101000111 0.257242178447
0 0101000110 0.742757821553

0010100010
1 0101000101 0.201387713657
0 0101000100 0.798612286343

1110011000
1 1100110001 0.21879021879
0 1100110000 0.78120978121

0101111011
1 1011110111 0.267515923567
0 1011110110 0.732484076433

1110101010
1 1101010101 0.251824817518
0 1101010100 0.748175182482

1110101011
1 1101010111 0.1875
0 1101010110 0.8125

0010101010
1 0101010101 0.22904109589
0 0101010100 0.77095890411

0010101011
1 0101010111 0.354497354497
0 0101010110 0.645502645503

1110110000
1 1101100001 0.207486631016
0 1101100000 0.792513368984

0010110001
1 0101100011 0.238849765258
0 0101100010 0.761150234742

0010110000
1 0101100001 0.173787944181
0 0101100000 0.826212055819

0011111010
1 0111110101 0.282258064516
0 0111110100 0.717741935484

0011111011
1 0111110111 0.360248447205
0 0111110110 0.639751552795

1100101100
1 1001011001 0.255289139633
0 1001011000 0.744710860367

1110001110
1 1100011101 0.302681992337
0 1100011100 0.697318007663

1110001111
1 1100011111 0.362637362637
0 1100011110 0.637362637363

1110110101
1 1101101011 0.28
0 1101101010 0.72

0000010111
1 0000101111 0.300991501416
0 0000101110 0.699008498584

0110101010
1 1101010101 0.257911392405
0 1101010100 0.742088607595

0010001110
1 0100011101 0.25953002611
0 0100011100 0.74046997389

0010001111
1 0100011111 0.319327731092
0 0100011110 0.680672268908

0001101011
1 0011010111 0.273247496423
0 0011010110 0.726752503577

1100010100
1 1000101001 0.190300798036
0 1000101000 0.809699201964

1100010101
1 1000101011 0.251824817518
0 1000101010 0.748175182482

1001100100
1 0011001001 0.216666666667
0 0011001000 0.783333333333

1110010000
1 1100100001 0.166872682324
0 1100100000 0.833127317676

0001100000
1 0011000001 0.13179204672
0 0011000000 0.86820795328

0001100001
1 0011000011 0.210561722166
0 0011000010 0.789438277834

0011100001
1 0111000011 0.231143552311
0 0111000010 0.768856447689

0011100000
1 0111000001 0.160016068559
0 0111000000 0.839983931441

1000110111
1 0001101111 0.300751879699
0 0001101110 0.699248120301

1000110110
1 0001101101 0.300476947536
0 0001101100 0.699523052464

0100000100
1 1000001001 0.139324693042
0 1000001000 0.860675306958

0110100000
1 1101000001 0.147779379012
0 1101000000 0.852220620988

1010110011
1 0101100111 0.291845493562
0 0101100110 0.708154506438

1010110010
1 0101100101 0.254777070064
0 0101100100 0.745222929936

0000010110
1 0000101101 0.244686434007
0 0000101100 0.755313565993

0000010010
1 0000100101 0.177315019938
0 0000100100 0.822684980062

1001110101
1 0011101011 0.311538461538
0 0011101010 0.688461538462

1001110100
1 0011101001 0.225854383358
0 0011101000 0.774145616642

1001100101
1 0011001011 0.301851851852
0 0011001010 0.698148148148

0100111101
1 1001111011 0.311764705882
0 1001111010 0.688235294118

0100111100
1 1001111001 0.247945205479
0 1001111000 0.752054794521

1011010011
1 0110100111 0.266666666667
0 0110100110 0.733333333333

1011010010
1 0110100101 0.243831640058
0 0110100100 0.756168359942

1010000101
1 0100001011 0.239651416122
0 0100001010 0.760348583878

1010000100
1 0100001001 0.162689804772
0 0100001000 0.837310195228

1010101101
1 0101011011 0.296442687747
0 0101011010 0.703557312253

0011001100
1 0110011001 0.245980707395
0 0110011000 0.754019292605

0011001101
1 0110011011 0.307458143075
0 0110011010 0.692541856925

1101101100
1 1011011001 0.269794721408
0 1011011000 0.730205278592

0001011001
1 0010110011 0.268170426065
0 0010110010 0.731829573935

1010101100
1 0101011001 0.249619482496
0 0101011000 0.750380517504

0110000101
1 1100001011 0.248838752488
0 1100001010 0.751161247512

0110000100
1 1100001001 0.172498767866
0 1100001000 0.827501232134

0001011000
1 0010110001 0.193110647182
0 0010110000 0.806889352818

0101000101
1 1010001011 0.261874197689
0 1010001010 0.738125802311

0101000100
1 1010001001 0.1863757495
0 1010001000 0.8136242505

1111101101
1 1111011011 0.324675324675
0 1111011010 0.675324675325

1111101100
1 1111011001 0.270718232044
0 1111011000 0.729281767956

1001001011
1 0010010111 0.278797996661
0 0010010110 0.721202003339

1100111010
1 1001110101 0.282258064516
0 1001110100 0.717741935484

1111001010
1 1110010101 0.257042253521
0 1110010100 0.742957746479

1111001011
1 1110010111 0.314814814815
0 1110010110 0.685185185185

1110110100
1 1101101001 0.251533742331
0 1101101000 0.748466257669

1000100111
1 0001001111 0.300675675676
0 0001001110 0.699324324324

1100111011
1 1001110111 0.338709677419
0 1001110110 0.661290322581

1100110011
1 1001100111 0.316742081448
0 1001100110 0.683257918552

1100110010
1 1001100101 0.226277372263
0 1001100100 0.773722627737

0010110011
1 0101100111 0.301104972376
0 0101100110 0.698895027624

1011011010
1 0110110101 0.227272727273
0 0110110100 0.772727272727

1011011011
1 0110110111 0.291390728477
0 0110110110 0.708609271523

0011010111
1 0110101111 0.279569892473
0 0110101110 0.720430107527

0011010110
1 0110101101 0.3
0 0110101100 0.7

1101000100
1 1010001001 0.197576396207
0 1010001000 0.802423603793

1101000101
1 1010001011 0.225454545455
0 1010001010 0.774545454545

0111011100
1 1110111001 0.248663101604
0 1110111000 0.751336898396

0111011101
1 1110111011 0.343065693431
0 1110111010 0.656934306569

1001100111
1 0011001111 0.370967741935
0 0011001110 0.629032258065

1110011111
1 1100111111 0.323529411765
0 1100111110 0.676470588235

1111000110
1 1110001101 0.255813953488
0 1110001100 0.744186046512

0101101101
1 1011011011 0.310126582278
0 1011011010 0.689873417722

1110011110
1 1100111101 0.292207792208
0 1100111100 0.707792207792

0111100110
1 1111001101 0.278287461774
0 1111001100 0.721712538226

1011111011
1 0111110111 0.281690140845
0 0111110110 0.718309859155

1011111010
1 0111110101 0.288343558282
0 0111110100 0.711656441718

0000111010
1 0001110101 0.269637115296
0 0001110100 0.730362884704

0000111011
1 0001110111 0.323243243243
0 0001110110 0.676756756757

0000100001
1 0001000011 0.180928638205
0 0001000010 0.819071361795

0000100000
1 0001000001 0.0827192536946
0 0001000000 0.917280746305

0001000100
1 0010001001 0.157918392244
0 0010001000 0.842081607756

0001000101
1 0010001011 0.235807192043
0 0010001010 0.764192807957

1100101110
1 1001011101 0.272727272727
0 1001011100 0.727272727273

1111011000
1 1110110001 0.227979274611
0 1110110000 0.772020725389

1101100000
1 1011000001 0.163004394726
0 1011000000 0.836995605274

1101100001
1 1011000011 0.226753670473
0 1011000010 0.773246329527

0111001010
1 1110010101 0.286969253294
0 1110010100 0.713030746706

1000011001
1 0000110011 0.259552042161
0 0000110010 0.740447957839

1000011000
1 0000110001 0.182991003225
0 0000110000 0.817008996775

0001001101
1 0010011011 0.277723258096
0 0010011010 0.722276741904

0001001100
1 0010011001 0.213048063884
0 0010011000 0.786951936116

0101100101
1 1011001011 0.298850574713
0 1011001010 0.701149425287

0010110100
1 0101101001 0.227341772152
0 0101101000 0.772658227848

1011101101
1 0111011011 0.260273972603
0 0111011010 0.739726027397

0101101100
1 1011011001 0.256241787122
0 1011011000 0.743758212878

1100001100
1 1000011001 0.215980024969
0 1000011000 0.784019975031

1100001101
1 1000011011 0.300387596899
0 1000011010 0.699612403101

1101010000
1 1010100001 0.167799490229
0 1010100000 0.832200509771

1101010001
1 1010100011 0.242214532872
0 1010100010 0.757785467128

1110000101
1 1100001011 0.258517034068
0 1100001010 0.741482965932

1010011000
1 0100110001 0.210526315789
0 0100110000 0.789473684211

1010011001
1 0100110011 0.27868852459
0 0100110010 0.72131147541

0100011100
1 1000111001 0.250805585392
0 1000111000 0.749194414608

0100011101
1 1000111011 0.256528417819
0 1000111010 0.743471582181

1110100110
1 1101001101 0.274074074074
0 1101001100 0.725925925926

1110100111
1 1101001111 0.230769230769
0 1101001110 0.769230769231

1000101111
1 0001011111 0.334494773519
0 0001011110 0.665505226481

1000101110
1 0001011101 0.28967642527
0 0001011100 0.71032357473

0001111011
1 0011110111 0.320916905444
0 0011110110 0.679083094556

0001111010
1 0011110101 0.274487471526
0 0011110100 0.725512528474

1011001010
1 0110010101 0.284263959391
0 0110010100 0.715736040609

0010011000
1 0100110001 0.187015356546
0 0100110000 0.812984643454

1111000011
1 1110000111 0.261538461538
0 1110000110 0.738461538462

1111000010
1 1110000101 0.191381495564
0 1110000100 0.808618504436

1110110001
1 1101100011 0.262068965517
0 1101100010 0.737931034483

0000110110
1 0001101101 0.290439510648
0 0001101100 0.709560489352

0000110111
1 0001101111 0.319429198683
0 0001101110 0.680570801317

1011001110
1 0110011101 0.281138790036
0 0110011100 0.718861209964

0110111111
1 1101111111 0.333333333333
0 1101111110 0.666666666667

0110111110
1 1101111101 0.298701298701
0 1101111100 0.701298701299

1101111101
1 1011111011 0.342857142857
0 1011111010 0.657142857143

1011001111
1 0110011111 0.383458646617
0 0110011110 0.616541353383

0010111011
1 0101110111 0.306060606061
0 0101110110 0.693939393939

1101111100
1 1011111001 0.271604938272
0 1011111000 0.728395061728

1100011000
1 1000110001 0.187848101266
0 1000110000 0.812151898734

1100011001
1 1000110011 0.262759924386
0 1000110010 0.737240075614

0010100110
1 0101001101 0.26362135388
0 0101001100 0.73637864612

0010100111
1 0101001111 0.324483775811
0 0101001110 0.675516224189

0011101101
1 0111011011 0.323741007194
0 0111011010 0.676258992806

0011101100
1 0111011001 0.25902864259
0 0111011000 0.74097135741

0001110010
1 0011100101 0.260826771654
0 0011100100 0.739173228346

0001110011
1 0011100111 0.318361955086
0 0011100110 0.681638044914

1001010001
1 0010100011 0.240778001341
0 0010100010 0.759221998659

1000111011
1 0001110111 0.323770491803
0 0001110110 0.676229508197

1000111010
1 0001110101 0.282962962963
0 0001110100 0.717037037037

1001010000
1 0010100001 0.152117169374
0 0010100000 0.847882830626

0010111010
1 0101110101 0.291287386216
0 0101110100 0.708712613784

0100001000
1 1000010001 0.134655532359
0 1000010000 0.865344467641

0100001001
1 1000010011 0.220047127062
0 1000010010 0.779952872938

1111010001
1 1110100011 0.276872964169
0 1110100010 0.723127035831

1111010000
1 1110100001 0.178947368421
0 1110100000 0.821052631579

0010101001
1 0101010011 0.242712671029
0 0101010010 0.757287328971

0011000000
1 0110000001 0.118652274216
0 0110000000 0.881347725784

0011000001
1 0110000011 0.198291530353
0 0110000010 0.801708469647

0000010001
1 0000100011 0.181112173636
0 0000100010 0.818887826364

1011000000
1 0110000001 0.132502695579
0 0110000000 0.867497304421

1100100001
1 1001000011 0.201702685003
0 1001000010 0.798297314997

1100100000
1 1001000001 0.125351940262
0 1001000000 0.874648059738

1001100001
1 0011000011 0.230417754569
0 0011000010 0.769582245431

0111101100
1 1111011001 0.239520958084
0 1111011000 0.760479041916

0111101101
1 1111011011 0.331168831169
0 1111011010 0.668831168831

0111110111
1 1111101111 0.346153846154
0 1111101110 0.653846153846

0111110110
1 1111101101 0.292207792208
0 1111101100 0.707792207792

0101010001
1 1010100011 0.245810055866
0 1010100010 0.754189944134

0101010000
1 1010100001 0.169410745234
0 1010100000 0.830589254766

1000110010
1 0001100101 0.233950617284
0 0001100100 0.766049382716

1000110011
1 0001100111 0.293381037567
0 0001100110 0.706618962433

1110111000
1 1101110001 0.210256410256
0 1101110000 0.789743589744

1110111001
1 1101110011 0.304347826087
0 1101110010 0.695652173913

0011011011
1 0110110111 0.291536050157
0 0110110110 0.708463949843

0011011010
1 0110110101 0.266839378238
0 0110110100 0.733160621762

1101000000
1 1010000001 0.125822555026
0 1010000000 0.874177444974

1101111011
1 1011110111 0.294117647059
0 1011110110 0.705882352941

1101111010
1 1011110101 0.265734265734
0 1011110100 0.734265734266

0000000110
1 0000001101 0.18640287581
0 0000001100 0.81359712419

0000000111
1 0000001111 0.274572429425
0 0000001110 0.725427570575

1001101011
1 0011010111 0.338461538462
0 0011010110 0.661538461538

1001101010
1 0011010101 0.268987341772
0 0011010100 0.731012658228

0010010000
1 0100100001 0.138298200673
0 0100100000 0.861701799327

0010010001
1 0100100011 0.219894366197
0 0100100010 0.780105633803

1000110101
1 0001101011 0.280844155844
0 0001101010 0.719155844156

1110010011
1 1100100111 0.308016877637
0 1100100110 0.691983122363

1110010010
1 1100100101 0.247058823529
0 1100100100 0.752941176471

1011100000
1 0111000001 0.169361358124
0 0111000000 0.830638641876

0110100101
1 1101001011 0.273178807947
0 1101001010 0.726821192053

1011100001
1 0111000011 0.238095238095
0 0111000010 0.761904761905

1100110110
1 1001101101 0.289377289377
0 1001101100 0.710622710623

1100110111
1 1001101111 0.327586206897
0 1001101110 0.672413793103

1010010111
1 0100101111 0.37037037037
0 0100101110 0.62962962963

1010010110
1 0100101101 0.238095238095
0 0100101100 0.761904761905

0111000111
1 1110001111 0.270042194093
0 1110001110 0.729957805907

1001110110
1 0011101101 0.248275862069
0 0011101100 0.751724137931

1001100010
1 0011000101 0.225767609874
0 0011000100 0.774232390126

1001100011
1 0011000111 0.289090909091
0 0011000110 0.710909090909

0111000110
1 1110001101 0.244372990354
0 1110001100 0.755627009646

0000011101
1 0000111011 0.300899427637
0 0000111010 0.699100572363

0000011100
1 0000111001 0.227791361043
0 0000111000 0.772208638957

1001001100
1 0010011001 0.219146482122
0 0010011000 0.780853517878

1001110111
1 0011101111 0.329192546584
0 0011101110 0.670807453416

0110101011
1 1101010111 0.285140562249
0 1101010110 0.714859437751

1110011010
1 1100110101 0.264705882353
0 1100110100 0.735294117647

1110011011
1 1100110111 0.236363636364
0 1100110110 0.763636363636

0010000001
1 0100000011 0.161704509674
0 0100000010 0.838295490326

0010000000
1 0100000001 0.0703459662289
0 0100000000 0.929654033771

1110000001
1 1100000011 0.203473945409
0 1100000010 0.796526054591

1110000000
1 1100000001 0.115037902069
0 1100000000 0.884962097931

1100000000
1 1000000001 0.0929847087662
0 1000000000 0.907015291234

1100000001
1 1000000011 0.170545667905
0 1000000010 0.829454332095

0000101101
1 0001011011 0.284888888889
0 0001011010 0.715111111111

0000101100
1 0001011001 0.229044695131
0 0001011000 0.770955304869

0001101110
1 0011011101 0.300248138958
0 0011011100 0.699751861042

1000000100
1 0000001001 0.133405488444
0 0000001000 0.866594511556

1000000101
1 0000001011 0.221898660454
0 0000001010 0.778101339546

0101111100
1 1011111001 0.245070422535
0 1011111000 0.754929577465

0101111101
1 1011111011 0.286585365854
0 1011111010 0.713414634146

1000100011
1 0001000111 0.256220578346
0 0001000110 0.743779421654

1000100010
1 0001000101 0.195457930007
0 0001000100 0.804542069993

1111111001
1 1111110011 0.277777777778
0 1111110010 0.722222222222

1111111000
1 1111110001 0.266666666667
0 1111110000 0.733333333333

0010111101
1 0101111011 0.286486486486
0 0101111010 0.713513513514

0010111100
1 0101111001 0.272084805654
0 0101111000 0.727915194346

0000101111
1 0001011111 0.31894934334
0 0001011110 0.68105065666

0011011001
1 0110110011 0.261939218524
0 0110110010 0.738060781476

0001010011
1 0010100111 0.276
0 0010100110 0.724

0101001011
1 1010010111 0.289950576606
0 1010010110 0.710049423394

0111000010
1 1110000101 0.199541284404
0 1110000100 0.800458715596

0111000011
1 1110000111 0.28679245283
0 1110000110 0.71320754717

0110110011
1 1101100111 0.339483394834
0 1101100110 0.660516605166

0110110010
1 1101100101 0.236209335219
0 1101100100 0.763790664781

1001011101
1 0010111011 0.294776119403
0 0010111010 0.705223880597

0011110101
1 0111101011 0.275449101796
0 0111101010 0.724550898204

0011110100
1 0111101001 0.247981545559
0 0111101000 0.752018454441

1010111010
1 0101110101 0.289285714286
0 0101110100 0.710714285714

1010111011
1 0101110111 0.266666666667
0 0101110110 0.733333333333

0110111010
1 1101110101 0.224489795918
0 1101110100 0.775510204082

0110111011
1 1101110111 0.294520547945
0 1101110110 0.705479452055

1011101100
1 0111011001 0.256097560976
0 0111011000 0.743902439024

1000101010
1 0001010101 0.23746223565
0 0001010100 0.76253776435

1000101011
1 0001010111 0.312607944732
0 0001010110 0.687392055268

1000111110
1 0001111101 0.296296296296
0 0001111100 0.703703703704

0001111110
1 0011111101 0.337264150943
0 0011111100 0.662735849057

0001111111
1 0011111111 0.347417840376
0 0011111110 0.652582159624

1000111111
1 0001111111 0.4
0 0001111110 0.6

1001011100
1 0010111001 0.243045387994
0 0010111000 0.756954612006

1111000111
1 1110001111 0.234782608696
0 1110001110 0.765217391304

1111011101
1 1110111011 0.327868852459
0 1110111010 0.672131147541

1111011100
1 1110111001 0.292207792208
0 1110111000 0.707792207792

0010111111
1 0101111111 0.369158878505
0 0101111110 0.630841121495

0100110100
1 1001101001 0.236233480176
0 1001101000 0.763766519824

1011010000
1 0110100001 0.182767624021
0 0110100000 0.817232375979

0000001010
1 0000010101 0.184547926958
0 0000010100 0.815452073042

1000001000
1 0000010001 0.130594928799
0 0000010000 0.869405071201

1000001001
1 0000010011 0.209038423253
0 0000010010 0.790961576747

1110000111
1 1100001111 0.254545454545
0 1100001110 0.745454545455

1001111100
1 0011111001 0.280597014925
0 0011111000 0.719402985075

1001111101
1 0011111011 0.235294117647
0 0011111010 0.764705882353

0111100000
1 1111000001 0.174230769231
0 1111000000 0.825769230769

0111100001
1 1111000011 0.244137931034
0 1111000010 0.755862068966

1101110100
1 1011101001 0.219512195122
0 1011101000 0.780487804878

1101110101
1 1011101011 0.298969072165
0 1011101010 0.701030927835

0111111011
1 1111110111 0.25
0 1111110110 0.75

0111111010
1 1111110101 0.282828282828
0 1111110100 0.717171717172

1010001100
1 0100011001 0.216575922565
0 0100011000 0.783424077435

1010001011
1 0100010111 0.296992481203
0 0100010110 0.703007518797

0110001100
1 1100011001 0.202762430939
0 1100011000 0.797237569061

0110001101
1 1100011011 0.306368330465
0 1100011010 0.693631669535

1011110010
1 0111100101 0.267912772586
0 0111100100 0.732087227414

1011110011
1 0111100111 0.345864661654
0 0111100110 0.654135338346

0001000001
1 0010000011 0.170277924131
0 0010000010 0.829722075869

0101001100
1 1010011001 0.228020419739
0 1010011000 0.771979580261

0101001101
1 1010011011 0.308917197452
0 1010011010 0.691082802548

1111100100
1 1111001001 0.253263707572
0 1111001000 0.746736292428

1111100101
1 1111001011 0.2
0 1111001010 0.8

1101011111
1 1010111111 0.388888888889
0 1010111110 0.611111111111

0111001011
1 1110010111 0.280442804428
0 1110010110 0.719557195572

1001011000
1 0010110001 0.209851205747
0 0010110000 0.790148794253

1101011110
1 1010111101 0.346456692913
0 1010111100 0.653543307087

0111110010
1 1111100101 0.231707317073
0 1111100100 0.768292682927

0111110011
1 1111100111 0.293233082707
0 1111100110 0.706766917293

1001011001
1 0010110011 0.285067873303
0 0010110010 0.714932126697

0010011111
1 0100111111 0.347338935574
0 0100111110 0.652661064426

0010011110
1 0100111101 0.324659231722
0 0100111100 0.675340768278

1010100100
1 0101001001 0.207515423444
0 0101001000 0.792484576556

1011100101
1 0111001011 0.269090909091
0 0111001010 0.730909090909

1011100100
1 0111001001 0.239327296248
0 0111001000 0.760672703752

1101010101
1 1010101011 0.241379310345
0 1010101010 0.758620689655

1111101111
1 1111011111 0.375
0 1111011110 0.625

0101100100
1 1011001001 0.21044546851
0 1011001000 0.78955453149

0110100001
1 1101000011 0.240903387704
0 1101000010 0.759096612296

1110101001
1 1101010011 0.231046931408
0 1101010010 0.768953068592

1110101000
1 1101010001 0.208955223881
0 1101010000 0.791044776119

0111010110
1 1110101101 0.230496453901
0 1110101100 0.769503546099

1000100110
1 0001001101 0.234205488194
0 0001001100 0.765794511806

1001101111
1 0011011111 0.346666666667
0 0011011110 0.653333333333

0011111001
1 0111110011 0.318181818182
0 0111110010 0.681818181818

0011111000
1 0111110001 0.239726027397
0 0111110000 0.760273972603

0110011000
1 1100110001 0.21811556481
0 1100110000 0.78188443519

0110011001
1 1100110011 0.247208931419
0 1100110010 0.752791068581

1110010110
1 1100101101 0.271375464684
0 1100101100 0.728624535316

1110010111
1 1100101111 0.336363636364
0 1100101110 0.663636363636

0101110010
1 1011100101 0.254120879121
0 1011100100 0.745879120879

0110110000
1 1101100001 0.192113709308
0 1101100000 0.807886290692

1101111110
1 1011111101 0.325301204819
0 1011111100 0.674698795181

1101111111
1 1011111111 0.279069767442
0 1011111110 0.720930232558

1110001101
1 1100011011 0.248908296943
0 1100011010 0.751091703057

1110001100
1 1100011001 0.233429394813
0 1100011000 0.766570605187

0010001101
1 0100011011 0.26173096976
0 0100011010 0.73826903024

0110110001
1 1101100011 0.29541864139
0 1101100010 0.70458135861

0010110110
1 0101101101 0.279314888011
0 0101101100 0.720685111989

1001000000
1 0010000001 0.106729986431
0 0010000000 0.893270013569

1001000001
1 0010000011 0.195021560172
0 0010000010 0.804978439828

0001100011
1 0011000111 0.28659160696
0 0011000110 0.71340839304

0001100010
1 0011000101 0.202503565204
0 0011000100 0.797496434796

1000110000
1 0001100001 0.168116376725
0 0001100000 0.831883623275

1100010111
1 1000101111 0.323529411765
0 1000101110 0.676470588235

1100010110
1 1000101101 0.278776978417
0 1000101100 0.721223021583

1010010010
1 0100100101 0.227158948686
0 0100100100 0.772841051314

1010010011
1 0100100111 0.244972577697
0 0100100110 0.755027422303

0100000111
1 1000001111 0.28673245614
0 1000001110 0.71326754386

0100000110
1 1000001101 0.223372521495
0 1000001100 0.776627478505

0000001011
1 0000010111 0.269837691614
0 0000010110 0.730162308386

0111010111
1 1110101111 0.314960629921
0 1110101110 0.685039370079

0100100101
1 1001001011 0.270006108735
0 1001001010 0.729993891265

0100100100
1 1001001001 0.19378577269
0 1001001000 0.80621422731

0100011000
1 1000110001 0.189889617661
0 1000110000 0.810110382339

0101110000
1 1011100001 0.195295162006
0 1011100000 0.804704837994

0101110001
1 1011100011 0.287022900763
0 1011100010 0.712977099237

0101110011
1 1011100111 0.304347826087
0 1011100110 0.695652173913

1010110110
1 0101101101 0.327044025157
0 0101101100 0.672955974843

1010110111
1 0101101111 0.309734513274
0 0101101110 0.690265486726

0011001111
1 0110011111 0.352435530086
0 0110011110 0.647564469914

1000100101
1 0001001011 0.255498059508
0 0001001010 0.744501940492

1000100100
1 0001001001 0.195604021128
0 0001001000 0.804395978872

0000001111
1 0000011111 0.297124600639
0 0000011110 0.702875399361

1101101111
1 1011011111 0.333333333333
0 1011011110 0.666666666667

1101101110
1 1011011101 0.330508474576
0 1011011100 0.669491525424

0101011000
1 1010110001 0.227296049256
0 1010110000 0.772703950744

0000001110
1 0000011101 0.245289943724
0 0000011100 0.754710056276

1011101010
1 0111010101 0.224199288256
0 0111010100 0.775800711744

1011101011
1 0111010111 0.297520661157
0 0111010110 0.702479338843

0101011001
1 1010110011 0.261755485893
0 1010110010 0.738244514107

1111001001
1 1110010011 0.269503546099
0 1110010010 0.730496453901

1111001000
1 1110010001 0.185869565217
0 1110010000 0.814130434783

1010011111
1 0100111111 0.393700787402
0 0100111110 0.606299212598

1011000100
1 0110001001 0.202444208289
0 0110001000 0.797555791711

1011010101
1 0110101011 0.31223628692
0 0110101010 0.68776371308

1110110111
1 1101101111 0.358490566038
0 1101101110 0.641509433962

1110110110
1 1101101101 0.317880794702
0 1101101100 0.682119205298

0000001001
1 0000010011 0.189618701524
0 0000010010 0.810381298476

0000001000
1 0000010001 0.0939946012663
0 0000010000 0.906005398734

1100101111
1 1001011111 0.390625
0 1001011110 0.609375

1011010100
1 0110101001 0.243971631206
0 0110101000 0.756028368794

0110110110
1 1101101101 0.285285285285
0 1101101100 0.714714714715

0110110111
1 1101101111 0.386861313869
0 1101101110 0.613138686131

0011100100
1 0111001001 0.227617602428
0 0111001000 0.772382397572

0011100101
1 0111001011 0.290132547865
0 0111001010 0.709867452135

0111011111
1 1110111111 0.397435897436
0 1110111110 0.602564102564

0111011110
1 1110111101 0.227272727273
0 1110111100 0.772727272727

1101000111
1 1010001111 0.311203319502
0 1010001110 0.688796680498

1101000110
1 1010001101 0.254512635379
0 1010001100 0.745487364621

1001110000
1 0011100001 0.19
0 0011100000 0.81

1001110001
1 0011100011 0.245704467354
0 0011100010 0.754295532646

0011010010
1 0110100101 0.232781633743
0 0110100100 0.767218366257

0011010011
1 0110100111 0.293924466338
0 0110100110 0.706075533662

1011001011
1 0110010111 0.316205533597
0 0110010110 0.683794466403

0100111000
1 1001110001 0.20946989192
0 1001110000 0.79053010808

0100111001
1 1001110011 0.293934681182
0 1001110010 0.706065318818

1010000000
1 0100000001 0.096941093332
0 0100000000 0.903058906668

1010000001
1 0100000011 0.179850603333
0 0100000010 0.820149396667

0000111001
1 0001110011 0.268621973929
0 0001110010 0.731378026071

0000111000
1 0001110001 0.204379562044
0 0001110000 0.795620437956

0001000111
1 0010001111 0.302059496568
0 0010001110 0.697940503432

0001000110
1 0010001101 0.228441754917
0 0010001100 0.771558245083

0110000000
1 1100000001 0.104488556015
0 1100000000 0.895511443985

0110000001
1 1100000011 0.190819423369
0 1100000010 0.809180576631

1011111110
1 0111111101 0.287234042553
0 0111111100 0.712765957447

1101100011
1 1011000111 0.266159695817
0 1011000110 0.733840304183

1101100010
1 1011000101 0.218181818182
0 1011000100 0.781818181818

0000010101
1 0000101011 0.249707678316
0 0000101010 0.750292321684

1111100001
1 1111000011 0.256172839506
0 1111000010 0.743827160494

1101101010
1 1011010101 0.241134751773
0 1011010100 0.758865248227

1101101011
1 1011010111 0.310924369748
0 1011010110 0.689075630252

0100101001
1 1001010011 0.232543241512
0 1001010010 0.767456758488

0010010100
1 0100101001 0.199459631278
0 0100101000 0.800540368722

1111100000
1 1111000001 0.188628158845
0 1111000000 0.811371841155

0001011100
1 0010111001 0.253997259022
0 0010111000 0.746002740978

0001011101
1 0010111011 0.302045728039
0 0010111010 0.697954271961

0111111110
1 1111111101 0.214953271028
0 1111111100 0.785046728972

0100101000
1 1001010001 0.176951558161
0 1001010000 0.823048441839

0010101000
1 0101010001 0.187927626577
0 0101010000 0.812072373423

1010011011
1 0100110111 0.325581395349
0 0100110110 0.674418604651

1010011010
1 0100110101 0.27597955707
0 0100110100 0.72402044293

1100001111
1 1000011111 0.239130434783
0 1000011110 0.760869565217

1100001110
1 1000011101 0.302120141343
0 1000011100 0.697879858657

1101010011
1 1010100111 0.269565217391
0 1010100110 0.730434782609

1101010010
1 1010100101 0.243243243243
0 1010100100 0.756756756757

1110100101
1 1101001011 0.28880866426
0 1101001010 0.71119133574

1110100100
1 1101001001 0.179206566347
0 1101001000 0.820793433653

0101101000
1 1011010001 0.199322689889
0 1011010000 0.800677310111

0101101001
1 1011010011 0.245528455285
0 1011010010 0.754471544715

0111010101
1 1110101011 0.333333333333
0 1110101010 0.666666666667

0111010100
1 1110101001 0.246469833119
0 1110101000 0.753530166881

0100011111
1 1000111111 0.37573964497
0 1000111110 0.62426035503

0100011110
1 1000111101 0.285135135135
0 1000111100 0.714864864865

0111001110
1 1110011101 0.248322147651
0 1110011100 0.751677852349

0111001111
1 1110011111 0.303225806452
0 1110011110 0.696774193548

0001101010
1 0011010101 0.238550578762
0 0011010100 0.761449421238

1011111000
1 0111110001 0.233160621762
0 0111110000 0.766839378238

1001010100
1 0010101001 0.195997645674
0 0010101000 0.804002354326

1001010101
1 0010101011 0.335640138408
0 0010101010 0.664359861592

1011111001
1 0111110011 0.213740458015
0 0111110010 0.786259541985

0000111100
1 0001111001 0.2762996316
0 0001111000 0.7237003684

0000110101
1 0001101011 0.254106280193
0 0001101010 0.745893719807

0000110100
1 0001101001 0.216416824334
0 0001101000 0.783583175666

0000010100
1 0000101001 0.16986969715
0 0000101000 0.83013030285

1011000101
1 0110001011 0.314711359404
0 0110001010 0.685288640596

1111010100
1 1110101001 0.230352303523
0 1110101000 0.769647696477

1100100100
1 1001001001 0.206073752711
0 1001001000 0.793926247289

1100100101
1 1001001011 0.28390596745
0 1001001010 0.71609403255

0111100011
1 1111000111 0.264808362369
0 1111000110 0.735191637631

0010100101
1 0101001011 0.265017667845
0 0101001010 0.734982332155

0010100100
1 0101001001 0.202587618736
0 0101001000 0.797412381264

1001101110
1 0011011101 0.307971014493
0 0011011100 0.692028985507

1000011100
1 0000111001 0.26565143824
0 0000111000 0.73434856176

1000011101
1 0000111011 0.288109756098
0 0000111010 0.711890243902

1100011011
1 1000110111 0.289361702128
0 1000110110 0.710638297872

1100011010
1 1000110101 0.257391304348
0 1000110100 0.742608695652

0001001000
1 0010010001 0.14507526746
0 0010010000 0.85492473254

0001001001
1 0010010011 0.226264834478
0 0010010010 0.773735165522

0011011110
1 0110111101 0.270422535211
0 0110111100 0.729577464789

1100010010
1 1000100101 0.216748768473
0 1000100100 0.783251231527

1100010011
1 1000100111 0.24693877551
0 1000100110 0.75306122449

0001110001
1 0011100011 0.246061922868
0 0011100010 0.753938077132

0001110000
1 0011100001 0.177552766686
0 0011100000 0.822447233314

0011011111
1 0110111111 0.361445783133
0 0110111110 0.638554216867

0000100100
1 0001001001 0.163118366334
0 0001001000 0.836881633666

0000100101
1 0001001011 0.249081142211
0 0001001010 0.750918857789

0100001011
1 1000010111 0.259195402299
0 1000010110 0.740804597701

0100001010
1 1000010101 0.216051594411
0 1000010100 0.783948405589

1010111110
1 0101111101 0.36170212766
0 0101111100 0.63829787234

1101110001
1 1011100011 0.285171102662
0 1011100010 0.714828897338

0110101101
1 1101011011 0.31338028169
0 1101011010 0.68661971831

0110101100
1 1101011001 0.230547550432
0 1101011000 0.769452449568

0011000011
1 0110000111 0.272274143302
0 0110000110 0.727725856698

0011000010
1 0110000101 0.19547079857
0 0110000100 0.80452920143

0001100110
1 0011001101 0.265868886576
0 0011001100 0.734131113424

0001100111
1 0011001111 0.344504021448
0 0011001110 0.655495978552

0101101110
1 1011011101 0.277153558052
0 1011011100 0.722846441948

0100101100
1 1001011001 0.253284287966
0 1001011000 0.746715712034

0100101101
1 1001011011 0.286558345643
0 1001011010 0.713441654357

1110110010
1 1101100101 0.225913621262
0 1101100100 0.774086378738

0101101111
1 1011011111 0.351724137931
0 1011011110 0.648275862069

1110110011
1 1101100111 0.3
0 1101100110 0.7

0100000010
1 1000000101 0.148567786708
0 1000000100 0.851432213292

0100000011
1 1000000111 0.231792843014
0 1000000110 0.768207156986

1110111011
1 1101110111 0.358208955224
0 1101110110 0.641791044776

1110111010
1 1101110101 0.236641221374
0 1101110100 0.763358778626

1101011011
1 1010110111 0.220472440945
0 1010110110 0.779527559055

0011001010
1 0110010101 0.249563699825
0 0110010100 0.750436300175

0011001011
1 0110010111 0.278425655977
0 0110010110 0.721574344023

0000000101
1 0000001011 0.194415796755
0 0000001010 0.805584203245

0000000100
1 0000001001 0.0992216088352
0 0000001000 0.900778391165

1101001011
1 1010010111 0.273469387755
0 1010010110 0.726530612245

1101001010
1 1010010101 0.238993710692
0 1010010100 0.761006289308

1011110100
1 0111101001 0.260053619303
0 0111101000 0.739946380697

0010001100
1 0100011001 0.206786171575
0 0100011000 0.793213828425

0010010011
1 0100100111 0.279338842975
0 0100100110 0.720661157025

0010010010
1 0100100101 0.207019824504
0 0100100100 0.792980175496

0010011010
1 0100110101 0.260892667375
0 0100110100 0.739107332625

0010011011
1 0100110111 0.312154696133
0 0100110110 0.687845303867

0011101000
1 0111010001 0.20699568759
0 0111010000 0.79300431241

0011101001
1 0111010011 0.272727272727
0 0111010010 0.727272727273

1111111100
1 1111111001 0.275
0 1111111000 0.725

1111111101
1 1111111011 0.466666666667
0 1111111010 0.533333333333

0010111000
1 0101110001 0.227441860465
0 0101110000 0.772558139535

0010111001
1 0101110011 0.270083102493
0 0101110010 0.729916897507

1100110101
1 1001101011 0.276150627615
0 1001101010 0.723849372385

1100110100
1 1001101001 0.224736048265
0 1001101000 0.775263951735

0110010111
1 1100101111 0.335793357934
0 1100101110 0.664206642066

0110010110
1 1100101101 0.232035928144
0 1100101100 0.767964071856

1011110111
1 0111101111 0.315789473684
0 0111101110 0.684210526316

1101000010
1 1010000101 0.188790560472
0 1010000100 0.811209439528

1011110110
1 0111101101 0.298013245033
0 0111101100 0.701986754967

1001001111
1 0010011111 0.318996415771
0 0010011110 0.681003584229

1001001110
1 0010011101 0.309602649007
0 0010011100 0.690397350993

1011111101
1 0111111011 0.4
0 0111111010 0.6

1011111100
1 0111111001 0.241935483871
0 0111111000 0.758064516129

0100100000
1 1001000001 0.120711600509
0 1001000000 0.879288399491

0101010100
1 1010101001 0.220723151646
0 1010101000 0.779276848354

0101010101
1 1010101011 0.26523297491
0 1010101010 0.73476702509

0111011010
1 1110110101 0.260135135135
0 1110110100 0.739864864865

0111011011
1 1110110111 0.265625
0 1110110110 0.734375

0001010010
1 0010100101 0.212130937099
0 0010100100 0.787869062901

0001010000
1 0010100001 0.141140120501
0 0010100000 0.858859879499

0001010001
1 0010100011 0.222493489583
0 0010100010 0.777506510417

1100000011
1 1000000111 0.231634182909
0 1000000110 0.768365817091

1100000010
1 1000000101 0.172072072072
0 1000000100 0.827927927928

1101000011
1 1010000111 0.318548387097
0 1010000110 0.681451612903

0101111111
1 1011111111 0.363636363636
0 1011111110 0.636363636364

0101111110
1 1011111101 0.326424870466
0 1011111100 0.673575129534

1000000111
1 0000001111 0.29098873592
0 0000001110 0.70901126408

0011010000
1 0110100001 0.169432818589
0 0110100000 0.830567181411

0100010011
1 1000100111 0.282204913122
0 1000100110 0.717795086878

0100010010
1 1000100101 0.206182006562
0 1000100100 0.793817993438

0111101111
1 1111011111 0.307692307692
0 1111011110 0.692307692308

0111101110
1 1111011101 0.297101449275
0 1111011100 0.702898550725

0001000010
1 0010000101 0.160834344561
0 0010000100 0.839165655439

0001000011
1 0010000111 0.252612983954
0 0010000110 0.747387016046

0000001101
1 0000011011 0.254885197851
0 0000011010 0.745114802149

0100110101
1 1001101011 0.297090352221
0 1001101010 0.702909647779

0111000001
1 1110000011 0.2156133829
0 1110000010 0.7843866171

0111000000
1 1110000001 0.140730067243
0 1110000000 0.859269932757

0100101110
1 1001011101 0.285100286533
0 1001011100 0.714899713467

1001100000
1 0011000001 0.152015147417
0 0011000000 0.847984852583

0101000000
1 1010000001 0.114130283938
0 1010000000 0.885869716062

1100001010
1 1000010101 0.209054593875
0 1000010100 0.790945406125

1001000101
1 0010001011 0.258997882851
0 0010001010 0.741002117149

0101000001
1 1010000011 0.196244131455
0 1010000010 0.803755868545

1001000100
1 0010001001 0.178091512162
0 0010001000 0.821908487838

1000010000
1 0000100001 0.11922337324
0 0000100000 0.88077662676

1000010001
1 0000100011 0.207004500098
0 0000100010 0.792995499902

0000011000
1 0000110001 0.168973073575
0 0000110000 0.831026926425

0000011001
1 0000110011 0.231287929872
0 0000110010 0.768712070128

1010011110
1 0100111101 0.296577946768
0 0100111100 0.703422053232

1011000011
1 0110000111 0.267822736031
0 0110000110 0.732177263969

1000101001
1 0001010011 0.253772290809
0 0001010010 0.746227709191

1000101000
1 0001010001 0.166748566749
0 0001010000 0.833251433251

0100011010
1 1000110101 0.2572842221
0 1000110100 0.7427157779

0100011011
1 1000110111 0.3
0 1000110110 0.7

1111101000
1 1111010001 0.228773584906
0 1111010000 0.771226415094

0010000100
1 0100001001 0.150497017893
0 0100001000 0.849502982107

1110011001
1 1100110011 0.236559139785
0 1100110010 0.763440860215

1111101001
1 1111010011 0.291139240506
0 1111010010 0.708860759494

0101011110
1 1010111101 0.329479768786
0 1010111100 0.670520231214

0101011111
1 1010111111 0.345454545455
0 1010111110 0.654545454545

1100101001
1 1001010011 0.260869565217
0 1001010010 0.739130434783

0000101000
1 0001010001 0.158190346871
0 0001010000 0.841809653129

0000101001
1 0001010011 0.240625922645
0 0001010010 0.759374077355

1111000101
1 1110001011 0.241803278689
0 1110001010 0.758196721311

1111000100
1 1110001001 0.197368421053
0 1110001000 0.802631578947

0110011100
1 1100111001 0.251874062969
0 1100111000 0.748125937031

1000001011
1 0000010111 0.273189326557
0 0000010110 0.726810673443

1000001010
1 0000010101 0.19840818647
0 0000010100 0.80159181353

1110000100
1 1100001001 0.183874139626
0 1100001000 0.816125860374

1001111111
1 0011111111 0.452631578947
0 0011111110 0.547368421053

1000000011
1 0000000111 0.224501874137
0 0000000110 0.775498125863

1110100000
1 1101000001 0.156067251462
0 1101000000 0.843932748538

1110100001
1 1101000011 0.187604690117
0 1101000010 0.812395309883

0101000111
1 1010001111 0.282392026578
0 1010001110 0.717607973422

1100011110
1 1000111101 0.286290322581
0 1000111100 0.713709677419

1100011111
1 1000111111 0.381294964029
0 1000111110 0.618705035971

1101110111
1 1011101111 0.268656716418
0 1011101110 0.731343283582

1101110110
1 1011101101 0.287671232877
0 1011101100 0.712328767123

0001001111
1 0010011111 0.302824858757
0 0010011110 0.697175141243

1000000010
1 0000000101 0.144478201984
0 0000000100 0.855521798016

1011000001
1 0110000011 0.189534141672
0 0110000010 0.810465858328

0011110000
1 0111100001 0.224291155311
0 0111100000 0.775708844689

0011110001
1 0111100011 0.281124497992
0 0111100010 0.718875502008

0110001111
1 1100011111 0.358108108108
0 1100011110 0.641891891892

0110001110
1 1100011101 0.289877300613
0 1100011100 0.710122699387

0000010000
1 0000100001 0.0880516476562
0 0000100000 0.911948352344

1011110001
1 0111100011 0.271126760563
0 0111100010 0.728873239437

1000111100
1 0001111001 0.237960339943
0 0001111000 0.762039660057

0100001110
1 1000011101 0.260332796565
0 1000011100 0.739667203435

1010001110
1 0100011101 0.257525083612
0 0100011100 0.742474916388

1111100111
1 1111001111 0.254545454545
0 1111001110 0.745454545455

1111100110
1 1111001101 0.182432432432
0 1111001100 0.817567567568

0011000110
1 0110001101 0.244257703081
0 0110001100 0.755742296919

0011000111
1 0110001111 0.322670375522
0 0110001110 0.677329624478

0110101110
1 1101011101 0.276978417266
0 1101011100 0.723021582734

0101001111
1 1010011111 0.333333333333
0 1010011110 0.666666666667

0101001110
1 1010011101 0.27614379085
0 1010011100 0.72385620915

0110101111
1 1101011111 0.302521008403
0 1101011110 0.697478991597

1010001101
1 0100011011 0.281639928699
0 0100011010 0.718360071301

1101110000
1 1011100001 0.223266745006
0 1011100000 0.776733254994

0111110001
1 1111100011 0.29
0 1111100010 0.71

0111110000
1 1111100001 0.221413721414
0 1111100000 0.778586278586

0110010100
1 1100101001 0.200233508465
0 1100101000 0.799766491535

1010100111
1 0101001111 0.306306306306
0 0101001110 0.693693693694

1010100110
1 0101001101 0.259581881533
0 0101001100 0.740418118467

0110010101
1 1100101011 0.262981574539
0 1100101010 0.737018425461

0011011101
1 0110111011 0.34250764526
0 0110111010 0.65749235474

0011011100
1 0110111001 0.294039735099
0 0110111000 0.705960264901

1110111110
1 1101111101 0.307692307692
0 1101111100 0.692307692308

1111110001
1 1111100011 0.254545454545
0 1111100010 0.745454545455

0101100111
1 1011001111 0.321678321678
0 1011001110 0.678321678322

0101100110
1 1011001101 0.265275707899
0 1011001100 0.734724292101

1001101101
1 0011011011 0.287356321839
0 0011011010 0.712643678161

1001101100
1 0011011001 0.271929824561
0 0011011000 0.728070175439

0110011011
1 1100110111 0.322580645161
0 1100110110 0.677419354839

0110011010
1 1100110101 0.265079365079
0 1100110100 0.734920634921

1101001110
1 1010011101 0.294605809129
0 1010011100 0.705394190871

1101001111
1 1010011111 0.303921568627
0 1010011110 0.696078431373

1110010101
1 1100101011 0.260223048327
0 1100101010 0.739776951673

1110010100
1 1100101001 0.233524355301
0 1100101000 0.766475644699

1100101000
1 1001010001 0.180577427822
0 1001010000 0.819422572178

1101101001
1 1011010011 0.247491638796
0 1011010010 0.752508361204

0111100111
1 1111001111 0.37323943662
0 1111001110 0.62676056338

0001101111
1 0011011111 0.307277628032
0 0011011110 0.692722371968

0101000011
1 1010000111 0.271523178808
0 1010000110 0.728476821192

0101000010
1 1010000101 0.186255506608
0 1010000100 0.813744493392

1010010001
1 0100100011 0.208604954368
0 0100100010 0.791395045632

1010010000
1 0100100001 0.150166690825
0 0100100000 0.849833309175

1111101011
1 1111010111 0.431034482759
0 1111010110 0.568965517241

1111101010
1 1111010101 0.282485875706
0 1111010100 0.717514124294

1001000011
1 0010000111 0.260992907801
0 0010000110 0.739007092199

1001000010
1 0010000101 0.184771033014
0 0010000100 0.815228966986

1001001010
1 0010010101 0.222501571339
0 0010010100 0.777498428661

1011101110
1 0111011101 0.192857142857
0 0111011100 0.807142857143

0101001010
1 1010010101 0.235826296743
0 1010010100 0.764173703257

1000000110
1 0000001101 0.204644138191
0 0000001100 0.795355861809

0110010010
1 1100100101 0.224228305183
0 1100100100 0.775771694817

0110010011
1 1100100111 0.288395904437
0 1100100110 0.711604095563

1011100110
1 0111001101 0.275362318841
0 0111001100 0.724637681159

1110111111
1 1101111111 0.358974358974
0 1101111110 0.641025641026

1011100111
1 0111001111 0.280991735537
0 0111001110 0.719008264463

1101010110
1 1010101101 0.269503546099
0 1010101100 0.730496453901

1010111111
1 0101111111 0.25641025641
0 0101111110 0.74358974359

0100110001
1 1001100011 0.249691738594
0 1001100010 0.750308261406

1100000110
1 1000001101 0.234794908062
0 1000001100 0.765205091938

1100000111
1 1000001111 0.301886792453
0 1000001110 0.698113207547

1110101100
1 1101011001 0.214285714286
0 1101011000 0.785714285714

1110101101
1 1101011011 0.355140186916
0 1101011010 0.644859813084

1010110101
1 0101101011 0.289361702128
0 0101101010 0.710638297872

1010110100
1 0101101001 0.234794908062
0 0101101000 0.765205091938

0011111100
1 0111111001 0.299479166667
0 0111111000 0.700520833333

0011111101
1 0111111011 0.28
0 0111111010 0.72

0110100111
1 1101001111 0.326359832636
0 1101001110 0.673640167364

1011101001
1 0111010011 0.285714285714
0 0111010010 0.714285714286

1011101000
1 0111010001 0.228048780488
0 0111010000 0.771951219512

0110100110
1 1101001101 0.240336134454
0 1101001100 0.759663865546

1110001000
1 1100010001 0.175971415811
0 1100010000 0.824028584189

1110001001
1 1100010011 0.260147601476
0 1100010010 0.739852398524

0010001000
1 0100010001 0.141909728929
0 0100010000 0.858090271071

0010001001
1 0100010011 0.224773717734
0 0100010010 0.775226282266

0100010110
1 1000101101 0.255453501722
0 1000101100 0.744546498278

0100010111
1 1000101111 0.300859598854
0 1000101110 0.699140401146

0111101010
1 1111010101 0.292397660819
0 1111010100 0.707602339181

0111101011
1 1111010111 0.353383458647
0 1111010110 0.646616541353

0010101100
1 0101011001 0.245595854922
0 0101011000 0.754404145078

0010101101
1 0101011011 0.314128943759
0 0101011010 0.685871056241

0010110101
1 0101101011 0.317174515235
0 0101101010 0.682825484765

1110000110
1 1100001101 0.243859649123
0 1100001100 0.756140350877

0110110101
1 1101101011 0.304347826087
0 1101101010 0.695652173913

0110110100
1 1101101001 0.269900497512
0 1101101000 0.730099502488

0011001110
1 0110011101 0.279069767442
0 0110011100 0.720930232558

1011011100
1 0110111001 0.297794117647
0 0110111000 0.702205882353

0011100111
1 0111001111 0.364457831325
0 0111001110 0.635542168675

0011100110
1 0111001101 0.27365356623
0 0111001100 0.72634643377

1010101010
1 0101010101 0.238907849829
0 0101010100 0.761092150171

1101100110
1 1011001101 0.281368821293
0 1011001100 0.718631178707

0001010101
1 0010101011 0.280579131303
0 0010101010 0.719420868697

1101100111
1 1011001111 0.3203125
0 1011001110 0.6796875

0001010100
1 0010101001 0.205519134014
0 0010101000 0.794480865986

1001110011
1 0011100111 0.347328244275
0 0011100110 0.652671755725

1001110010
1 0011100101 0.238782051282
0 0011100100 0.761217948718

0011010001
1 0110100011 0.244030285381
0 0110100010 0.755969714619

1100111100
1 1001111001 0.231927710843
0 1001111000 0.768072289157

0100111011
1 1001110111 0.363914373089
0 1001110110 0.636085626911

0100111010
1 1001110101 0.277372262774
0 1001110100 0.722627737226

1100111101
1 1001111011 0.315384615385
0 1001111010 0.684615384615

1010000011
1 0100000111 0.241709653648
0 0100000110 0.758290346352

1010000010
1 0100000101 0.16422234293
0 0100000100 0.83577765707

0110000011
1 1100000111 0.24855907781
0 1100000110 0.75144092219

0110000010
1 1100000101 0.179721879951
0 1100000100 0.820278120049

0100110010
1 1001100101 0.224489795918
0 1001100100 0.775510204082

0100110011
1 1001100111 0.283439490446
0 1001100110 0.716560509554

1010001010
1 0100010101 0.243020304569
0 0100010100 0.756979695431

1111100011
1 1111000111 0.302325581395
0 1111000110 0.697674418605

0010010110
1 0100101101 0.269913749366
0 0100101100 0.730086250634

0010010111
1 0100101111 0.305732484076
0 0100101110 0.694267515924

1000001110
1 0000011101 0.269889840881
0 0000011100 0.730110159119

1000001111
1 0000011111 0.32083958021
0 0000011110 0.67916041979

1010101110
1 0101011101 0.318339100346
0 0101011100 0.681660899654

1101101000
1 1011010001 0.22623345367
0 1011010000 0.77376654633

1111001100
1 1110011001 0.263305322129
0 1110011000 0.736694677871

1111001101
1 1110011011 0.220338983051
0 1110011010 0.779661016949

1001111010
1 0011110101 0.287925696594
0 0011110100 0.712074303406

1001111011
1 0011110111 0.319727891156
0 0011110110 0.680272108844

0111111101
1 1111111011 0.333333333333
0 1111111010 0.666666666667

0111111100
1 1111111001 0.292307692308
0 1111111000 0.707692307692

0001011111
1 0010111111 0.364678899083
0 0010111110 0.635321100917

0001011110
1 0010111101 0.309705561614
0 0010111100 0.690294438386

1010101011
1 0101010111 0.313725490196
0 0101010110 0.686274509804

1011011101
1 0110111011 0.300884955752
0 0110111010 0.699115044248

1101110010
1 1011100101 0.28125
0 1011100100 0.71875

1101110011
1 1011100111 0.305785123967
0 1011100110 0.694214876033

0110001010
1 1100010101 0.248753117207
0 1100010100 0.751246882793

0110001011
1 1100010111 0.284982935154
0 1100010110 0.715017064846

1010101111
1 0101011111 0.289855072464
0 0101011110 0.710144927536

1100001011
1 1000010111 0.321428571429
0 1000010110 0.678571428571

0101101011
1 1011010111 0.272727272727
0 1011010110 0.727272727273

0101101010
1 1011010101 0.256060606061
0 1011010100 0.743939393939

0001101001
1 0011010011 0.238445378151
0 0011010010 0.761554621849

0001101000
1 0011010001 0.198813936249
0 0011010000 0.801186063751

1101011001
1 1010110011 0.295964125561
0 1010110010 0.704035874439

1101011000
1 1010110001 0.240522875817
0 1010110000 0.759477124183

0111001101
1 1110011011 0.318181818182
0 1110011010 0.681818181818

0111001100
1 1110011001 0.264663805436
0 1110011000 0.735336194564

1101001000
1 1010010001 0.184565318457
0 1010010000 0.815434681543

1001010111
1 0010101111 0.322222222222
0 0010101110 0.677777777778

1001010110
1 0010101101 0.270833333333
0 0010101100 0.729166666667

1011000111
1 0110001111 0.279475982533
0 0110001110 0.720524017467

1011000110
1 0110001101 0.239273927393
0 0110001100 0.760726072607

1010100010
1 0101000101 0.222625529341
0 0101000100 0.777374470659

1010100011
1 0101000111 0.294776119403
0 0101000110 0.705223880597

1100100111
1 1001001111 0.318181818182
0 1001001110 0.681818181818

1100100110
1 1001001101 0.25817555938
0 1001001100 0.74182444062

0000001100
1 0000011001 0.180352072686
0 0000011000 0.819647927314

1011010110
1 0110101101 0.268456375839
0 0110101100 0.731543624161

0001001011
1 0010010111 0.286509040334
0 0010010110 0.713490959666

0001001010
1 0010010101 0.217855485069
0 0010010100 0.782144514931

1000011111
1 0000111111 0.295774647887
0 0000111110 0.704225352113

1000011110
1 0000111101 0.289795918367
0 0000111100 0.710204081633

1011010111
1 0110101111 0.347457627119
0 0110101110 0.652542372881

0110111001
1 1101110011 0.260726072607
0 1101110010 0.739273927393

0101100010
1 1011000101 0.22342239909
0 1011000100 0.77657760091

0101100011
1 1011000111 0.277972027972
0 1011000110 0.722027972028

1111100010
1 1111000101 0.205357142857
0 1111000100 0.794642857143

0110111000
1 1101110001 0.25
0 1101110000 0.75

1100010001
1 1000100011 0.222674813306
0 1000100010 0.777325186694

1100010000
1 1000100001 0.151859364435
0 1000100000 0.848140635565

1001000110
1 0010001101 0.262210796915
0 0010001100 0.737789203085

1001000111
1 0010001111 0.307282415631
0 0010001110 0.692717584369

0001110111
1 0011101111 0.304232804233
0 0011101110 0.695767195767

0001110110
1 0011101101 0.260429835651
0 0011101100 0.739570164349

0000100111
1 0001001111 0.290468364832
0 0001001110 0.709531635168

0000100110
1 0001001101 0.235087225661
0 0001001100 0.764912774339

1011001000
1 0110010001 0.19152854512
0 0110010000 0.80847145488

1011001001
1 0110010011 0.240072202166
0 0110010010 0.759927797834

0111010001
1 1110100011 0.227786752827
0 1110100010 0.772213247173

0111010000
1 1110100001 0.179195804196
0 1110100000 0.820804195804

1010111001
1 0101110011 0.287234042553
0 0101110010 0.712765957447

1001100110
1 0011001101 0.242928452579
0 0011001100 0.757071547421

0101110110
1 1011101101 0.317073170732
0 1011101100 0.682926829268

0101110111
1 1011101111 0.335766423358
0 1011101110 0.664233576642

0001010110
1 0010101101 0.275184275184
0 0010101100 0.724815724816

0001100101
1 0011001011 0.280428954424
0 0011001010 0.719571045576

0001100100
1 0011001001 0.204590363277
0 0011001000 0.795409636723

0000110000
1 0001100001 0.148475243869
0 0001100000 0.851524756131

0100101010
1 1001010101 0.249084249084
0 1001010100 0.750915750916

0100000001
1 1000000011 0.153877176902
0 1000000010 0.846122823098

0100000000
1 1000000001 0.0641093923675
0 1000000000 0.935890607632

1001001101
1 0010011011 0.278169014085
0 0010011010 0.721830985915

0100101011
1 1001010111 0.301349325337
0 1001010110 0.698650674663

0010100000
1 0101000001 0.124985138509
0 0101000000 0.875014861491

0010100001
1 0101000011 0.208474274524
0 0101000010 0.791525725476

1011011001
1 0110110011 0.313588850174
0 0110110010 0.686411149826

0001110100
1 0011101001 0.24493731919
0 0011101000 0.75506268081

0001110101
1 0011101011 0.266066838046
0 0011101010 0.733933161954

0011001001
1 0110010011 0.259005145798
0 0110010010 0.740994854202

0011001000
1 0110010001 0.175934230194
0 0110010000 0.824065769806

0010110010
1 0101100101 0.232161323681
0 0101100100 0.767838676319

1111110011
1 1111100111 0.228571428571
0 1111100110 0.771428571429

1111110010
1 1111100101 0.272222222222
0 1111100100 0.727777777778

1111010111
1 1110101111 0.305555555556
0 1110101110 0.694444444444

1111010110
1 1110101101 0.352941176471
0 1110101100 0.647058823529

0010000101
1 0100001011 0.237174095879
0 0100001010 0.762825904121

1100111001
1 1001110011 0.300411522634
0 1001110010 0.699588477366

0000111101
1 0001111011 0.286772486772
0 0001111010 0.713227513228

0010011001
1 0100110011 0.264771460424
0 0100110010 0.735228539576

1100111000
1 1001110001 0.236806495264
0 1001110000 0.763193504736

1111111111
1 1111111111 0.333333333333
0 1111111110 0.666666666667

1111111110
1 1111111101 0.379310344828
0 1111111100 0.620689655172

0011101011
1 0111010111 0.315972222222
0 0111010110 0.684027777778

0011101010
1 0111010101 0.252
0 0111010100 0.748

0011100010
1 0111000101 0.221127531472
0 0111000100 0.778872468528

0011100011
1 0111000111 0.255033557047
0 0111000110 0.744966442953

1101010111
1 1010101111 0.252631578947
0 1010101110 0.747368421053

1010110000
1 0101100001 0.200766650695
0 0101100000 0.799233349305

1010110001
1 0101100011 0.263157894737
0 0101100010 0.736842105263

0111011001
1 1110110011 0.308219178082
0 1110110010 0.691780821918

0111011000
1 1110110001 0.240762812872
0 1110110000 0.759237187128

0100100110
1 1001001101 0.242882045322
0 1001001100 0.757117954678

0001111101
1 0011111011 0.324937027708
0 0011111010 0.675062972292

0101010111
1 1010101111 0.343373493976
0 1010101110 0.656626506024

0101010110
1 1010101101 0.281847133758
0 1010101100 0.718152866242

1000110100
1 0001101001 0.234533183352
0 0001101000 0.765466816648

0001111100
1 0011111001 0.270952927669
0 0011111000 0.729047072331

0110101001
1 1101010011 0.26817447496
0 1101010010 0.73182552504

0100111110
1 1001111101 0.287096774194
0 1001111100 0.712903225806

0100111111
1 1001111111 0.379310344828
0 1001111110 0.620689655172

1011011000
1 0110110001 0.225766871166
0 0110110000 0.774233128834

0010110111
1 0101101111 0.367892976589
0 0101101110 0.632107023411

0100010001
1 1000100011 0.215187523208
0 1000100010 0.784812476792

0000000000
1 0000000001 0.00779524306118
0 0000000000 0.992204734066

0000000001
1 0000000011 0.107218589857
0 0000000010 0.892781410143

1001011011
1 0010110111 0.278884462151
0 0010110110 0.721115537849

0100110111
1 1001101111 0.361290322581
0 1001101110 0.638709677419

1100101101
1 1001011011 0.25
0 1001011010 0.75

0110101000
1 1101010001 0.192139737991
0 1101010000 0.807860262009

0001000000
1 0010000001 0.0758793072666
0 0010000000 0.924120692733

1010000110
1 0100001101 0.257301808067
0 0100001100 0.742698191933

1010000111
1 0100001111 0.325704225352
0 0100001110 0.674295774648

0110000110
1 1100001101 0.24354005168
0 1100001100 0.75645994832

0110000111
1 1100001111 0.302083333333
0 1100001110 0.697916666667

1111101110
1 1111011101 0.25974025974
0 1111011100 0.74025974026

1101010100
1 1010101001 0.237388724036
0 1010101000 0.762611275964

1111110000
1 1111100001 0.236170212766
0 1111100000 0.763829787234

1101100101
1 1011001011 0.302127659574
0 1011001010 0.697872340426

0010010101
1 0100101011 0.284903518729
0 0100101010 0.715096481271

1011010001
1 0110100011 0.25
0 0110100010 0.75

1001011010
1 0010110101 0.246177370031
0 0010110100 0.753822629969

1100110000
1 1001100001 0.181128496918
0 1001100000 0.818871503082

1100110001
1 1001100011 0.246179966044
0 1001100010 0.753820033956

0011010100
1 0110101001 0.226329113924
0 0110101000 0.773670886076

0011010101
1 0110101011 0.271739130435
0 0110101010 0.728260869565

0000011011
1 0000110111 0.291083566573
0 0000110110 0.708916433427

0000011010
1 0000110101 0.232446516731
0 0000110100 0.767553483269

1100001001
1 1000010011 0.200842696629
0 1000010010 0.799157303371

1100001000
1 1000010001 0.146782141257
0 1000010000 0.853217858743

0100100001
1 1001000011 0.199746238898
0 1001000010 0.800253761102

1010011101
1 0100111011 0.366666666667
0 0100111010 0.633333333333

1010011100
1 0100111001 0.225122349103
0 0100111000 0.774877650897

1000010011
1 0000100111 0.264666666667
0 0000100110 0.735333333333

1000010010
1 0000100101 0.196838816394
0 0000100100 0.803161183606

0100011001
1 1000110011 0.254545454545
0 1000110010 0.745454545455

1000010101
1 0000101011 0.255263157895
0 0000101010 0.744736842105

1110011100
1 1100111001 0.238095238095
0 1100111000 0.761904761905

1110011101
1 1100111011 0.274336283186
0 1100111010 0.725663716814

1000010100
1 0000101001 0.191229331416
0 0000101000 0.808770668584

0101011101
1 1010111011 0.345637583893
0 1010111010 0.654362416107

0101011100
1 1010111001 0.270889487871
0 1010111000 0.729110512129

0010000111
1 0100001111 0.289827255278
0 0100001110 0.710172744722

0010000110
1 0100001101 0.225527046903
0 0100001100 0.774472953097

0000101011
1 0001010111 0.291341991342
0 0001010110 0.708658008658

0000101010
1 0001010101 0.23309685826
0 0001010100 0.76690314174

1001010010
1 0010100101 0.239185750636
0 0010100100 0.760814249364

1001010011
1 0010100111 0.254545454545
0 0010100110 0.745454545455

1011001101
1 0110011011 0.305555555556
0 0110011010 0.694444444444

0000100010
1 0001000101 0.169751176034
0 0001000100 0.830248823966

0000100011
1 0001000111 0.246852764094
0 0001000110 0.753147235906

1011001100
1 0110011001 0.24633431085
0 0110011000 0.75366568915

1000011010
1 0000110101 0.22741055185
0 0000110100 0.77258944815

1000011011
1 0000110111 0.29659643436
0 0000110110 0.70340356564

1011000010
1 0110000101 0.208599651365
0 0110000100 0.791400348635

0000010011
1 0000100111 0.253295200199
0 0000100110 0.746704799801

1000000001
1 0000000011 0.149860319161
0 0000000010 0.850139680839

1000000000
1 0000000001 0.0589851342993
0 0000000000 0.941014865701

1100011101
1 1000111011 0.287313432836
0 1000111010 0.712686567164

1100011100
1 1000111001 0.26976744186
0 1000111000 0.73023255814

0111000100
1 1110001001 0.19383033419
0 1110001000 0.80616966581

0111000101
1 1110001011 0.277467411546
0 1110001010 0.722532588454

0001001110
1 0010011101 0.273236805231
0 0010011100 0.726763194769

1011110101
1 0111101011 0.290780141844
0 0111101010 0.709219858156

0110011110
1 1100111101 0.275974025974
0 1100111100 0.724025974026

1110100011
1 1101000111 0.309734513274
0 1101000110 0.690265486726

1110100010
1 1101000101 0.218571428571
0 1101000100 0.781428571429

0011110011
1 0111100111 0.285714285714
0 0111100110 0.714285714286

0011110010
1 0111100101 0.23660130719
0 0111100100 0.76339869281

0100001101
1 1000011011 0.264
0 1000011010 0.736

0100001100
1 1000011001 0.201825383158
0 1000011000 0.798174616842

1010111100
1 0101111001 0.273015873016
0 0101111000 0.726984126984

1010111101
1 0101111011 0.322784810127
0 0101111010 0.677215189873

1000101100
1 0001011001 0.230270906949
0 0001011000 0.769729093051

1000101101
1 0001011011 0.276666666667
0 0001011010 0.723333333333

0011000101
1 0110001011 0.252268602541
0 0110001010 0.747731397459

0011000100
1 0110001001 0.188479189745
0 0110001000 0.811520810255

0001111000
1 0011110001 0.235472679965
0 0011110000 0.764527320035

0001111001
1 0011110011 0.303677342823
0 0011110010 0.696322657177

0100110110
1 1001101101 0.270833333333
0 1001101100 0.729166666667

1011100010
1 0111000101 0.203053435115
0 0111000100 0.796946564885

1101100100
1 1011001001 0.184993531695
0 1011001000 0.815006468305

1011100011
1 0111000111 0.32319391635
0 0111000110 0.67680608365

1111000000
1 1110000001 0.144451739987
0 1110000000 0.855548260013

1111000001
1 1110000011 0.23413897281
0 1110000010 0.76586102719

0110111100
1 1101111001 0.243697478992
0 1101111000 0.756302521008

0110111101
1 1101111011 0.292857142857
0 1101111010 0.707142857143

1001111110
1 0011111101 0.35625
0 0011111100 0.64375

1001001000
1 0010010001 0.169377541445
0 0010010000 0.830622458555

1001011110
1 0010111101 0.284768211921
0 0010111100 0.715231788079

1001011111
1 0010111111 0.352564102564
0 0010111110 0.647435897436

1110111101
1 1101111011 0.185185185185
0 1101111010 0.814814814815

1110111100
1 1101111001 0.279329608939
0 1101111000 0.720670391061

0011101110
1 0111011101 0.296495956873
0 0111011100 0.703504043127

0011101111
1 0111011111 0.321428571429
0 0111011110 0.678571428571

1101000001
1 1010000011 0.200643086817
0 1010000010 0.799356913183

1101001101
1 1010011011 0.294930875576
0 1010011010 0.705069124424

1101001100
1 1010011001 0.226851851852
0 1010011000 0.773148148148

1111011011
1 1110110111 0.25
0 1110110110 0.75

1111011010
1 1110110101 0.309677419355
0 1110110100 0.690322580645

1111010010
1 1110100101 0.284482758621
0 1110100100 0.715517241379

1111010011
1 1110100111 0.311475409836
0 1110100110 0.688524590164

1000111000
1 0001110001 0.221329046088
0 0001110000 0.778670953912

1000111001
1 0001110011 0.280811232449
0 0001110010 0.719188767551

0100000101
1 1000001011 0.229526057745
0 1000001010 0.770473942255

1100101011
1 1001010111 0.303964757709
0 1001010110 0.696035242291

1100101010
1 1001010101 0.266040688576
0 1001010100 0.733959311424

1100100010
1 1001000101 0.206541490006
0 1001000100 0.793458509994

1100100011
1 1001000111 0.258181818182
0 1001000110 0.741818181818

0111100010
1 1111000101 0.235215053763
0 1111000100 0.764784946237

