1111
1 11111 0.323857302118
0 11110 0.676142697882

00011111
1 000111111 0.3343832021
0 111110 0.6656167979

010101111
1 11111 0.3228962818
0 101011110 0.6771037182

001001111
1 11111 0.306701030928
0 010011110 0.693298969072

000011111
1 111 0.320028011204
0 111110 0.679971988796

111111111
1 11111111 0.317647058824
0 1111110 0.682352941176

11111011
1 111110111 0.312
0 111110110 0.688

000110111
1 111 0.31520815633
0 01101110 0.68479184367

100110111
1 1101111 0.352112676056
0 001101110 0.647887323944

10111011
1 101110111 0.300884955752
0 101110110 0.699115044248

11011111
1 110111111 0.351955307263
0 111110 0.648044692737

11111
1 111111 0.34595524957
0 111110 0.65404475043

011111
1 0111111 0.344736842105
0 0111110 0.655263157895

111011111
1 111111 0.333333333333
0 0111110 0.666666666667

000111111
1 111111 0.334379905808
0 01111110 0.665620094192

10111111
1 101111111 0.33971291866
0 101111110 0.66028708134

0011111
1 00111111 0.339034587609
0 00111110 0.660965412391

1001111
1 10011111 0.321523472099
0 10011110 0.678476527901

0110111
1 01101111 0.334693877551
0 01101110 0.665306122449

00110111
1 001101111 0.325015595758
0 001101110 0.674984404242

010010111
1 1111 0.321011673152
0 101110 0.678988326848

111
1 1111 0.307697585071
0 1110 0.692302414929

00100111
1 001001111 0.297774366846
0 001001110 0.702225633154

001110111
1 1111 0.311688311688
0 111101110 0.688311688312

01010111
1 010101111 0.32946486138
0 010101110 0.67053513862

001011101
1 10111011 0.300272975432
0 010111010 0.699727024568

100111
1 1001111 0.313176144244
0 1001110 0.686823855756

110011011
1 00110111 0.298200514139
0 0110110 0.701799485861

1011101
1 10111011 0.315055762082
0 10111010 0.684944237918

111001111
1 1111 0.306306306306
0 011110 0.693693693694

0001111
1 00011111 0.303295653558
0 00011110 0.696704346442

001000111
1 1111 0.303129548763
0 010001110 0.696870451237

00001111
1 000011111 0.296511627907
0 00011110 0.703488372093

1111101
1 11111011 0.314597315436
0 11111010 0.685402684564

10011011
1 100110111 0.310722100656
0 100110110 0.689277899344

1101111
1 11011111 0.329044117647
0 11011110 0.670955882353

001111
1 0011111 0.308115704415
0 0011110 0.691884295585

01111
1 011111 0.313272877164
0 011110 0.686727122836

0011011
1 00110111 0.297734026746
0 00110110 0.702265973254

11111111
1 111111111 0.34
0 111111110 0.66

101010111
1 111 0.32318501171
0 010101110 0.67681498829

000111011
1 111 0.323353293413
0 001110110 0.676646706587

00111011
1 001110111 0.332716049383
0 001110110 0.667283950617

0101011
1 01010111 0.3029296875
0 01010110 0.6970703125

010000111
1 00001111 0.297511312217
0 001110 0.702488687783

0111
1 01111 0.300515310673
0 01110 0.699484689327

110111
1 1101111 0.331606217617
0 111101110 0.668393782383

111100111
1 01111 0.340101522843
0 1001110 0.659898477157

1100111
1 11001111 0.342079689018
0 11001110 0.657920310982

110011
1 1100111 0.295987343593
0 011100110 0.704012656407

11011
1 110111 0.300347857927
0 110110 0.699652142073

00111110
1 01111101 0.306497987349
0 111100 0.693502012651

01110011
1 011100111 0.319915254237
0 011100110 0.680084745763

011111011
1 111110111 0.336206896552
0 110110 0.663793103448

111011
1 1110111 0.318625999408
0 001110110 0.681374000592

00101011
1 001010111 0.297118688871
0 001010110 0.702881311129

000101011
1 001010111 0.29560401523
0 01010110 0.70439598477

100101011
1 1010111 0.302013422819
0 001010110 0.697986577181

101011
1 1010111 0.302607470049
0 1010110 0.697392529951

11001111
1 110011111 0.34375
0 110011110 0.65625

11110
1 111101 0.297691673537
0 111100 0.702308326463

10011110
1 100111101 0.306788511749
0 00111100 0.693211488251

0111011
1 01110111 0.323324630113
0 01110110 0.676675369887

110100111
1 111 0.297376093294
0 101001110 0.702623906706

11101011
1 111010111 0.331666666667
0 111010110 0.668333333333

1101011
1 11010111 0.301772151899
0 11010110 0.698227848101

11100111
1 111001111 0.341538461538
0 111001110 0.658461538462

111110
1 1111101 0.313684210526
0 1111100 0.686315789474

0011101
1 00111011 0.299722479186
0 00111010 0.700277520814

11101
1 111011 0.302381805158
0 111010 0.697618194842

000011101
1 0111011 0.298194713088
0 000111010 0.701805286912

011110011
1 1100111 0.302771855011
0 11100110 0.697228144989

01111101
1 011111011 0.302477183833
0 11111010 0.697522816167

1110011
1 11100111 0.311302681992
0 11100110 0.688697318008

110100011
1 111 0.303144654088
0 110 0.696855345912

11001101
1 110011011 0.301316808675
0 011010 0.698683191325

101001101
1 10011011 0.305325443787
0 10011010 0.694674556213

011100111
1 111001111 0.342163355408
0 110 0.657836644592

011001101
1 10011011 0.306930693069
0 011010 0.693069306931

110011101
1 00111011 0.333333333333
0 100111010 0.666666666667

011101
1 0111011 0.304088924176
0 0111010 0.695911075824

110110101
1 101011 0.296758104738
0 101010 0.703241895262

101011110
1 11101 0.334038054968
0 010111100 0.665961945032

01111001
1 011110011 0.301607717042
0 011110010 0.698392282958

0111110
1 01111101 0.308032128514
0 01111100 0.691967871486

010011110
1 100111101 0.317757009346
0 101011100 0.682242990654

010101011
1 01010111 0.345833333333
0 101010110 0.654166666667

10101011
1 101010111 0.319371727749
0 101010110 0.680628272251

100011011
1 0111 0.297206703911
0 000110110 0.702793296089

110001011
1 10111 0.299748110831
0 10110 0.700251889169

111110111
1 11101111 0.34188034188
0 01110 0.65811965812

1110111
1 11101111 0.325278810409
0 11101110 0.674721189591

1111110
1 11111101 0.324427480916
0 11111100 0.675572519084

01111110
1 011111101 0.337209302326
0 11111100 0.662790697674

101111110
1 11111101 0.326086956522
0 101011100 0.673913043478

01011110
1 010111101 0.312056737589
0 010111100 0.687943262411

111110110
1 111101101 0.298449612403
0 1101100 0.701550387597

011110110
1 111101101 0.315573770492
0 101100 0.684426229508

10111110
1 101111101 0.311584553928
0 101111100 0.688415446072

11110110
1 111101101 0.309651474531
0 111101100 0.690348525469

110110110
1 101101101 0.295454545455
0 1101100 0.704545454545

00010111
1 000101111 0.309398582209
0 1110 0.690601417791

000010111
1 000101111 0.310154204248
0 01110 0.689845795752

011010111
1 110101111 0.299748110831
0 1110 0.700251889169

111010111
1 110101111 0.311557788945
0 010101110 0.688442211055

010111
1 0101111 0.315676630092
0 0101110 0.684323369908

10111
1 101111 0.320338983051
0 101110 0.679661016949

010110111
1 101101111 0.351941747573
0 1110 0.648058252427

001010111
1 101111 0.331850533808
0 1110 0.668149466192

0010111
1 00101111 0.313213420962
0 00101110 0.686786579038

100010111
1 00101111 0.306623931624
0 101110 0.693376068376

1010111
1 10101111 0.322310200279
0 010101110 0.677689799721

010100111
1 101001111 0.32
0 1110 0.68

0100111
1 01001111 0.301630434783
0 1001110 0.698369565217

10100111
1 101001111 0.313757039421
0 101001110 0.686242960579

11010111
1 110101111 0.303691275168
0 110101110 0.696308724832

110011111
1 111111 0.334710743802
0 100111110 0.665289256198

100111101
1 01111011 0.312765957447
0 1111010 0.687234042553

111101
1 1111011 0.298809194129
0 1111010 0.701190805871

10010111
1 100101111 0.325053229241
0 100101110 0.674946770759

110010111
1 100101111 0.335958005249
0 1110 0.664041994751

010110011
1 101100111 0.298850574713
0 011100110 0.701149425287

110110011
1 101100111 0.3273657289
0 101100110 0.6726342711

01000111
1 010001111 0.300194931774
0 010001110 0.699805068226

01110111
1 011101111 0.312247644684
0 011101110 0.687752355316

11101111
1 111011111 0.334285714286
0 111011110 0.665714285714

111011101
1 0111011 0.338383838384
0 110111010 0.661616161616

011011101
1 11011 0.331818181818
0 1010 0.668181818182

100111001
1 01110011 0.295711060948
0 110010 0.704288939052

101110101
1 1101011 0.300995024876
0 1010 0.699004975124

011101011
1 010111 0.310513447433
0 0110 0.689486552567

11011101
1 110111011 0.333855799373
0 110111010 0.666144200627

101110111
1 011101111 0.313725490196
0 10 0.686274509804

01101110
1 011011101 0.299931833674
0 011011100 0.700068166326

001101110
1 11011101 0.302218114603
0 011011100 0.697781885397

110111111
1 11 0.34126984127
0 101111110 0.65873015873

11111101
1 111111011 0.336470588235
0 111111010 0.663529411765

101110011
1 00111 0.304785894207
0 011100110 0.695214105793

011101101
1 11 0.301886792453
0 11011010 0.698113207547

101011101
1 11 0.325301204819
0 010111010 0.674698795181

110111011
1 11 0.31455399061
0 110110 0.68544600939

10000111
1 100001111 0.295533642691
0 110001110 0.704466357309

010111101
1 11 0.297348484848
0 01111010 0.702651515152

001111110
1 1101 0.342465753425
0 11111100 0.657534246575

101111101
1 1011 0.303418803419
0 11111010 0.696581196581

10101101
1 101011011 0.313911143481
0 11010 0.686088856519

101100101
1 11001011 0.299763033175
0 11001010 0.700236966825

1111001
1 11110011 0.296557811121
0 11110010 0.703442188879

010111110
1 1101 0.315992292871
0 101011100 0.684007707129

010110101
1 11 0.310344827586
0 111101010 0.689655172414

10110101
1 101101011 0.306332842415
0 111101010 0.693667157585

111101101
1 011 0.329004329004
0 111011010 0.670995670996

011111101
1 011 0.31724137931
0 1111010 0.68275862069

110101101
1 011 0.324808184143
0 011010 0.675191815857

1011110
1 10111101 0.298100743187
0 10111100 0.701899256813

001011110
1 10111101 0.303527481542
0 010111100 0.696472518458

101110110
1 101 0.308016877637
0 011101100 0.691983122363

1101101
1 11011011 0.30566893424
0 11011010 0.69433106576

11101101
1 111011011 0.311450381679
0 111011010 0.688549618321

01101101
1 011011011 0.303225806452
0 011011010 0.696774193548

010101101
1 1011011 0.309572301426
0 11010 0.690427698574

001111001
1 11110011 0.305177111717
0 110010 0.694822888283

101101101
1 011011011 0.328976034858
0 1010 0.671023965142

0111111
1 01111111 0.343511450382
0 01111110 0.656488549618

010111111
1 01111111 0.33904109589
0 101111110 0.66095890411

101111111
1 1111111 0.338028169014
0 11110 0.661971830986

111111
1 1111111 0.348258706468
0 1111110 0.651741293532

000101111
1 100011111 0.322246858832
0 01011110 0.677753141168

110101111
1 01011111 0.298342541436
0 101011110 0.701657458564

0101111
1 01011111 0.324011186576
0 01011110 0.675988813424

101101111
1 011011111 0.345622119816
0 1011110 0.654377880184

101111
1 1011111 0.325536062378
0 1011110 0.674463937622

00111111
1 001111111 0.345291479821
0 001111110 0.654708520179

00101111
1 100011111 0.32689122032
0 001011110 0.67310877968

01111011
1 011110111 0.306818181818
0 011110110 0.693181818182

1111011
1 11110111 0.308619091752
0 11110110 0.691380908248

10101111
1 101011111 0.316473988439
0 101011110 0.683526011561

101001111
1 010011111 0.325641025641
0 11110 0.674358974359

01001111
1 010011111 0.311454311454
0 010011110 0.688545688546

100101111
1 1011111 0.340611353712
0 011110 0.659388646288

01101111
1 011011111 0.326558265583
0 011011110 0.673441734417

001101111
1 011011111 0.318618042226
0 11011110 0.681381957774

010001111
1 100011111 0.313543599258
0 110101110 0.686456400742

101100111
1 011001111 0.321256038647
0 011001110 0.678743961353

001100111
1 011001111 0.351106639839
0 1001110 0.648893360161

11111110
1 111111101 0.3
0 11111100 0.7

10011101
1 100111011 0.325867052023
0 100111010 0.674132947977

10011111
1 100111111 0.351239669421
0 100111110 0.648760330579

11000111
1 110001111 0.297692307692
0 110001110 0.702307692308

011101111
1 1011111 0.336206896552
0 111011110 0.663793103448

111101111
1 1 0.330508474576
0 110 0.669491525424

111010101
1 1 0.318407960199
0 110101010 0.681592039801

01011101
1 010111011 0.3071334214
0 010111010 0.6928665786

111111011
1 110111 0.272727272727
0 11110110 0.727272727273

100000111
1 1111 0.28987396784
0 01110 0.71012603216

000100111
1 001001111 0.292465300727
0 1110 0.707534699273

011011
1 0110111 0.292169073804
0 0110110 0.707830926196

00011011
1 000110111 0.293296785447
0 000110110 0.706703214553

101011011
1 111 0.262180974478
0 10110110 0.737819025522

00111
1 001111 0.292892913494
0 001110 0.707107086506

1110101
1 11101011 0.279069767442
0 011101010 0.720930232558

101111011
1 10111 0.274038461538
0 110110 0.725961538462

01011011
1 010110111 0.276695768972
0 110110 0.723304231028

000011011
1 10111 0.292174470815
0 0110110 0.707825529185

110011110
1 100111101 0.281385281385
0 00111100 0.718614718615

00000111
1 111 0.279088570379
0 000001110 0.720911429621

101010011
1 111 0.278894472362
0 10100110 0.721105527638

000000111
1 00001111 0.276893135173
0 000001110 0.723106864827

0000111
1 00001111 0.282413651557
0 00001110 0.717586348443

11001110
1 110011101 0.274741506647
0 110011100 0.725258493353

01010011
1 010100111 0.273473108478
0 10100110 0.726526891522

01101011
1 011010111 0.288727272727
0 011010110 0.711272727273

1010011
1 10100111 0.276283618582
0 10100110 0.723716381418

100001111
1 111 0.278704612365
0 011110 0.721295387635

01001011
1 010010111 0.284922394678
0 010010110 0.715077605322

101000111
1 0001111 0.290628706999
0 0001110 0.709371293001

100011101
1 000111011 0.265505984766
0 111010 0.734494015234

00011101
1 000111011 0.290723700572
0 000111010 0.709276299428

11110011
1 111100111 0.293154761905
0 111100110 0.706845238095

1001011
1 10010111 0.286033292732
0 10010110 0.713966707268

11001011
1 110010111 0.289074355083
0 110010110 0.710925644917

00101110
1 001011101 0.276756484513
0 11011100 0.723243515487

10011
1 100111 0.273748955881
0 100110 0.726251044119

11
1 111 0.2658095694
0 110 0.7341904306

100100011
1 111 0.265691363851
0 1000110 0.734308636149

100101110
1 001011101 0.281808622503
0 011100 0.718191377497

10010011
1 100111 0.277237048666
0 100100110 0.722762951334

010010011
1 100111 0.271380186283
0 0100110 0.728619813717

101110
1 1011101 0.282451765324
0 11011100 0.717548234676

1001101
1 10011011 0.289118515394
0 10011010 0.710881484606

001101
1 0011011 0.267994026879
0 0011010 0.732005973121

1101
1 11011 0.2830711824
0 11010 0.7169288176

110000011
1 0111 0.252247488102
0 110 0.747752511898

110010101
1 0101011 0.262124711316
0 100101010 0.737875288684

10101
1 101011 0.269137394735
0 101010 0.730862605265

010010101
1 100101011 0.289370932755
0 100101010 0.710629067245

010001011
1 0111 0.28606557377
0 010110 0.71393442623

00111001
1 01110011 0.277278911565
0 011110010 0.722721088435

0111001
1 01110011 0.2765625
0 01110010 0.7234375

100110101
1 101011 0.291479820628
0 111101010 0.708520179372

000001011
1 0111 0.270342714915
0 00010110 0.729657285085

11010011
1 110100111 0.283940397351
0 110100110 0.716059602649

011110101
1 11101011 0.28
0 111101010 0.72

110101
1 1101011 0.278718600056
0 111101010 0.721281399944

1110
1 11101 0.276682192052
0 101011100 0.723317807948

001110
1 0011101 0.262187727383
0 0011100 0.737812272617

101111001
1 1110011 0.29295154185
0 1110010 0.70704845815

011001110
1 110011101 0.27969762419
0 101011100 0.72030237581

001001110
1 011101 0.281238615665
0 101011100 0.718761384335

01110
1 011101 0.267656017567
0 011100 0.732343982433

011100110
1 11001101 0.274143302181
0 111001100 0.725856697819

101100110
1 011001101 0.269807280514
0 011001100 0.730192719486

11011010
1 110110101 0.261920313521
0 110110100 0.738079686479

110111100
1 01111001 0.255597014925
0 1111000 0.744402985075

10001101
1 100011011 0.272119185163
0 11010 0.727880814837

100001011
1 10111 0.273172905526
0 110 0.726827094474

010011
1 0100111 0.265772504514
0 0100110 0.734227495486

01011
1 010111 0.283735909823
0 010110 0.716264090177

001011
1 0010111 0.277314148681
0 0010110 0.722685851319

0001011
1 00010111 0.274616930419
0 00010110 0.725383069581

00001011
1 000010111 0.270843183609
0 00010110 0.729156816391

10001011
1 100010111 0.289424860853
0 100010110 0.710575139147

011010011
1 10100111 0.286570743405
0 110 0.713429256595

101001011
1 10010111 0.285211267606
0 110 0.714788732394

100011
1 01000111 0.263169222491
0 1000110 0.736830777509

11000101
1 110001011 0.267250084147
0 110001010 0.732749915853

001001011
1 111 0.284833091437
0 10110 0.715166908563

1011
1 10111 0.288404641231
0 10110 0.711595358769

101101011
1 1010111 0.283653846154
0 10110 0.716346153846

111001011
1 110010111 0.290237467018
0 10110 0.709762532982

01110101
1 011101011 0.284027777778
0 011101010 0.715972222222

011101110
1 111011101 0.268101761252
0 011100 0.731898238748

11101110
1 111011101 0.272727272727
0 111011100 0.727272727273

001110101
1 011101011 0.277456647399
0 111101010 0.722543352601

010111010
1 101110101 0.290753098189
0 111110100 0.709246901811

111101110
1 11011101 0.283720930233
0 11011100 0.716279069767

010101110
1 101011101 0.286538461538
0 101011100 0.713461538462

01110110
1 011101101 0.272668810289
0 011101100 0.727331189711

010111001
1 101110011 0.274900398406
0 1110010 0.725099601594

110111001
1 101110011 0.274376417234
0 101110010 0.725623582766

001010110
1 10101101 0.274163219255
0 010101100 0.725836780745

1011010
1 10110101 0.262669245648
0 10110100 0.737330754352

1010110
1 10101101 0.27748585287
0 10101100 0.72251414713

111100
1 1111001 0.265993661228
0 1111000 0.734006338772

011011010
1 10110101 0.255555555556
0 110110100 0.744444444444

110110
1 1101101 0.288499280387
0 1101100 0.711500719613

001110110
1 11101101 0.257169287697
0 011101100 0.742830712303

0110110
1 01101101 0.290153500562
0 01101100 0.709846499438

01010110
1 010101101 0.275147100028
0 010101100 0.724852899972

00111100
1 001111001 0.261458085965
0 001111000 0.738541914035

10110110
1 101101101 0.294042280589
0 1101100 0.705957719411

000111101
1 01111011 0.284433577832
0 111010 0.715566422168

00111101
1 01111011 0.292280494991
0 001111010 0.707719505009

0111101
1 01111011 0.291029350971
0 01111010 0.708970649029

000110011
1 101100111 0.279610194903
0 011100110 0.720389805097

0110011
1 101100111 0.289414182939
0 101100110 0.710585817061

00110011
1 001100111 0.282627239124
0 101100110 0.717372760876

1001110
1 10011101 0.279483037157
0 10011100 0.720516962843

100110011
1 001100111 0.29210836278
0 110 0.70789163722

1100011
1 11000111 0.281751192024
0 11000110 0.718248807976

01100011
1 11000111 0.283917340521
0 011000110 0.716082659479

011101010
1 111010101 0.244422890398
0 111010100 0.755577109602

0101110
1 01011101 0.279026907482
0 01011100 0.720973092518

01011001
1 010110011 0.271952259165
0 010110010 0.728047740835

1011001
1 110110011 0.274095160634
0 10110010 0.725904839366

11011001
1 110110011 0.279485346676
0 110110010 0.720514653324

0010011
1 00100111 0.262595727529
0 000100110 0.737404272471

100001101
1 0011011 0.272285966461
0 000011010 0.727714033539

000100011
1 001000111 0.248436611711
0 0110 0.751563388289

00100011
1 001000111 0.251786695987
0 001000110 0.748213304013

100010011
1 0111 0.27420101899
0 000100110 0.72579898101

010101
1 0101011 0.265615272878
0 0101010 0.734384727122

100010101
1 0101011 0.259176365264
0 00101010 0.740823634736

0010101
1 00101011 0.258719737382
0 00101010 0.741280262618

00010101
1 000101011 0.252292376212
0 00101010 0.747707623788

011
1 0111 0.250644245875
0 0110 0.749355754125

11001
1 110011 0.260753797112
0 110010 0.739246202888

110011001
1 110011 0.243929359823
0 0110010 0.756070640177

01000011
1 010000111 0.259770790479
0 010000110 0.740229209521

000001110
1 0011101 0.249388254486
0 000011100 0.750611745514

00001110
1 000011101 0.25349350331
0 000011100 0.74650649669

10100110
1 101001101 0.259520884521
0 101001100 0.740479115479

0111100
1 01111001 0.263068854678
0 01111000 0.736931145322

001010101
1 010101011 0.292909724913
0 010101010 0.707090275087

1010101
1 10101011 0.287279759347
0 10101010 0.712720240653

011001011
1 110010111 0.288604898829
0 0110 0.711395101171

001011001
1 010110011 0.272385252069
0 110010 0.727614747931

0100011
1 01000111 0.257032424307
0 01000110 0.742967575693

11010001
1 110100011 0.245143385754
0 110100010 0.754856614246

10111010
1 101110101 0.272727272727
0 101110100 0.727272727273

110011100
1 100111001 0.247454175153
0 111000 0.752545824847

10011100
1 100111001 0.24831838565
0 100111000 0.75168161435

1000011
1 10000111 0.262744799207
0 10000110 0.737255200793

011010110
1 10101101 0.290388548057
0 110101100 0.709611451943

01011010
1 010110101 0.262984336356
0 0110100 0.737015663644

11010110
1 110101101 0.283538796229
0 110101100 0.716461203771

111010110
1 110101101 0.266832917706
0 1100 0.733167082294

000111100
1 001111001 0.267704033026
0 01111000 0.732295966974

101001110
1 10011101 0.281359906213
0 1100 0.718640093787

101101110
1 11101 0.293506493506
0 011011100 0.706493506494

110000111
1 11 0.288944723618
0 1110 0.711055276382

0011110
1 00111101 0.287237643873
0 00111100 0.712762356127

0101101
1 01011011 0.290366614665
0 01011010 0.709633385335

111010011
1 11 0.27807486631
0 10100110 0.72192513369

001101011
1 11 0.290928050052
0 011010110 0.709071949948

011110
1 0111101 0.290396158463
0 0111100 0.709603841537

00011110
1 000111101 0.280393053016
0 000111100 0.719606946984

10111101
1 101111011 0.288088642659
0 101111010 0.711911357341

110111101
1 1011 0.262886597938
0 101111010 0.737113402062

01101
1 011011 0.275206943077
0 011010 0.724793056923

111010
1 1110101 0.27595944038
0 111110100 0.72404055962

0110101
1 01101011 0.278565640194
0 01101010 0.721434359806

10101001
1 101010011 0.253019707565
0 101010010 0.746980292435

010001110
1 100011101 0.259052924791
0 101011100 0.740947075209

110001110
1 00011101 0.293537787514
0 101011100 0.706462212486

10100011
1 101000111 0.275760549558
0 110 0.724239450442

0001110
1 00011101 0.256719657792
0 00011100 0.743280342208

1100101
1 11001011 0.28683351469
0 11001010 0.71316648531

110101110
1 1101 0.281927710843
0 101011100 0.718072289157

111000011
1 11 0.278481012658
0 110 0.721518987342

111001110
1 1101 0.264018691589
0 0011100 0.735981308411

001100101
1 001011 0.285239085239
0 011001010 0.714760914761

100110110
1 1101 0.27619047619
0 01101100 0.72380952381

000110101
1 11 0.260238272524
0 101010 0.739761727476

010010110
1 1101 0.262403100775
0 101100 0.737596899225

011100101
1 001011 0.284067085954
0 111001010 0.715932914046

011100011
1 11 0.275902211874
0 11000110 0.724097788126

000111010
1 10101 0.272791023843
0 111110100 0.727208976157

111011010
1 110101 0.277161862528
0 10110100 0.722838137472

101111010
1 011110101 0.274319066148
0 11110100 0.725680933852

001111010
1 110101 0.278101582015
0 111110100 0.721898417985

101101001
1 11 0.246170678337
0 11010010 0.753829321663

110101001
1 11 0.256696428571
0 101010010 0.743303571429

1101001
1 11010011 0.252825449979
0 11010010 0.747174550021

01111010
1 011110101 0.276967930029
0 011110100 0.723032069971

011010101
1 01011 0.282633371169
0 110101010 0.717366628831

110001101
1 1011 0.29012345679
0 11010 0.70987654321

111100101
1 111001011 0.275510204082
0 11001010 0.724489795918

11100101
1 111001011 0.281575037147
0 111001010 0.718424962853

00111010
1 001110101 0.274240422721
0 001110100 0.725759577279

011011110
1 0111101 0.281690140845
0 101011100 0.718309859155

011000101
1 01011 0.267579908676
0 110001010 0.732420091324

111101001
1 11010011 0.259574468085
0 111010010 0.740425531915

011101001
1 010011 0.276315789474
0 111010010 0.723684210526

110101011
1 11 0.25198938992
0 10110 0.74801061008

111001101
1 011 0.287958115183
0 10011010 0.712041884817

01100101
1 011001011 0.289012003693
0 011001010 0.710987996307

11011110
1 110111101 0.265753424658
0 110111100 0.734246575342

11000011
1 110000111 0.27316403569
0 110 0.72683596431

00110101
1 001101011 0.268026830632
0 001101010 0.731973169368

11010101
1 110101011 0.293842556508
0 110101010 0.706157443492

11100110
1 111001101 0.265646731572
0 111001100 0.734353268428

1111100
1 11111001 0.272622699387
0 11111000 0.727377300613

00110110
1 001101101 0.288548003174
0 001101100 0.711451996826

10010110
1 100101101 0.257321580893
0 101100 0.742678419107

11101001
1 111010011 0.270622286541
0 111010010 0.729377713459

100111110
1 101 0.288747346072
0 111100 0.711252653928

110010110
1 101 0.24332977588
0 101100 0.75667022412

111100110
1 101 0.248421052632
0 111001100 0.751578947368

11111001
1 111110011 0.285513361463
0 111110010 0.714486638537

001101101
1 011011011 0.292392300642
0 1011010 0.707607699358

00101101
1 001011011 0.281757656458
0 01011010 0.718242343542

100101101
1 1011011 0.277348066298
0 011010 0.722651933702

1111010
1 11110101 0.280410742496
0 11110100 0.719589257504

11111010
1 11110101 0.287637698898
0 111110100 0.712362301102

111100011
1 111000111 0.276442307692
0 111000110 0.723557692308

11111100
1 111111001 0.282485875706
0 11111000 0.717514124294

101011001
1 0110011 0.270615563298
0 010110010 0.729384436702

00010011
1 000100111 0.258610375182
0 000100110 0.741389624818

000001101
1 011011 0.255386500562
0 000011010 0.744613499438

0001101
1 00011011 0.261467292155
0 000011010 0.738532707845

00001101
1 000011011 0.258562069823
0 000011010 0.741437930177

001000011
1 00111 0.254053395099
0 0110 0.745946604901

00101001
1 01010011 0.24225652976
0 001010010 0.75774347024

0101001
1 01010011 0.244775009297
0 01010010 0.755224990703

000101001
1 1010011 0.242954324587
0 001010010 0.757045675413

101001
1 1010011 0.246885803655
0 1010010 0.753114196345

100101
1 1001011 0.265538245917
0 1001010 0.734461754083

011111001
1 11110011 0.288503253796
0 110010 0.711496746204

10011010
1 100110101 0.264609908039
0 110100 0.735390091961

11010
1 110101 0.256117396176
0 110100 0.743882603824

110100110
1 1001101 0.250867052023
0 101001100 0.749132947977

100110
1 1001101 0.24790882476
0 1001100 0.75209117524

01101001
1 011010011 0.245583038869
0 1010010 0.754416961131

111001001
1 10011 0.258451472192
0 110010010 0.741548527808

101011100
1 101111001 0.271153846154
0 111000 0.728846153846

10111100
1 101111001 0.267058823529
0 101111000 0.732941176471

00100101
1 001001011 0.254949121184
0 1001010 0.745050878816

101
1 1011 0.246599416318
0 1010 0.753400583682

000010101
1 1011 0.250623847239
0 00101010 0.749376152761

100111010
1 01110101 0.278670953912
0 110100 0.721329046088

0111010
1 01110101 0.273816314889
0 01110100 0.726183685111

01011100
1 010111001 0.256646216769
0 110111000 0.743353783231

11011100
1 110111001 0.283601286174
0 110111000 0.716398713826

00011001
1 000110011 0.240100791937
0 00110010 0.759899208063

0011001
1 00110011 0.244899380266
0 00110010 0.755100619734

011001
1 0110011 0.252347113439
0 0110010 0.747652886561

010011001
1 00110011 0.268032437047
0 0110010 0.731967562953

10011001
1 100110011 0.261311172669
0 0110010 0.738688827331

10000011
1 100000111 0.24442319949
0 100000110 0.75557680051

0100101
1 01001011 0.25852679851
0 01001010 0.74147320149

010000011
1 101000111 0.242456466835
0 100000110 0.757543533165

110100101
1 001011 0.27809307605
0 101001010 0.72190692395

10100101
1 101001011 0.270820089002
0 101001010 0.729179910998

100100101
1 001011 0.273515981735
0 01001010 0.726484018265

100100110
1 1001101 0.24674196351
0 1100 0.75325803649

110
1 1101 0.239634627207
0 1100 0.760365372793

01000101
1 010001011 0.24254473161
0 10001010 0.75745526839

10000101
1 100001011 0.240566037736
0 100001010 0.759433962264

001000101
1 01011 0.239939637827
0 01010 0.760060362173

1000101
1 10001011 0.248177423068
0 10001010 0.751822576932

1000110
1 10001101 0.240178180225
0 110001100 0.759821819775

001101010
1 10101 0.245895379916
0 011010100 0.754104620084

110110001
1 11 0.284940411701
0 101100010 0.715059588299

0100110
1 1001101 0.242464694724
0 01001100 0.757535305276

011110001
1 11 0.278370514064
0 111100010 0.721629485936

0011100
1 00111001 0.241617357002
0 100111000 0.758382642998

00011100
1 0111001 0.239563648858
0 100111000 0.760436351142

011100
1 0111001 0.247618126421
0 0111000 0.752381873579

111011100
1 101111001 0.261363636364
0 0111000 0.738636363636

11001010
1 110010101 0.26426609704
0 110010100 0.73573390296

011001010
1 110010101 0.258441558442
0 10010100 0.741558441558

010100101
1 1011 0.267991169978
0 101001010 0.732008830022

110000101
1 1011 0.251246261216
0 01010 0.748753738784

111110001
1 1100011 0.277419354839
0 1100010 0.722580645161

0110001
1 01100011 0.243190094683
0 01100010 0.756809905317

01101100
1 1011001 0.257911392405
0 11011000 0.742088607595

1101100
1 11011001 0.25726369989
0 11011000 0.74273630011

100101001
1 011 0.239477503628
0 1010010 0.760522496372

101001001
1 011 0.255011655012
0 110010010 0.744988344988

001101100
1 11001 0.25687732342
0 11011000 0.74312267658

010111100
1 11001 0.272336769759
0 111000 0.727663230241

011101100
1 110011001 0.258178603006
0 111011000 0.741821396994

101100
1 1011001 0.24195611532
0 101011000 0.75804388468

001110001
1 011 0.245976062732
0 1100010 0.754023937268

101010
1 1010101 0.241552914309
0 101010100 0.758447085691

010101100
1 11001 0.246617703904
0 101011000 0.753382296096

111001010
1 0010101 0.278179937952
0 110010100 0.721820062048

111001100
1 110011001 0.264204545455
0 110011000 0.735795454545

100101010
1 001010101 0.253842775582
0 110010100 0.746157224418

111100001
1 1000011 0.247855100095
0 111000010 0.752144899905

010110
1 0101101 0.256195043965
0 0101100 0.743804956035

011010
1 0110101 0.248339706178
0 0110100 0.751660293822

011110010
1 1100101 0.245856353591
0 11100100 0.754143646409

01110010
1 011100101 0.257559395248
0 11100100 0.742440604752

1110010
1 11100101 0.254058135145
0 11100100 0.745941864855

111101010
1 11010101 0.28901734104
0 11010100 0.71098265896

0011010
1 00110101 0.243302053584
0 0110100 0.756697946416

0010110
1 00101101 0.2492036103
0 00101100 0.7507963897

01110001
1 011100011 0.257108650105
0 1100010 0.742891349895

100010110
1 01101 0.261096605744
0 000101100 0.738903394256

11000110
1 110001101 0.244417622209
0 110001100 0.755582377791

10110100
1 101101001 0.239769150052
0 1101000 0.760230849948

01101010
1 011010101 0.247402415052
0 011010100 0.752597584948

10110001
1 10100011 0.256607252612
0 101100010 0.743392747388

011000110
1 110001101 0.242994562944
0 01100 0.757005437056

11110010
1 111100101 0.245922208281
0 111100100 0.754077791719

101010001
1 10100011 0.244860666971
0 10100010 0.755139333029

11110100
1 111101001 0.257958287596
0 111101000 0.742041712404

001110100
1 11101001 0.240262104114
0 1101000 0.759737895886

111110100
1 11101001 0.27147766323
0 111101000 0.72852233677

00010110
1 00101101 0.246731884685
0 000101100 0.753268115315

1110001
1 111100011 0.263593136241
0 1100010 0.736406863759

11110001
1 111100011 0.27807486631
0 111100010 0.72192513369

101110010
1 100101 0.262404580153
0 11100100 0.737595419847

01111100
1 011111001 0.267556587348
0 011111000 0.732443412652

10101100
1 101011001 0.240839160839
0 101011000 0.759160839161

111000110
1 101 0.248104008667
0 1100 0.751895991333

110110100
1 101001 0.264601769912
0 1101000 0.735398230088

011110100
1 101001 0.251612903226
0 111101000 0.748387096774

110101010
1 101 0.256070640177
0 101010100 0.743929359823

011001100
1 0011001 0.246075353218
0 110011000 0.753924646782

11010010
1 110100101 0.246778711485
0 110100100 0.753221288515

101010010
1 10100101 0.241276595745
0 110100100 0.758723404255

001111000
1 011110001 0.240192926045
0 11110000 0.759807073955

11111000
1 111110001 0.24512387981
0 11110000 0.75487612019

1111000
1 11110001 0.239245162322
0 11110000 0.760754837678

111110011
1 11 0.270935960591
0 10 0.729064039409

110001010
1 00010101 0.251722553973
0 100010100 0.748277446027

110010001
1 0100011 0.249886415266
0 100100010 0.750113584734

111010010
1 110100101 0.274801587302
0 0100100 0.725198412698

11011011
1 110110111 0.281899109792
0 110110110 0.718100890208

111011011
1 10110111 0.259803921569
0 110110110 0.740196078431

011011011
1 110110111 0.291489361702
0 110110 0.708510638298

001011011
1 10110111 0.282608695652
0 110110 0.717391304348

1011011
1 10110111 0.278317152104
0 10110110 0.721682847896

111111110
1 111111101 0.272727272727
0 1111100 0.727272727273

11110101
1 111101011 0.269014084507
0 111101010 0.730985915493

111000111
1 110001111 0.258522727273
0 110001110 0.741477272727

111111001
1 0011 0.28
0 1110010 0.72

111111010
1 0101 0.294326241135
0 110100 0.705673758865

101111100
1 1001 0.253384912959
0 011111000 0.746615087041

111101100
1 1001 0.250485436893
0 11011000 0.749514563107

111010100
1 1001 0.241289198606
0 110101000 0.758710801394

111110010
1 1 0.246062992126
0 111100100 0.753937007874

000110110
1 101101 0.292665726375
0 001101100 0.707334273625

10110
1 101101 0.265121660219
0 101100 0.734878339781

101010110
1 101101 0.278021978022
0 010101100 0.721978021978

011011111
1 10111111 0.360995850622
0 11110 0.639004149378

1011111
1 10111111 0.357570573139
0 10111110 0.642429426861

001111111
1 11111111 0.37987012987
0 1111110 0.62012987013

01111111
1 110100011 0.366666666667
0 1111110 0.633333333333

110110111
1 1101111 0.378947368421
0 01101110 0.621052631579

1111111
1 11111111 0.357142857143
0 11111110 0.642857142857

100011111
1 111111 0.377358490566
0 11110 0.622641509434

01011111
1 010111111 0.360049321825
0 010111110 0.639950678175

011001111
1 0011111 0.360995850622
0 1110 0.639004149378

111111101
1 11111011 0.377777777778
0 111111010 0.622222222222

011110111
1 111 0.361111111111
0 111101110 0.638888888889

111101011
1 11010111 0.376963350785
0 11010110 0.623036649215

100111011
1 110111 0.356984478936
0 110 0.643015521064

10110111
1 101101111 0.360465116279
0 101101110 0.639534883721

11110111
1 111101111 0.354354354354
0 111101110 0.645645645646

101011111
1 11 0.356164383562
0 010111110 0.643835616438

100111111
1 001111111 0.372549019608
0 001111110 0.627450980392

110001111
1 100011111 0.359173126615
0 110101110 0.640826873385

010011111
1 100111111 0.359504132231
0 100111110 0.640495867769

110111010
1 101110101 0.228235294118
0 110100 0.771764705882

010110010
1 101100101 0.237704918033
0 111100100 0.762295081967

10110010
1 101100101 0.236414565826
0 101100100 0.763585434174

110110010
1 101100101 0.233134920635
0 100100 0.766865079365

0011
1 00111 0.238630782831
0 00110 0.761369217169

000011001
1 10011 0.236090898914
0 00110010 0.763909101086

1001001
1 10010011 0.238863056847
0 110010010 0.761136943153

01001001
1 010010011 0.233537670556
0 110010010 0.766462329444

100000011
1 00111 0.231762146483
0 000110 0.768237853517

000011
1 0000111 0.220753666714
0 0000110 0.779246333286

00011
1 101000111 0.228979276666
0 000110 0.771020723334

010000101
1 11 0.237639989074
0 100001010 0.762360010926

0101
1 01011 0.234774718766
0 01010 0.765225281234

00101
1 001011 0.22499919065
0 001010 0.77500080935

100000101
1 0001011 0.229747482119
0 0001010 0.770252517881

01000110
1 1101 0.238824662813
0 110001100 0.761175337187

000100110
1 1001101 0.23492795389
0 001001100 0.76507204611

1001
1 10011 0.225817514618
0 10010 0.774182485382

001001001
1 10010011 0.227757560547
0 10010 0.772242439453

000011100
1 0111001 0.235139573071
0 100111000 0.764860426929

101100001
1 11 0.231696428571
0 011000010 0.768303571429

00110
1 001101 0.215979702853
0 001100 0.784020297147

01100001
1 110000011 0.21856349043
0 011000010 0.78143650957

1010
1 10101 0.221993920051
0 110010100 0.778006079949

1001010
1 010010101 0.232733944954
0 10010100 0.767266055046

01001
1 010011 0.215463103958
0 010010 0.784536896042

00110001
1 1100011 0.239022527682
0 001100010 0.760977472318

0101100
1 01011001 0.236364857603
0 101011000 0.763635142397

110101100
1 1011001 0.225708502024
0 101011000 0.774291497976

10000110
1 100001101 0.234211886305
0 100001100 0.765788113695

010101010
1 010101 0.231439236831
0 101010100 0.768560763169

0101010
1 001010101 0.238132240746
0 101010100 0.761867759254

10101010
1 1010101 0.23816701839
0 101010100 0.76183298161

00101010
1 001010101 0.238121597933
0 001010100 0.761878402067

010001001
1 100010011 0.223726541555
0 10010 0.776273458445

10001001
1 100010011 0.225506580322
0 100010010 0.774493419678

110001001
1 011 0.23178807947
0 100010010 0.76821192053

00101100
1 001011001 0.234950941395
0 001011000 0.765049058605

001010001
1 0100011 0.226064178127
0 10100010 0.773935821873

000011010
1 000110101 0.231517727324
0 0110100 0.768482272676

110100
1 1101001 0.232155871921
0 1101000 0.767844128079

0110
1 01101 0.227242970906
0 01100 0.772757029094

110010
1 1100101 0.233106737013
0 111100100 0.766893262987

00110010
1 001100101 0.221781630395
0 111100100 0.778218369605

1010001
1 10100011 0.233948113569
0 10100010 0.766051886431

11100001
1 111000011 0.237736984652
0 111000010 0.762263015348

11010100
1 110101001 0.234064785789
0 110101000 0.765935214211

101110100
1 011101001 0.235074626866
0 111101000 0.764925373134

0110010
1 01100101 0.225405855418
0 111100100 0.774594144582

1100001
1 11000011 0.223449122
0 111000010 0.776550878

01110100
1 011101001 0.238805970149
0 011101000 0.761194029851

010000110
1 0001101 0.231573375678
0 100001100 0.768426624322

0110100
1 01101001 0.227309236948
0 1101000 0.772690763052

001000110
1 0001101 0.234876316434
0 01100 0.765123683566

001010010
1 100101 0.217580727832
0 110100100 0.782419272168

101001100
1 010011001 0.227706345915
0 110011000 0.772293654085

1001100
1 10011001 0.225844571111
0 110011000 0.774155428889

11100100
1 111001001 0.232034412955
0 111001000 0.767965587045

1010010
1 10100101 0.229233459633
0 110100100 0.770766540367

01111000
1 011110001 0.23668503214
0 11110000 0.76331496786

01010010
1 010100101 0.223064802048
0 110100100 0.776935197952

011111000
1 11110001 0.237717908082
0 11110000 0.762282091918

110010010
1 100100101 0.230705047977
0 100100100 0.769294952023

110111000
1 111110001 0.236086175943
0 101110000 0.763913824057

11011000
1 110110001 0.228521911364
0 110110000 0.771478088636

111000
1 1110001 0.221779000459
0 101110000 0.778220999541

101111000
1 11110001 0.227929373997
0 101110000 0.772070626003

111011000
1 10110001 0.236734693878
0 110110000 0.763265306122

0000011
1 00000111 0.212160434145
0 00000110 0.787839565855

00000011
1 000000111 0.206609153385
0 00000110 0.793390846615

00000101
1 000001011 0.201827772089
0 00001010 0.798172227911

0000101
1 00001011 0.207743308505
0 00001010 0.792256691495

010010001
1 11 0.217493762129
0 100100010 0.782506237871

10010001
1 100100011 0.225066383431
0 100100010 0.774933616569

110100001
1 11 0.226380648106
0 1000010 0.773619351894

101001010
1 010010101 0.236704446382
0 0010100 0.763295553618

10001
1 100011 0.212332053743
0 100100010 0.787667946257

01001010
1 010010101 0.22274835717
0 010010100 0.77725164283

1100010
1 11000101 0.212929119186
0 111000100 0.787070880814

111000001
1 11 0.221001757469
0 110000010 0.778998242531

11000001
1 110000011 0.202354200107
0 110000010 0.797645799893

000101100
1 01011001 0.229283990346
0 11000 0.770716009654

001001
1 0010011 0.207481950213
0 0010010 0.792518049787

01010
1 010101 0.211628826139
0 010100 0.788371173861

10001010
1 100010101 0.228028988466
0 100010100 0.771971011534

001010
1 0010101 0.203600818748
0 0010100 0.796399181252

0001010
1 00010101 0.196779626065
0 00010100 0.803220373935

100001010
1 00010101 0.214568040655
0 010100 0.785431959345

1100
1 11001 0.21776235198
0 11000 0.78223764802

100001100
1 11001 0.204885949521
0 011000 0.795114050479

100100001
1 01000011 0.200170357751
0 1000010 0.799829642249

010001
1 0100011 0.202592769826
0 0100010 0.797407230174

100010001
1 0100011 0.216795451232
0 100100010 0.783204548768

100001
1 1000011 0.196613978575
0 1000010 0.803386021425

110001100
1 11001 0.211261980831
0 100011000 0.788738019169

011000001
1 011 0.196350261706
0 110000010 0.803649738294

1101000
1 11010001 0.205214199835
0 11010000 0.794785800165

111101000
1 11010001 0.227071005917
0 111010000 0.772928994083

101010100
1 10101001 0.225168183617
0 10101000 0.774831816383

011010100
1 110101001 0.230970149254
0 10101000 0.769029850746

01100010
1 011000101 0.210759310942
0 011000100 0.789240689058

101100010
1 011000101 0.221992558909
0 111000100 0.778007441091

0001001
1 00010011 0.20031842772
0 00010010 0.79968157228

000110
1 0001101 0.207714169712
0 0001100 0.792285830288

100000110
1 00001101 0.225643188528
0 0001100 0.774356811472

001010100
1 0101001 0.203560184064
0 10101000 0.796439815936

01001100
1 010011001 0.217306622148
0 11000 0.782693377852

01100
1 011001 0.20673644026
0 011000 0.79326355974

001001100
1 010011001 0.214311312866
0 011000 0.785688687134

111100100
1 111001001 0.234608985025
0 11001000 0.765391014975

0000110
1 00001101 0.20032892551
0 00001100 0.79967107449

10010
1 100101 0.205446531408
0 100100 0.794553468592

100010010
1 00100101 0.208496291301
0 100100 0.791503708699

111100010
1 101 0.225925925926
0 111000100 0.774074074074

001100010
1 1000101 0.207350727546
0 011000100 0.792649272454

100111000
1 001110001 0.217002237136
0 01110000 0.782997762864

0111000
1 01110001 0.214758629556
0 01110000 0.785241370444

101011000
1 10110001 0.231024318349
0 10110000 0.768975681651

110010100
1 101001 0.209871422646
0 100101000 0.790128577354

001100
1 0011001 0.19692025011
0 0011000 0.80307974989

011000010
1 101 0.198446141691
0 110000100 0.801553858309

010010
1 0100101 0.197721863312
0 0100100 0.802278136688

101000001
1 010000011 0.197238372093
0 10000010 0.802761627907

10100010
1 1000101 0.210589410589
0 101000100 0.789410589411

110011000
1 111110001 0.218309859155
0 100110000 0.781690140845

001011000
1 0110001 0.196880415945
0 100110000 0.803119584055

111000010
1 110000101 0.196999605211
0 110000100 0.803000394789

10010100
1 100101001 0.19772335948
0 100101000 0.80227664052

110100100
1 101001001 0.200074377092
0 101001000 0.799925622908

11110000
1 111100001 0.220517132647
0 111100000 0.779482867353

110101000
1 101010001 0.197135061392
0 11010000 0.802864938608

111001000
1 110010001 0.200329489292
0 110010000 0.799670510708

101100100
1 1001001 0.203228173147
0 11001000 0.796771826853

100100100
1 01001001 0.196632742807
0 1001000 0.803367257193

110100010
1 00101 0.224673202614
0 101000100 0.775326797386

101110000
1 11100001 0.202963917526
0 111100000 0.797036082474

011101000
1 1010001 0.212934296526
0 111010000 0.787065703474

110110000
1 1100001 0.196726572529
0 101100000 0.803273427471

111011110
1 1 0.231759656652
0 10111100 0.768240343348

1
1 11 0.188935785348
0 10 0.811064214652

0010001
1 00100011 0.195262461087
0 00100010 0.804737538913

000010001
1 000100011 0.18445229682
0 10 0.81554770318

00010001
1 000100011 0.189225241507
0 000100010 0.810774758493

0100001
1 01000011 0.190097571875
0 01000010 0.809902428125

00001001
1 00010011 0.195380646218
0 00010010 0.804619353782

00001010
1 000010101 0.190453559252
0 0010100 0.809546440748

00000110
1 000001101 0.193840185269
0 00001100 0.806159814731

00100001
1 001000011 0.185052337123
0 001000010 0.814947662877

0010100
1 00101001 0.180068187779
0 00101000 0.819931812221

00010100
1 000101001 0.176119466849
0 00101000 0.823880533151

010100
1 0101001 0.187235405526
0 100101000 0.812764594474

100010100
1 101001 0.192780642602
0 100101000 0.807219357398

00010010
1 100101 0.184538973689
0 000100100 0.815461026311

0010010
1 00100101 0.190116074569
0 00100100 0.809883925431

0001100
1 00011001 0.189812442349
0 0011000 0.810187557651

1000001
1 10000011 0.182106586711
0 10000010 0.817893413289

01000001
1 010000011 0.177638724911
0 10000010 0.822361275089

0100010
1 01000101 0.182942353155
0 01000100 0.817057646845

00100010
1 001000101 0.176789684304
0 1000100 0.823210315696

100100010
1 1000101 0.194216008772
0 1000100 0.805783991228

11000
1 111110001 0.193840371666
0 100110000 0.806159628334

011000
1 0110001 0.185603244339
0 0110000 0.814396755661

1000010
1 10000101 0.17395844989
0 10000100 0.82604155011

10101000
1 101010001 0.1908956135
0 11010000 0.8091043865

11001000
1 110010001 0.185004623014
0 110010000 0.814995376986

01
1 011 0.171028191227
0 010 0.828971808773

10
1 101 0.167395032949
0 100 0.832604967051

110000001
1 100000011 0.193782684486
0 10 0.806217315514

00001100
1 000011001 0.185574506097
0 0011000 0.814425493903

100100
1 1001001 0.18585267266
0 1001000 0.81414732734

000100010
1 0101 0.173415773272
0 1000100 0.826584226728

010010100
1 1001 0.19408181027
0 100101000 0.80591818973

100011000
1 00110001 0.189399465111
0 100110000 0.810600534889

011000100
1 10001001 0.191683940983
0 110001000 0.808316059017

111000100
1 110001001 0.194893923049
0 110001000 0.805106076951

01110000
1 11100001 0.186149312377
0 111100000 0.813850687623

10110000
1 101100001 0.184301464538
0 101100000 0.815698535462

001
1 0011 0.155834614183
0 0010 0.844165385817

0100100
1 01001001 0.178604224059
0 01001000 0.821395775941

0011000
1 00110001 0.178872061058
0 00110000 0.821127938942

10000001
1 100000011 0.16946028313
0 100000010 0.83053971687

100000001
1 000011 0.156508583426
0 0010 0.843491416574

001000010
1 010000101 0.164567474048
0 100 0.835432525952

01000010
1 010000101 0.168341188642
0 010000100 0.831658811358

110000010
1 100000101 0.18030587604
0 100 0.81969412396

000100100
1 1001 0.168123703762
0 01001000 0.831876296238

00100100
1 001001001 0.173051031488
0 01001000 0.826948968512

10000010
1 100000101 0.1620349566
0 100000100 0.8379650434

101000100
1 01001 0.189066059226
0 10001000 0.810933940774

0110000
1 01100001 0.161307992365
0 001100000 0.838692007635

00101000
1 001010001 0.162807062436
0 1010000 0.837192937564

01000100
1 010001001 0.166036056087
0 10001000 0.833963943913

1000100
1 10001001 0.171233366719
0 10001000 0.828766633281

100101000
1 1010001 0.177775128175
0 1010000 0.822224871825

100110000
1 1100001 0.171633430428
0 1100000 0.828366569572

10000100
1 01001 0.15670293945
0 100001000 0.84329706055

1001000
1 10010001 0.161185393162
0 010010000 0.838814606838

101001000
1 10001 0.1819044231
0 010010000 0.8180955769

11010000
1 110100001 0.174442675159
0 110100000 0.825557324841

110000100
1 0001001 0.175347863564
0 100001000 0.824652136436

111100000
1 111000001 0.178532901834
0 111000000 0.821467098166

110001000
1 100010001 0.166102841678
0 100010000 0.833897158322

110010000
1 100100001 0.157487623762
0 100100000 0.842512376238

111010000
1 1 0.179117911791
0 110100000 0.820882088209

101100000
1 1 0.158059310067
0 111000000 0.841940689933

00110000
1 1100001 0.155496870516
0 001100000 0.844503129484

0001
1 00011 0.143603590914
0 00010 0.856396409086

010
1 0101 0.152491019314
0 0100 0.847508980686

100000010
1 00101 0.152428017637
0 0100 0.847571982363

100
1 1001 0.148770703521
0 1000 0.851229296479

010000100
1 01001 0.152517070743
0 100001000 0.847482929257

00001
1 000011 0.133228588724
0 000010 0.866771411276

0010
1 00101 0.140019914991
0 00100 0.859980085009

01001000
1 010010001 0.155093090252
0 010010000 0.844906909748

1010000
1 110100001 0.153455866708
0 110100000 0.846544133292

100000100
1 001001 0.141772509173
0 1000 0.858227490827

1100000
1 11000001 0.145612914284
0 111000000 0.854387085716

10001000
1 100010001 0.148021062627
0 100010000 0.851978937373

001100000
1 011000001 0.135473863049
0 011000000 0.864526136951

010010000
1 100100001 0.140381679389
0 100100000 0.859618320611

00010
1 100000101 0.129682931566
0 000100 0.870317068434

0100
1 01001 0.136000362793
0 01000 0.863999637207

000001
1 0000011 0.124982946063
0 0000010 0.875017053937

1000
1 10001 0.131157366963
0 10000 0.868842633037

100001000
1 010001 0.13682970578
0 10000 0.86317029422

000010
1 0000101 0.121544289995
0 0000100 0.878455710005

00100
1 001001 0.126059042847
0 001000 0.873940957153

110100000
1 101000001 0.14996624554
0 101000000 0.85003375446

011000000
1 1 0.12131253164
0 110000000 0.87868746836

100010000
1 0100001 0.1315636161
0 100000 0.8684363839

111000000
1 110000001 0.141726745208
0 110000000 0.858273254792

100100000
1 1 0.121615179252
0 1000000 0.878384820748

0000001
1 00000011 0.118582609242
0 00000010 0.881417390758

00000010
1 00000101 0.110423413521
0 000000100 0.889576586479

0000010
1 00000101 0.115284039274
0 0000100 0.884715960726

01000
1 010001 0.120652733018
0 010000 0.879347266982

000100
1 0001001 0.117434424137
0 0001000 0.882565575863

10000
1 100001 0.115112715432
0 100000 0.884887284568

000000100
1 1 0.101928047213
0 00001000 0.898071952787

001000
1 0010001 0.112372336148
0 0010000 0.887627663852

0000100
1 00001001 0.110621102678
0 00001000 0.889378897322

010000
1 0100001 0.106851304702
0 0100000 0.893148695298

0010000
1 00100001 0.100401806544
0 0100000 0.899598193456

00001000
1 000010001 0.100903856096
0 00010000 0.899096143904

0001000
1 00010001 0.105877368226
0 00010000 0.894122631774

101000000
1 1 0.116428428071
0 10000000 0.883571571929

0100000
1 01000001 0.0943415140532
0 01000000 0.905658485947

110000000
1 01 0.106636356052
0 100000000 0.893363643948

00010000
1 00100001 0.0949886627092
0 000100000 0.905011337291

100000
1 1000001 0.100754661085
0 1000000 0.899245338915

010111011
1 110111 0.294623655914
0 101110110 0.705376344086

101101
1 1011011 0.294967953089
0 1011010 0.705032046911

011011100
1 11001 0.295034079844
0 110111000 0.704965920156

01000000
1 10000001 0.0831482397042
0 010000000 0.916851760296

010000000
1 001 0.0731729564557
0 100000000 0.926827043544

10000000
1 100000001 0.0769868907403
0 100000000 0.92301310926

100000000
1 001 0.0672946920864
0 e 0.932705307914

000100000
1 01 0.0854892378373
0 01000000 0.914510762163

1000000
1 10000001 0.0881870376672
0 10000000 0.911812962333

e
1 1 0.023219
0 0 0.976781

0
1 01 0.0192797566701
0 00 0.980720222854

00
1 001 0.0163679924131
0 000 0.983631986709

000
1 0001 0.0141647637072
0 0000 0.985835215067

0000
1 00001 0.012483780664
0 00000 0.987516197806

00000
1 000001 0.0111863874207
0 000000 0.988813590777

000000
1 0000001 0.0101731072886
0 0000000 0.989826870662

0000000
1 0000001 0.00937130660711
0 00000000 0.990628671117

00000000
1 0000001 0.00873166616458
0 000000000 0.991268311349

000000000
1 0000001 0.00821580926717
0 000000000 0.991784168048

