0110
1 1101 0.726088562283
0 1100 0.273911437717

0111
1 1111 0.353956560418
0 1110 0.646043439582

0001
1 0011 0.296548740675
0 0010 0.703451259325

0011
1 0111 0.662616238978
0 0110 0.337383761022

0010
1 0101 0.432061280081
0 0100 0.567938719919

0101
1 1011 0.34044366769
0 1010 0.659555069523

0100
1 1001 0.494388080808
0 1000 0.505611919192

1111
1 1111 0.50464551053
0 1110 0.49535448947

1110
1 1101 0.784596621517
0 1100 0.215403378483

1100
1 1001 1.0
0 1000 0.0

1101
1 1011 0.326238742845
0 1010 0.673761257155

1010
1 0101 0.374464278844
0 0100 0.625535721156

1011
1 0111 0.505854260633
0 0110 0.494145739367

1001
1 0011 0.379528398457
0 0010 0.620471601543

1000
1 0001 1.0
0 0000 0.0

