00
1 001 0.499417481455
0 00 0.500582234943

00110
1 01101 0.49932584015
0 00 0.50067415985

0011
1 00111 0.499919257738
0 00110 0.500080742262

001
1 0011 0.200442367318
0 0010 0.799557632682

01101
1 011 0.199308402847
0 010 0.800691597153

00111
1 01111 0.201009866315
0 01110 0.798990133685

0010
1 00101 0.29997762792
0 00 0.70002237208

00101
1 01011 0.300651087909
0 0 0.699348912091

0
1 01101 0.4382250873
0 00 0.56177475338

011
1 00111 0.442793901609
0 00110 0.557206098391

01111
1 111 0.445455467984
0 0 0.554544532016

010
1 0101 0.337754518484
0 00 0.662245481516

1110
1 11101 0.357650743699
0 00 0.642349256301

1011
1 10111 0.363899224897
0 00110 0.636100775103

01110
1 111 0.335583679601
0 00 0.664416320399

01011
1 111 0.340835506219
0 00110 0.659164493781

0101
1 01011 0.271939039257
0 0 0.728060960743

11101
1 1011 0.259437192604
0 1010 0.740562807396

10111
1 1111 0.254351916564
0 0 0.745648083436

111
1 1111 0.260118781216
0 1110 0.739881218784

1111
1 111 0.375880086557
0 0 0.624119913443

1010
1 10101 0.410218124897
0 00 0.589781875103

10101
1 011 0.231664629772
0 1110 0.768335370228

