1110111
1 1111 0.50122198749
0 1101110 0.49877801251

1111011
1 1110111 0.505004253163
0 11110 0.494995746837

1111
1 1111 0.50464551053
0 11110 0.49535448947

1000100
1 0001001 0.516147449985
0 101000 0.483852550015

0001001
1 1111011 0.513063403157
0 1010010 0.486936596843

10
1 1011101 0.523137399048
0 100 0.476862600952

11
1 111 0.499427975161
0 110 0.500572024839

e
1 1 0.5000001
0 0 0.4999999

1100100
1 1001001 0.505415374189
0 101000 0.494584625811

0110100
1 1101001 0.502870418694
0 101000 0.497129581306

10100
1 101001 0.482936182121
0 101000 0.517063817879

0100010
1 0100101 0.473973379861
0 1000100 0.526026620139

1101110
1 1011101 0.75215124479
0 111100 0.24784875521

110
1 1101 0.76013497128
0 111100 0.23986502872

11110
1 111101 0.753169301744
0 111100 0.246830698256

1011101
1 1111011 0.353050473701
0 1010 0.646949526299

1101
1 1111011 0.326238742845
0 11010 0.673761257155

1101101
1 1111011 0.352057021652
0 1011010 0.647942978348

111101
1 1111011 0.352542956861
0 1111010 0.647457043139

0111
1 1111 0.353956560418
0 01110 0.646043439582

1010
1 111101 0.374464278844
0 10100 0.625535721156

11010
1 111101 0.363728428991
0 1110100 0.636271571009

1110010
1 1100101 0.373230149643
0 1100100 0.626769850357

1001
1 1010011 0.379528398457
0 10010 0.620471601543

001
1 0011 0.344723449865
0 0010 0.655276550135

01
1 011 0.338826225831
0 1111010 0.661173438793

111100
1 1111001 1.0

0100011
1 1000111 1.0

101000
1 1010001 1.0

1100101
1 1111011 0.392243561616
0 e 0.607756438384

1
1 11 0.403653719269
0 10 0.596346080731

111
1 1111 0.41675727693
0 1110 0.58324272307

10010
1 111101 0.397731310646
0 1100100 0.602268689354

1011010
1 111101 0.398251955155
0 0110100 0.601748044845

1111010
1 111101 0.398703116069
0 10100 0.601296883931

1010010
1 0100101 0.428932247269
0 1100100 0.571067752731

1111001
0 1110010 1.0

1000111
0 0001110 1.0

1001001
1 1111011 0.536850721546
0 1010010 0.463149278454

1101001
1 1 0.552536750358
0 1010010 0.447463249642

101001
1 1010011 0.546207651874
0 1010010 0.453792348126

1010011
1 1110111 0.454237584519
0 0100110 0.545762415481

0010
1 1011101 0.432061280081
0 1000100 0.567938719919

1110100
1 1101001 0.446723473418
0 101000 0.553276526582

0100101
1 1111011 0.315945764719
0 1010 0.684054235281

11101
1 1111011 0.306571969943
0 11010 0.693428030057

011101
1 1111011 0.282913294038
0 0111010 0.717086705962

0111010
1 111101 0.315842255172
0 1110100 0.684157744828

1010001
1 0100011 0.292807674352
0 0100010 0.707192325648

0100110
1 1101101 0.685813630042
0 111100 0.314186369958

00
1 001 0.704503418031
0 101000 0.295496581969

0011
1 00111 0.662616238978
0 0100110 0.337383761022

011
1 0111 0.58190973078
0 11110 0.41809026922

100
1 1001 0.580560470815
0 101000 0.419439529185

0
1 01 0.596346519269
0 00 0.403653480731

0001110
1 0011101 0.85777936096
0 111100 0.14222063904

0011101
1 1111011 0.249653890465
0 0111010 0.750346109535

00111
1 1111 0.231858712252
0 001110 0.768141287748

1110
1 11101 0.784596621517
0 111100 0.215403378483

01110
1 011101 0.801815132423
0 111100 0.198184867577

001110
1 0011101 0.828050344717
0 111100 0.171949655283

