001101101
1 011011011 1.0
0 011011010 0.0

001101100
1 011011001 0.0112016293279
0 011011000 0.988798370672

011000011
1 110000111 0.0122767857143
0 110000110 0.987723214286

001100111
1 011001111 1.0
0 011001110 0.0

001100110
1 011001101 0.0130718954248
0 011001100 0.986928104575

101100011
1 011000111 0.0
0 011000110 1.0

111100001
1 111000011 1.0
0 111000010 0.0

111100000
1 111000001 0.00945378151261
0 111000000 0.990546218487

001111011
1 011110111 0.0
0 011110110 1.0

011011001
1 110110011 1.0
0 110110010 0.0

011011000
1 110110001 0.0112244897959
0 110110000 0.988775510204

001101111
1 011011111 0.0
0 011011110 1.0

110000111
1 100001111 1.0
0 100001110 0.0

110000110
1 100001101 0.00557413600892
0 100001100 0.994425863991

111000110
1 110001101 0.0
0 110001100 1.0

000110001
1 001100011 1.0
0 001100010 0.0

000110000
1 001100001 0.00944711668378
0 001100000 0.990552883316

101100000
1 011000001 0.00621118012422
0 011000000 0.993788819876

101100001
1 011000011 1.0
0 011000010 0.0

000011111
1 000111111 1.0
0 000111110 0.0

000011110
1 000111101 0.00829015544041
0 000111100 0.99170984456

111100011
1 111000111 0.0
0 111000110 1.0

101111000
1 011110001 0.0
0 011110000 1.0

111111000
1 111110001 0.111111111111
0 111110000 0.888888888889

011011011
1 110110111 0.0
0 110110110 1.0

100001111
1 000011111 0.0909090909091
0 000011110 0.909090909091

001111110
1 011111101 0.0
0 011111100 1.0

011111100
1 111111001 0.0
0 111111000 1.0

111001100
1 110011001 0.0
0 110011000 1.0

001111001
1 011110011 1.0
0 011110010 0.0

000110011
1 001100111 0.00656455142232
0 001100110 0.993435448578

110110001
1 101100011 1.0
0 101100010 0.0

110110000
1 101100001 0.0112589559877
0 101100000 0.988741044012

100000110
1 000001101 0.00645855758881
0 000001100 0.993541442411

100000111
1 000001111 1.0
0 000001110 0.0

110011110
1 100111101 0.0
0 100111100 1.0

110001101
1 100011011 1.0
0 100011010 0.0

110001100
1 100011001 0.010183299389
0 100011000 0.989816700611

100001100
1 000011001 0.00784753363229
0 000011000 0.992152466368

100001101
1 000011011 1.0
0 000011010 0.0

100111100
1 001111001 0.0
0 001111000 1.0

100011110
1 000111101 0.0
0 000111100 1.0

100110011
1 001100111 0.0
0 001100110 1.0

001111000
1 011110001 0.012474012474
0 011110000 0.987525987526

001100001
1 011000011 1.0
0 011000010 0.0

001100000
1 011000001 0.0100389020964
0 011000000 0.989961097904

110110011
1 101100111 0.0
0 101100110 1.0

000001101
1 000011011 1.0
0 000011010 0.0

000001100
1 000011001 0.00969520103761
0 000011000 0.990304798962

110001111
1 100011111 0.0
0 100011110 1.0

000000111
1 000001111 1.0
0 000001110 0.0

000000110
1 000001101 0.0104682064689
0 000001100 0.989531793531

011000111
1 110001111 1.0
0 110001110 0.0

011000110
1 110001101 0.00513347022587
0 110001100 0.994866529774

100110000
1 001100001 0.0120879120879
0 001100000 0.987912087912

100110001
1 001100011 1.0
0 001100010 0.0

110000001
1 100000011 1.0
0 100000010 0.0

110000000
1 100000001 0.0104227420992
0 100000000 0.989577257901

001100011
1 011000111 0.0112936344969
0 011000110 0.988706365503

111110000
1 111100001 0.0
0 111100000 1.0

111110001
1 111100011 1.0
0 111100010 0.0

101100110
1 011001101 0.0
0 011001100 1.0

000001111
1 000011111 0.00830737279335
0 000011110 0.991692627207

000011001
1 000110011 1.0
0 000110010 0.0

000011000
1 000110001 0.0103558611147
0 000110000 0.989644138885

101101100
1 011011001 0.0
0 011011000 1.0

110000011
1 100000111 0.0158898305085
0 100000110 0.984110169492

110111100
1 101111001 0.0
0 101111000 1.0

111000011
1 110000111 0.0
0 110000110 1.0

111101100
1 111011001 0.0
0 111011000 1.0

111100110
1 111001101 0.0
0 111001100 1.0

000011011
1 000110111 0.00510204081633
0 000110110 0.994897959184

011110001
1 111100011 1.0
0 111100010 0.0

011110000
1 111100001 0.0125523012552
0 111100000 0.987447698745

110011001
1 100110011 1.0
0 100110010 0.0

110011000
1 100110001 0.00979325353645
0 100110000 0.990206746464

011011110
1 110111101 0.0
0 110111100 1.0

011001101
1 110011011 1.0
0 110011010 0.0

011001100
1 110011001 0.0109051254089
0 110011000 0.989094874591

000111101
1 001111011 1.0
0 001111010 0.0

000111100
1 001111001 0.0123966942149
0 001111000 0.987603305785

000110111
1 001101111 1.0
0 001101110 0.0

000110110
1 001101101 0.00919305413687
0 001101100 0.990806945863

111000000
1 110000001 0.0137857900318
0 110000000 0.986214209968

111000001
1 110000011 1.0
0 110000010 0.0

111011000
1 110110001 0.0
0 110110000 1.0

100000011
1 000000111 0.00862068965517
0 000000110 0.991379310345

011110011
1 111100111 0.0
0 111100110 1.0

100011011
1 000110111 0.2
0 000110110 0.8

110011011
1 100110111 0.0
0 100110110 1.0

000000001
1 000000011 1.0
0 000000010 0.0

000000000
1 000000001 0.0100295472663
0 000000000 0.989970342136

011001111
1 110011111 0.0
0 110011110 1.0

100110110
1 001101101 0.0
0 001101100 1.0

011000001
1 110000011 1.0
0 110000010 0.0

011000000
1 110000001 0.00988430501993
0 110000000 0.99011569498

000111111
1 001111111 0.0
0 001111110 1.0

011110110
1 111101101 0.0
0 111101100 1.0

100000000
1 000000001 0.010215887014
0 000000000 0.989784112986

100000001
1 000000011 1.0
0 000000010 0.0

110110110
1 101101101 0.0
0 101101100 1.0

100011000
1 000110001 0.00720164609053
0 000110000 0.992798353909

100011001
1 000110011 1.0
0 000110010 0.0

000000011
1 000000111 0.0101527228739
0 000000110 0.989847277126

