001101101
1 011011011 0.355209347614
0 011011010 0.644790652386

001101100
1 011011001 1.0
0 011011000 0.0

101001110
1 010011101 0.752627281587
0 010011100 0.247372718413

010111001
1 101110011 0.0
0 101110010 1.0

101111010
1 011110101 0.397661002069
0 011110100 0.602338997931

101000100
1 010001001 0.516430218964
0 010001000 0.483569781036

101000101
1 010001011 0.299510002248
0 010001010 0.700489997752

100010111
1 000101111 0.501786178228
0 000101110 0.498213821772

100010110
1 000101101 0.755348384179
0 000101100 0.244651615821

010010100
1 100101001 0.508941517641
0 100101000 0.491058482359

110111110
1 101111101 0.757221500588
0 101111100 0.242778499412

110111111
1 101111111 0.502827637079
0 101111110 0.497172362921

110101001
1 101010011 0.530413023153
0 101010010 0.469586976847

110101000
1 101010001 1.0
0 101010000 0.0

110110100
1 101101001 0.504311059526
0 101101000 0.495688940474

110110101
1 101101011 0.350894010753
0 101101010 0.649105989247

101110100
1 011101001 0.502004034265
0 011101000 0.497995965735

001001111
1 010011111 0.503678343048
0 010011110 0.496321656952

001001110
1 010011101 0.758960004617
0 010011100 0.241039995383

101001111
1 010011111 0.498298383464
0 010011110 0.501701616536

001011101
1 010111011 0.352777216724
0 010111010 0.647222783276

001011100
1 010111001 1.0
0 010111000 0.0

001111010
1 011110101 0.39589844821
0 011110100 0.60410155179

111011101
1 110111011 0.356797995061
0 110111010 0.643202004939

111011100
1 110111001 1.0
0 110111000 0.0

011101100
1 111011001 1.0
0 111011000 0.0

011101101
1 111011011 0.349191700611
0 111011010 0.650808299389

010111110
1 101111101 0.759710297296
0 101111100 0.240289702704

100100100
1 001001001 0.506223264132
0 001001000 0.493776735868

100100101
1 001001011 0.319598451545
0 001001010 0.680401548455

011011001
1 110110011 0.0
0 110110010 1.0

100111111
1 001111111 0.50810076304
0 001111110 0.49189923696

100111110
1 001111101 0.75199138859
0 001111100 0.24800861141

000100110
1 001001101 0.746147634749
0 001001100 0.253852365251

000100111
1 001001111 0.507503743167
0 001001110 0.492496256833

001010111
1 010101111 0.510575179915
0 010101110 0.489424820085

001010110
1 010101101 0.745143233454
0 010101100 0.254856766546

000101100
1 001011001 1.0
0 001011000 0.0

000101101
1 001011011 0.343833471493
0 001011010 0.656166528507

101011111
1 010111111 0.502382420539
0 010111110 0.497617579461

101011110
1 010111101 0.747010119595
0 010111100 0.252989880405

001111011
1 011110111 0.500646701821
0 011110110 0.499353298179

011111100
1 111111001 1.0
0 111111000 0.0

000101000
1 001010001 1.0
0 001010000 0.0

001101110
1 011011101 0.748600058945
0 011011100 0.251399941055

001101111
1 011011111 0.511298613132
0 011011110 0.488701386868

110101010
1 101010101 0.398036661689
0 101010100 0.601963338311

110101011
1 101010111 0.503633677991
0 101010110 0.496366322009

111001000
1 110010001 1.0
0 110010000 0.0

001100100
1 011001001 0.520675868912
0 011001000 0.479324131088

001100101
1 011001011 0.394686263426
0 011001010 0.605313736574

001011001
1 010110011 0.0
0 010110010 1.0

001001100
1 010011001 1.0
0 010011000 0.0

001001101
1 010011011 0.359759872432
0 010011010 0.640240127568

011010001
1 110100011 0.300585864743
0 110100010 0.699414135257

001011110
1 010111101 0.756654449318
0 010111100 0.243345550682

001011111
1 010111111 0.511408759557
0 010111110 0.488591240443

100101001
1 001010011 0.531265508685
0 001010010 0.468734491315

110111011
1 101110111 0.503269916766
0 101110110 0.496730083234

110111010
1 101110101 0.39907972457
0 101110100 0.60092027543

111011110
1 110111101 0.752583620402
0 110111100 0.247416379598

111011111
1 110111111 0.502731941864
0 110111110 0.497268058136

001111101
1 011111011 0.354780990553
0 011111010 0.645219009447

100111100
1 001111001 1.0
0 001111000 0.0

011011010
1 110110101 0.398517738234
0 110110100 0.601482261766

001101001
1 011010011 0.531104199067
0 011010010 0.468895800933

101110010
1 011100101 0.375610057454
0 011100100 0.624389942546

100111101
1 001111011 0.355309671946
0 001111010 0.644690328054

001110101
1 011101011 0.37707876462
0 011101010 0.62292123538

001110100
1 011101001 0.398626294591
0 011101000 0.601373705409

011010011
1 110100111 0.492060491493
0 110100110 0.507939508507

011010010
1 110100101 0.425285714286
0 110100100 0.574714285714

100011101
1 000111011 0.211052957694
0 000111010 0.788947042306

100011100
1 000111001 1.0
0 000111000 0.0

111111001
1 111110011 0.0
0 111110010 1.0

101011100
1 010111001 1.0
0 010111000 0.0

101011101
1 010111011 0.350858786042
0 010111010 0.649141213958

000101010
1 001010101 0.405477404893
0 001010100 0.594522595107

000101011
1 001010111 0.498796529527
0 001010110 0.501203470473

011101010
1 111010101 0.405811738242
0 111010100 0.594188261758

000100011
1 001000111 1.0
0 001000110 0.0

000100010
1 001000101 0.479946524064
0 001000100 0.520053475936

111101011
1 111010111 0.503201294589
0 111010110 0.496798705411

111101010
1 111010101 0.400609639931
0 111010100 0.599390360069

101111100
1 011111001 1.0
0 011111000 0.0

100010101
1 000101011 0.367237445269
0 000101010 0.632741998479

101111101
1 011111011 0.349558398352
0 011111010 0.650441601648

010010010
1 100100101 0.424084773144
0 100100100 0.575915226856

010010011
1 100100111 0.486670724285
0 100100110 0.513329275715

010101010
1 101010101 0.398556106836
0 101010100 0.601443893164

011110111
1 111101111 0.502860867676
0 111101110 0.497139132324

011110110
1 111101101 0.750346033365
0 111101100 0.249653966635

101111011
1 011110111 0.501916147114
0 011110110 0.498083852886

110010101
1 100101011 0.351186041953
0 100101010 0.648813958047

110010100
1 100101001 0.49012731035
0 100101000 0.50987268965

001110110
1 011101101 0.756954671903
0 011101100 0.243045328097

001110111
1 011101111 0.496830077405
0 011101110 0.503169922595

110111001
1 101110011 0.0
0 101110010 1.0

111111010
1 111110101 0.39957537155
0 111110100 0.60042462845

111111011
1 111110111 0.508539035591
0 111110110 0.491460964409

101010011
1 010100111 0.488318575216
0 010100110 0.511681424784

101010010
1 010100101 0.427540724875
0 010100100 0.572459275125

011111110
1 111111101 0.751458489155
0 111111100 0.248541510845

011111111
1 111111111 0.502628656053
0 111111110 0.497371343947

011001011
1 110010111 0.506038200863
0 110010110 0.493961799137

011011011
1 110110111 0.500865830851
0 110110110 0.499134169149

010110101
1 101101011 0.356722200697
0 101101010 0.643277799303

010110100
1 101101001 0.502470241905
0 101101000 0.497529758095

110010001
1 100100011 0.303129323407
0 100100010 0.696870676593

001111100
1 011111001 1.0
0 011111000 0.0

101111001
1 011110011 0.0
0 011110010 1.0

110100011
1 101000111 1.0
0 101000110 0.0

110100010
1 101000101 0.456190415458
0 101000100 0.543809584542

000111011
1 001110111 0.528921231807
0 001110110 0.471078768193

000111010
1 001110101 0.248863712319
0 001110100 0.751136287681

001111001
1 011110011 0.0
0 011110010 1.0

100110010
1 001100101 0.340473853379
0 001100100 0.659526146621

101110111
1 011101111 0.501897642323
0 011101110 0.498102357677

101110110
1 011101101 0.751570497906
0 011101100 0.248429502094

010011011
1 100110111 0.50097799511
0 100110110 0.49902200489

010011010
1 100110101 0.399459407279
0 100110100 0.600540592721

010100010
1 101000101 0.480515088681
0 101000100 0.519484911319

010111100
1 101111001 1.0
0 101111000 0.0

010001110
1 100011101 0.85777936096
0 100011100 0.14222063904

010100011
1 101000111 1.0
0 101000110 0.0

111101000
1 111010001 1.0
0 111010000 0.0

001010100
1 010101001 0.502710376871
0 010101000 0.497289623129

110010110
1 100101101 0.74819478944
0 100101100 0.25180521056

110010111
1 100101111 0.506210118505
0 100101110 0.493789881495

010111101
1 101111011 0.354035567715
0 101111010 0.645964432285

001111111
1 011111111 0.497839950627
0 011111110 0.502160049373

100101011
1 001010111 0.500646551724
0 001010110 0.499353448276

100101010
1 001010101 0.394764893995
0 001010100 0.605235106005

101010001
1 010100011 0.301080156141
0 010100010 0.698919843859

110110010
1 101100101 0.378301330362
0 101100100 0.621698669638

001111110
1 011111101 0.753293667658
0 011111100 0.246706332342

011110100
1 111101001 0.499569935159
0 111101000 0.500430064841

011110101
1 111101011 0.346681404813
0 111101010 0.653318595187

001001001
1 010010011 0.532956787288
0 010010010 0.467043212712

001001000
1 010010001 1.0
0 010010000 0.0

100100010
1 001000101 0.483785578659
0 001000100 0.516214421341

100100011
1 001000111 1.0
0 001000110 0.0

101100101
1 011001011 0.386508964768
0 011001010 0.613491035232

101100100
1 011001001 0.501959109861
0 011001000 0.498040890139

001010001
1 010100011 0.301362695626
0 010100010 0.698637304374

111110010
1 111100101 0.37640993837
0 111100100 0.62359006163

011001000
1 110010001 1.0
0 110010000 0.0

011001001
1 110010011 0.559362360219
0 110010010 0.440637639781

010110110
1 101101101 0.755389998871
0 101101100 0.244610001129

010110111
1 101101111 0.510021896581
0 101101110 0.489978103419

100111001
1 001110011 0.0
0 001110010 1.0

111010110
1 110101101 0.749597261377
0 110101100 0.250402738623

101101111
1 011011111 0.508434702777
0 011011110 0.491565297223

101101110
1 011011101 0.756502589132
0 011011100 0.243497410868

000111001
1 001110011 0.0
0 001110010 1.0

101111110
1 011111101 0.7504489405
0 011111100 0.2495510595

101111111
1 011111111 0.505159447327
0 011111110 0.494840552673

101000111
1 010001111 0.0
0 010001110 1.0

100010010
1 000100101 0.418534210764
0 000100100 0.581465789236

100010011
1 000100111 0.491418695779
0 000100110 0.508581304221

111001001
1 110010011 0.53007802668
0 110010010 0.46992197332

010010001
1 100100011 0.302293743865
0 100100010 0.697706256135

100101000
1 001010001 1.0
0 001010000 0.0

101001011
1 010010111 0.501350789692
0 010010110 0.498649210308

010101101
1 101011011 0.360355316687
0 101011010 0.639644683313

010101100
1 101011001 1.0
0 101011000 0.0

101001010
1 010010101 0.338274964788
0 010010100 0.661725035212

001001010
1 010010101 0.345225431634
0 010010100 0.654774568366

001001011
1 010010111 0.502847413844
0 010010110 0.497152586156

101001000
1 010010001 1.0
0 010010000 0.0

101001001
1 010010011 0.526051289631
0 010010010 0.473948710369

011111101
1 111111011 0.34839761553
0 111111010 0.65160238447

011011101
1 110111011 0.351155927201
0 110111010 0.648844072799

010010101
1 100101011 0.357960263913
0 100101010 0.642039736087

101011001
1 010110011 0.0
0 010110010 1.0

010100111
1 101001111 0.508696469703
0 101001110 0.491303530297

010100110
1 101001101 0.74175687022
0 101001100 0.25824312978

100010100
1 000101001 0.491865300405
0 000101000 0.508134699595

101101100
1 011011001 1.0
0 011011000 0.0

101101101
1 011011011 0.350017569203
0 011011010 0.649982430797

001010010
1 010100101 0.436431596006
0 010100100 0.563568403994

001010011
1 010100111 0.493706443658
0 010100110 0.506293556342

101110101
1 011101011 0.353176965512
0 011101010 0.646823034488

111101111
1 111011111 0.503441424821
0 111011110 0.496558575179

001011011
1 010110111 0.498411556674
0 010110110 0.501588443326

001011010
1 010110101 0.396364442474
0 010110100 0.603635557526

111010111
1 110101111 0.508985067072
0 110101110 0.491014932928

101011011
1 010110111 0.503873501008
0 010110110 0.496126498992

111010100
1 110101001 0.503171704551
0 110101000 0.496828295449

111010101
1 110101011 0.347769028871
0 110101010 0.652230971129

111010001
1 110100011 0.277226617191
0 110100010 0.722773382809

001101010
1 011010101 0.402560682849
0 011010100 0.597439317151

001000101
1 010001011 0.299308392869
0 010001010 0.700691607131

010111111
1 101111111 0.51009038713
0 101111110 0.48990961287

110101111
1 101011111 0.506767445948
0 101011110 0.493232554052

110101110
1 101011101 0.749024785453
0 101011100 0.250975214547

111001010
1 110010101 0.472599629772
0 110010100 0.527400370228

111001011
1 110010111 0.501207535019
0 110010110 0.498792464981

101011010
1 010110101 0.39924319779
0 010110100 0.60075680221

011101001
1 111010011 0.583232288238
0 111010010 0.416767711762

011101000
1 111010001 1.0
0 111010000 0.0

010101110
1 101011101 0.756579322943
0 101011100 0.243420677057

010101111
1 101011111 0.50594582691
0 101011110 0.49405417309

111101101
1 111011011 0.356643014436
0 111011010 0.643356985564

111101100
1 111011001 1.0
0 111011000 0.0

010100100
1 101001001 0.500537339097
0 101001000 0.499462660903

010100101
1 101001011 0.310572065146
0 101001010 0.689427934854

110101101
1 101011011 0.362549800797
0 101011010 0.637450199203

011001010
1 110010101 0.471658722968
0 110010100 0.528341277032

011010101
1 110101011 0.35233570863
0 110101010 0.64766429137

011010100
1 110101001 0.502213974083
0 110101000 0.497786025917

001101011
1 011010111 0.497505136484
0 011010110 0.502494863516

101010101
1 010101011 0.351603453592
0 010101010 0.648396546408

101010100
1 010101001 0.50058685446
0 010101000 0.49941314554

001010101
1 010101011 0.347731763065
0 010101010 0.652268236935

111011011
1 110110111 0.503094025519
0 110110110 0.496905974481

111011010
1 110110101 0.398833263885
0 110110100 0.601166736115

100111010
1 001110101 0.396092865232
0 001110100 0.603907134768

011011111
1 110111111 0.500035378193
0 110111110 0.499964621807

011011110
1 110111101 0.753123621932
0 110111100 0.246876378068

110100101
1 101001011 0.319473864025
0 101001010 0.680526135975

110100100
1 101001001 0.496774030311
0 101001000 0.503225969689

100111011
1 001110111 0.521323379014
0 001110110 0.478676620986

011101011
1 111010111 0.496063921908
0 111010110 0.503936078092

000101001
1 001010011 0.565671742202
0 001010010 0.434328257798

010011001
1 100110011 0.0
0 100110010 1.0

000101111
1 001011111 0.503462559058
0 001011110 0.496537440942

000101110
1 001011101 0.746952610651
0 001011100 0.253047389349

010111010
1 101110101 0.396247746509
0 101110100 0.603752253491

010111011
1 101110111 0.502477198514
0 101110110 0.497522801486

001000111
1 010001111 0.0
0 010001110 1.0

111101001
1 111010011 0.530216086828
0 111010010 0.469783913172

100110101
1 001101011 0.35286197611
0 001101010 0.64713802389

100110100
1 001101001 0.502032286954
0 001101000 0.497967713046

100101101
1 001011011 0.347208619001
0 001011010 0.652791380999

010001001
1 100010011 0.513063403157
0 100010010 0.486936596843

010011101
1 100111011 0.356367082149
0 100111010 0.643632917851

010011100
1 100111001 1.0
0 100111000 0.0

100101100
1 001011001 1.0
0 001011000 0.0

010010111
1 100101111 0.503980236069
0 100101110 0.496019763931

010010110
1 100101101 0.752463190524
0 100101100 0.247536809476

111100100
1 111001001 0.503345841151
0 111001000 0.496654158849

111100101
1 111001011 0.390651601919
0 111001010 0.609348398081

111111111
1 111111111 0.506650192601
0 111111110 0.493349807399

111111110
1 111111101 0.752832284339
0 111111100 0.247167715661

111101110
1 111011101 0.752425778421
0 111011100 0.247574221579

011010110
1 110101101 0.75410899654
0 110101100 0.24589100346

011010111
1 110101111 0.50175313059
0 110101110 0.49824686941

110101100
1 101011001 1.0
0 101011000 0.0

010101011
1 101010111 0.494750801194
0 101010110 0.505249198806

111110101
1 111101011 0.355777183167
0 111101010 0.644222816833

101010110
1 010101101 0.753206041607
0 010101100 0.246793958393

101010111
1 010101111 0.507495136743
0 010101110 0.492504863257

001110010
1 011100101 0.36647396149
0 011100100 0.63352603851

011110010
1 111100101 0.378344547019
0 111100100 0.621655452981

111110100
1 111101001 0.500064960374
0 111101000 0.499935039626

010001000
1 100010001 1.0
0 100010000 0.0

011111011
1 111110111 0.508524994559
0 111110110 0.491475005441

011111010
1 111110101 0.401132164478
0 111110100 0.598867835522

001000100
1 010001001 0.515766986577
0 010001000 0.484233013423

101101001
1 011010011 0.531416653466
0 011010010 0.468583346534

101101000
1 011010001 1.0
0 011010000 0.0

110100110
1 101001101 0.553244290211
0 101001100 0.446755709789

110100111
1 101001111 0.517734505271
0 101001110 0.482265494729

100110110
1 001101101 0.754777070064
0 001101100 0.245222929936

100110111
1 001101111 0.503221083455
0 001101110 0.496778916545

101001101
1 010011011 0.361399480934
0 010011010 0.638600519066

101001100
1 010011001 1.0
0 010011000 0.0

111011001
1 110110011 0.0
0 110110010 1.0

010001010
1 100010101 0.349204640078
0 100010100 0.650795359922

010001011
1 100010111 0.517173617293
0 100010110 0.482826382707

100010001
1 000100011 0.299487726988
0 000100010 0.700512273012

001101000
1 011010001 1.0
0 011010000 0.0

110111101
1 101111011 0.35411062542
0 101111010 0.64588937458

110111100
1 101111001 1.0
0 101111000 0.0

010011110
1 100111101 0.7525405693
0 100111100 0.2474594307

010011111
1 100111111 0.507344752612
0 100111110 0.492655247388

100101110
1 001011101 0.751101570444
0 001011100 0.248898429556

100101111
1 001011111 0.503404373097
0 001011110 0.496595626903

110010011
1 100100111 0.50420426822
0 100100110 0.49579573178

110010010
1 100100101 0.42430245062
0 100100100 0.57569754938

111110110
1 111101101 0.743962416502
0 111101100 0.256037583498

111110111
1 111101111 0.507236095346
0 111101110 0.492763904654

111111100
1 111111001 1.0
0 111111000 0.0

111111101
1 111111011 0.351142772336
0 111111010 0.648857227664

011100101
1 111001011 0.396721781859
0 111001010 0.603278218141

011100100
1 111001001 0.498681184191
0 111001000 0.501318815809

110110111
1 101101111 0.508222682422
0 101101110 0.491777317578

110110110
1 101101101 0.751167076167
0 101101100 0.248832923833

011101111
1 111011111 0.504660692574
0 111011110 0.495339307426

011101110
1 111011101 0.750324922691
0 111011100 0.249675077309

010101000
1 101010001 1.0
0 101010000 0.0

010101001
1 101010011 0.52921164373
0 101010010 0.47078835627

100100111
1 001001111 0.503113113841
0 001001110 0.496886886159

100100110
1 001001101 0.740842992122
0 001001100 0.259157007878

011011100
1 110111001 1.0
0 110111000 0.0

000100101
1 001001011 0.314077711726
0 001001010 0.685922288274

000100100
1 001001001 0.497876034852
0 001001000 0.502123965148

011111001
1 111110011 0.0
0 111110010 1.0

111010010
1 110100101 0.425612237394
0 110100100 0.574387762606

111010011
1 110100111 0.371473678275
0 110100110 0.628526321725

101101010
1 011010101 0.393510892874
0 011010100 0.606489107126

101101011
1 011010111 0.504368546465
0 011010110 0.495631453535

010110010
1 101100101 0.372693615869
0 101100100 0.627306384131

