1111
1 1111 0.50464551053
0 11110 0.49535448947

1111011
1 11110111 0.505004253163
0 11110110 0.494995746837

11110111
1 1111 0.505071139304
0 11101110 0.494928860696

10010011
1 10100111 0.49555790333
0 11110110 0.50444209667

10100111
1 1111 0.512800112923
0 01001110 0.487199887077

10100100
1 01001001 0.49871001032
0 11001000 0.50128998968

11010100
1 10101001 0.502765027927
0 11101000 0.497234972073

10110100
1 01101001 0.503355437137
0 11101000 0.496644562863

01001001
1 10010011 0.529344296098
0 11010010 0.470655703902

01010011
1 10100111 0.491219562883
0 10100110 0.508780437117

10101001
1 01010011 0.529790617546
0 01010010 0.470209382454

01101001
1 11010011 0.53130231001
0 11010010 0.46869768999

11100100
1 11001001 0.500560658175
0 11001000 0.499439341825

10010100
1 00101001 0.502255789028
0 11101000 0.497744210972

11110100
1 11101001 0.499819719418
0 11101000 0.500180280582

00100010
1 01000101 0.482205260001
0 10100100 0.517794739999

11110110
1 11101101 0.747166361974
0 111100 0.252833638026

11110
1 111101 0.753169301744
0 111100 0.246830698256

11101110
1 11011101 0.751128090136
0 111100 0.248871909864

01001110
1 10011101 0.755649192382
0 111100 0.244350807618

11110101
1 1111011 0.351302585397
0 11101010 0.648697414603

11101101
1 1111011 0.352127885227
0 11011010 0.647872114773

111101
1 1111011 0.352542956861
0 1111010 0.647457043139

11011101
1 1111011 0.354381307545
0 10111010 0.645618692455

10011101
1 1111011 0.356367082149
0 00111010 0.643632917851

01001010
1 11110101 0.341518993788
0 10010100 0.658481006212

11110010
1 11100101 0.377372817008
0 11100100 0.622627182992

111100
1 1111001 1.0

10100011
1 01000111 1.0

11001000
1 10010001 1.0

11101000
1 11010001 1.0

11100101
1 1111011 0.39423239675
0 11001010 0.60576760325

11010011
1 10100111 0.416530307133
0 10100110 0.583469692867

11101010
1 11110101 0.40385607059
0 11010100 0.59614392941

11011010
1 11110101 0.398693896542
0 10110100 0.601306103458

1111010
1 11110101 0.398703116069
0 11110100 0.601296883931

10111010
1 11110101 0.397617169007
0 01110100 0.602382830993

01110100
1 11101001 0.425039322646
0 11101000 0.574960677354

11010010
1 10100101 0.42547933656
0 10100100 0.57452066344

1111001
0 11110010 1.0

01000111
0 10001110 1.0

11001001
1 10010011 0.544360921645
0 11010010 0.455639078355

00101001
1 01010011 0.549338579153
0 01010010 0.450661420847

11101001
1 11010011 0.566031914894
0 11010010 0.433968085106

01000101
1 1111011 0.299421163005
0 01001010 0.700578836995

00111010
1 11110101 0.282411230388
0 01110100 0.717588769612

10010001
1 10100011 0.302707356365
0 00100010 0.697292643635

11010001
1 10100011 0.285088244177
0 10100010 0.714911755823

11001010
1 11110101 0.472157429005
0 10010100 0.527842570995

10100010
1 01000101 0.46768367806
0 10100100 0.53231632194

10100110
1 11101101 0.641966869947
0 111100 0.358033130053

10100101
1 1111011 0.31483389764
0 01001010 0.68516610236

01010010
1 10100101 0.432153512341
0 10100100 0.567846487659

10001110
1 00011101 0.85777936096
0 111100 0.14222063904

00011101
1 1111011 0.211052957694
0 00111010 0.788947042306

