001111100
1 001111001 0.499490316004
0 11111000 0.500509683996

011111100
1 1001 0.490625
0 11111000 0.509375

100
1 1001 0.499471033475
0 110001000 0.50052839866

000011100
1 1001 0.500930495995
0 000111000 0.499069504005

1111100
1 11111001 0.502184695324
0 11111000 0.497815304676

111010100
1 110101001 0.500270562771
0 110001000 0.499729437229

01011100
1 10111001 0.494278184903
0 010111000 0.505721815097

011101100
1 11011001 0.495654921789
0 111011000 0.504345078211

1101100
1 11011001 0.499969409605
0 11011000 0.500030590395

111011100
1 10111001 0.491951219512
0 110111000 0.508048780488

01000000
1 010000001 0.499713550735
0 000 0.500286449265

101000000
1 0000001 0.501919810972
0 000 0.498080189028

001000000
1 010000001 0.498748688141
0 10000000 0.501251311859

010100100
1 101001001 0.499643732715
0 11001000 0.500356267285

00100
1 001001 0.499359296291
0 001000 0.500640703709

100000100
1 001001 0.495580541384
0 000001000 0.504419458616

100111100
1 1001 0.50089047195
0 00 0.49910952805

11010100
1 110101001 0.498157776936
0 110101000 0.501842223064

0100100
1 01001001 0.50035329982
0 01001000 0.49964670018

100100100
1 001001001 0.500836259639
0 00 0.499163740361

01110100
1 011101001 0.496499787866
0 00 0.503500212134

11110100
1 111101001 0.506407854306
0 001101000 0.493592145694

00000100
1 000001001 0.49620722003
0 000001000 0.50379277997

1110100
1 11101001 0.499675691258
0 11101000 0.500324308742

01000100
1 010001001 0.498365881214
0 010001000 0.501634118786

11111000
1 111110001 0.490807733365
0 111110000 0.509192266635

010000
1 0100001 0.500802261506
0 0100000 0.499197738494

011010000
1 110100001 0.505487547488
0 100000 0.494512452512

000010000
1 00100001 0.499396125541
0 100000 0.500603874459

001010000
1 00001 0.502459858355
0 0100000 0.497540141645

00010000
1 000100001 0.499810344688
0 000100000 0.500189655312

11100000
1 111000001 0.497654525386
0 000 0.502345474614

111001100
1 110011001 0.507180305448
0 10011000 0.492819694552

001001100
1 10011001 0.496661135619
0 10011000 0.503338864381

0100000
1 01000001 0.498893886259
0 01000000 0.501106113741

10100000
1 1000001 0.499066042796
0 101000000 0.500933957204

010100000
1 01000001 0.500323171389
0 101000000 0.499676828611

100000
1 1000001 0.498652951261
0 001000000 0.501347048739

1110000
1 11100001 0.500700360513
0 11100000 0.499299639487

10000
1 100001 0.500886253896
0 100000 0.499113746104

101110000
1 100001 0.506792561904
0 011100000 0.493207438096

110000
1 1100001 0.501234309136
0 1100000 0.498765690864

01110000
1 1100001 0.500227608968
0 011100000 0.499772391032

111010000
1 110100001 0.503893637227
0 0000 0.496106362773

01100000
1 11000001 0.49765280478
0 011000000 0.50234719522

1100000
1 11000001 0.497653678239
0 11000000 0.502346321761

011100000
1 11000001 0.49675509507
0 0000 0.50324490493

010010000
1 00001 0.50096282779
0 0000 0.49903717221

000100000
1 1000001 0.496256736261
0 000000 0.503743263739

001110000
1 11100001 0.497476684565
0 0000 0.502523315435

0010000
1 00100001 0.500515336828
0 00100000 0.499484663172

110010000
1 00001 0.502282541641
0 00100000 0.497717458359

010010100
1 0101001 0.500310595504
0 000 0.499689404496

010110100
1 1101001 0.503427286686
0 101101000 0.496572713314

110100
1 1101001 0.500003653982
0 001101000 0.499996346018

001110100
1 1101001 0.492226220382
0 11101000 0.507773779618

01101000
1 10001 0.502216805699
0 011010000 0.497783194301

110001000
1 10001 0.494211744896
0 10000 0.505788255104

010111000
1 10001 0.503105146691
0 101110000 0.496894853309

000111000
1 10001 0.496491014563
0 110000 0.503508985437

101011000
1 010110001 0.493196608164
0 0110000 0.506803391836

001011000
1 010110001 0.496477432844
0 010110000 0.503522567156

111011000
1 110110001 0.517929292929
0 0110000 0.482070707071

11011000
1 110110001 0.507280068518
0 110110000 0.492719931482

101010000
1 0001 0.497207603909
0 010100000 0.502792396091

10101000
1 101010001 0.500857724885
0 101010000 0.499142275115

0111000
1 001110001 0.498408802249
0 01110000 0.501591197751

111000
1 1110001 0.497623607042
0 1110000 0.502376392958

110111000
1 110001 0.492275698158
0 101110000 0.507724301842

11000
1 110001 0.498121124637
0 110000 0.501878875363

00111000
1 001110001 0.497912105733
0 001110000 0.502087894267

00011000
1 000110001 0.501545595054
0 00110000 0.498454404946

000
1 0001 0.49936405401
0 0000 0.50063594599

000011000
1 110001 0.504846378932
0 00110000 0.495153621068

011000
1 0110001 0.498631954233
0 0110000 0.501368045767

10011000
1 110001 0.497173608285
0 100110000 0.502826391715

1010100
1 10101001 0.496586155714
0 10101000 0.503413844286

100010100
1 000101001 0.500486381323
0 110001000 0.499486597492

011010100
1 10101001 0.495966893456
0 110101000 0.504033106544

00110100
1 001101001 0.496892649649
0 001101000 0.503107350351

10000000
1 100000001 0.497671480144
0 100000000 0.502328519856

0000100
1 00001001 0.498498449948
0 00001000 0.501501550052

000100
1 0001001 0.498674170241
0 0001000 0.501325829759

10000100
1 100001001 0.500787846956
0 100001000 0.499212153044

011000000
1 010000001 0.491599018312
0 110000000 0.508400981688

11000000
1 0000001 0.495096900125
0 110000000 0.504903099875

000000
1 0000001 0.499184869737
0 0000000 0.500815130263

111110100
1 11101001 0.502906976744
0 101000 0.497093023256

00100100
1 001001001 0.500624314887
0 001001000 0.499375685113

0000
1 00001 0.499902678161
0 00000 0.500097321839

00110000
1 001100001 0.504030067017
0 001100000 0.495969932983

000000000
1 00001 0.501084206722
0 00000000 0.498915793278

010100
1 0101001 0.498642258849
0 0101000 0.501354363685

10100
1 101001 0.499072570493
0 101000 0.500925119596

00010100
1 000101001 0.500458864176
0 000101000 0.499527639819

111100100
1 111001001 0.493285013856
0 11001000 0.506714986144

1100100
1 11001001 0.498777251678
0 11001000 0.501222748322

011000100
1 110001001 0.503666341712
0 110001000 0.496333658288

001010100
1 010101001 0.494968044363
0 10101000 0.505031955637

00100000
1 001000001 0.498818559938
0 001000000 0.501181440062

101101000
1 001 0.503606297827
0 011010000 0.496393702173

100010000
1 001 0.500226500566
0 000100000 0.499773499434

111110000
1 111100001 0.505241090147
0 1100000 0.494758909853

01001000
1 110010001 0.499035314558
0 010010000 0.500964685442

11001000
1 110010001 0.495172843351
0 110010000 0.504827156649

110101000
1 001 0.502675998353
0 101010000 0.497324001647

00
1 001 0.499417481455
0 000 0.500582234943

1010000
1 010100001 0.501456785115
0 10100000 0.498543214885

01010000
1 010100001 0.499824887524
0 010100000 0.500175112476

0110000
1 01100001 0.501783647145
0 01100000 0.498216352855

110110000
1 101100001 0.499379190464
0 01100000 0.500620809536

100110000
1 01100001 0.504092094613
0 0000 0.495907905387

010110000
1 101100001 0.499321741275
0 0000 0.500678258725

101000100
1 10001001 0.498292896139
0 010001000 0.501707103861

1000100
1 10001001 0.498850995465
0 10001000 0.501149004535

111000100
1 110001001 0.498125
0 10001000 0.501875

110100100
1 001 0.499920965277
0 11001000 0.500079034723

001000100
1 001 0.498398029685
0 00 0.501601970315

000000100
1 001 0.496828208018
0 000001000 0.503171791982

001100100
1 1001001 0.498295705177
0 11001000 0.501704294823

01100100
1 011001001 0.498879229077
0 11001000 0.501120770923

101100100
1 011001001 0.499517501535
0 00 0.500482498465

0110100
1 01101001 0.500147043378
0 01101000 0.499852956622

10110100
1 01101001 0.503656327083
0 101101000 0.496343672917

100110100
1 01101001 0.499451865687
0 001101000 0.500548134313

001101000
1 11010001 0.500945559892
0 011010000 0.499054440108

11101000
1 11010001 0.494406299515
0 111010000 0.505593700485

001000
1 0010001 0.498608772132
0 0010000 0.501391227868

000001000
1 0010001 0.500168547442
0 000 0.499831452558

010001000
1 100010001 0.499346470943
0 0000 0.500653529057

10001000
1 100010001 0.498356531266
0 100010000 0.501643468734

110110100
1 01001 0.504550808438
0 101000 0.495449191562

0100
1 01001 0.49927214563
0 01000 0.500727149426

000010100
1 01001 0.500431406385
0 000101000 0.499568593615

110000100
1 001 0.501356483993
0 00001000 0.498643516007

01010100
1 010101001 0.496203190159
0 010101000 0.503796809841

10010100
1 100101001 0.500948972398
0 00101000 0.499051027602

0010100
1 00101001 0.500703368051
0 00101000 0.499289868795

1011000
1 10110001 0.497842047822
0 110110000 0.502157952178

001100000
1 000001 0.495845886972
0 011000000 0.504154113028

00000
1 000001 0.498919485245
0 000000 0.501080514755

100000000
1 00000001 0.50177872004
0 0000 0.49822127996

00000000
1 00000001 0.501432458242
0 000000000 0.498567541758

00001000
1 00010001 0.499512399558
0 000010000 0.500487600442

0001000
1 00010001 0.498936479951
0 00010000 0.501063520049

100001000
1 00010001 0.498850760764
0 0000 0.501149239236

110000000
1 000001 0.504510309278
0 100000000 0.495489690722

0000000
1 00000001 0.499553647914
0 00000000 0.500446352086

101000
1 1010001 0.499868578201
0 1010000 0.500131421799

01000
1 010001 0.498993394415
0 010000 0.501006605585

000101000
1 010001 0.500256666577
0 001010000 0.499743333423

00101000
1 001010001 0.498896037928
0 001010000 0.501103962072

010101000
1 010001 0.500416375204
0 101010000 0.499583624796

001001000
1 010001 0.498746174925
0 000 0.501253825075

0101000
1 01010001 0.499882108043
0 01010000 0.500117891957

110001100
1 00011001 0.490177952392
0 11000 0.509822047608

0001100
1 00011001 0.501766624388
0 00011000 0.498233375612

10001100
1 00011001 0.500180733779
0 011000 0.499819266221

111111100
1 111111001 0.507907542579
0 11111000 0.492092457421

010011100
1 00111001 0.498540807085
0 110001000 0.501459192915

00011100
1 00111001 0.499187355248
0 000111000 0.500812644752

001011100
1 111001 0.49553305539
0 111000 0.50446694461

011011100
1 111001 0.505530738141
0 110111000 0.494469261859

0011100
1 00111001 0.499416533907
0 00111000 0.500583466093

100011100
1 00111001 0.497428991185
0 00 0.502571008815

101001100
1 11001 0.499679281591
0 110001000 0.500320718409

001101100
1 11001 0.50602130616
0 11011000 0.49397869384

11101100
1 111011001 0.497206703911
0 111011000 0.502793296089

1100
1 11001 0.500294952516
0 11000 0.499705047484

10011100
1 100111001 0.499645224725
0 00111000 0.500354775275

00001100
1 000011001 0.50336058129
0 000011000 0.49663941871

011100
1 0111001 0.498590360066
0 0111000 0.501409639934

11011100
1 110111001 0.501407198933
0 110111000 0.498592801067

011001100
1 11001 0.512808349146
0 00 0.487191650854

110011100
1 100111001 0.504227998747
0 00 0.495772001253

011010110
1 0101101 0.50854046413
0 100 0.49145953587

100010110
1 0101101 0.500951173114
0 00 0.499048826886

110100110
1 01001101 0.494193548387
0 001001100 0.505806451613

00100110
1 001001101 0.499148660153
0 001001100 0.500851339847

1100110
1 011001101 0.500348472529
0 111001100 0.499651527471

111100110
1 1001101 0.505008839128
0 111001100 0.494991160872

100110
1 1001101 0.498633926243
0 001001100 0.501366073757

010110110
1 101101 0.49734325186
0 1101100 0.50265674814

01110110
1 011101101 0.505392310097
0 011101100 0.494607689903

101100110
1 001101 0.494645588985
0 111001100 0.505354411015

011100110
1 111001101 0.498231715943
0 111001100 0.501768284057

000000110
1 001101 0.488423577161
0 00 0.511576422839

010100110
1 101001101 0.497003133088
0 100 0.502996866912

1000110
1 001101 0.5
0 10001100 0.5

000110
1 0001101 0.500016986196
0 0001100 0.499983013804

011000110
1 110001101 0.503196779541
0 110001100 0.496803220459

001100110
1 011001101 0.506843267108
0 011001100 0.493156732892

100110110
1 101101 0.4943000456
0 001101100 0.5056999544

11110110
1 101101 0.504166666667
0 11101100 0.495833333333

001110110
1 011101101 0.50214205186
0 11101100 0.49785794814

010000110
1 001101 0.501898592808
0 00001100 0.498101407192

100000110
1 0001101 0.506838148718
0 00001100 0.493161851282

10100110
1 101001101 0.496098259223
0 101001100 0.503901740777

0000110
1 00001101 0.500034057626
0 00001100 0.499965942374

0100110
1 01001101 0.498218083982
0 01001100 0.501781916018

00110
1 001101 0.49932584015
0 001100 0.50067415985

100100110
1 01101 0.498617324115
0 001100 0.501382675885

11110011
1 111100111 0.500147275405
0 111100110 0.499852724595

0010011
1 00100111 0.498801202861
0 00100110 0.501198797139

10011
1 100111 0.499591544981
0 100110 0.500408455019

110110011
1 100111 0.510357815443
0 101100110 0.489642184557

101110011
1 100111 0.500488042948
0 011100110 0.499511957052

00000011
1 0000111 0.50659930821
0 000000110 0.49340069179

111010011
1 00111 0.49014547161
0 110100110 0.50985452839

000010011
1 00111 0.496214115075
0 00100110 0.503785884925

010010011
1 100100111 0.500909780136
0 00100110 0.499090219864

00010011
1 000100111 0.49727752946
0 00100110 0.50272247054

111100011
1 00111 0.480676328502
0 011000110 0.519323671498

01000011
1 0000111 0.499846390169
0 010000110 0.500153609831

110000011
1 0000111 0.490909090909
0 100000110 0.509090909091

000011
1 0000111 0.501860544025
0 0000110 0.498139455975

100110011
1 00111 0.477588168373
0 001100110 0.522411831627

10000011
1 00111 0.497999454397
0 100000110 0.502000545603

111000011
1 00111 0.505529953917
0 0000110 0.494470046083

11000011
1 110000111 0.507982415548
0 0000110 0.492017584452

1000011
1 10000111 0.501428603568
0 0000110 0.498571396432

01010011
1 010100111 0.502844372206
0 010100110 0.497155627794

11010011
1 10100111 0.500286574008
0 110100110 0.499713425992

100011
1 101000111 0.498629454274
0 1000110 0.501370545726

01100011
1 011000111 0.496362552177
0 011000110 0.503637447823

00011
1 000111 0.500246178573
0 000110 0.499753821427

011100011
1 11000111 0.495859508852
0 011000110 0.504140491148

101010011
1 010100111 0.499696581485
0 10100110 0.500303418515

1010011
1 10100111 0.502023453668
0 10100110 0.497976546332

110010011
1 00111 0.497925741547
0 0100110 0.502074258453

010011
1 0100111 0.499788616282
0 0100110 0.500211383718

100010011
1 00100111 0.498348489173
0 00110 0.501651510827

0011
1 00111 0.499919257738
0 00110 0.500080742262

10010011
1 100100111 0.500325123954
0 100100110 0.499674876046

011000011
1 110000111 0.510455390335
0 00110 0.489544609665

101000011
1 10000111 0.502208724462
0 00110 0.497791275538

011010011
1 10100111 0.504744224422
0 0100110 0.495255775578

001010011
1 010100111 0.50601999864
0 00110 0.49398000136

00100011
1 001000111 0.50075789729
0 00110 0.49924210271

110100011
1 101000111 0.492587209302
0 00110 0.507412790698

0000011
1 0000111 0.502297229677
0 00000110 0.497702770323

101100011
1 00111 0.495520159283
0 0110 0.504479840717

000100011
1 001000111 0.502587112944
0 0110 0.497412887056

0100011
1 001000111 0.499585912607
0 101000110 0.500414087393

10100011
1 101000111 0.496921238857
0 101000110 0.503078761143

00111100
1 001111001 0.505776780707
0 001111000 0.494223219293

01111100
1 011111001 0.502848378615
0 011111000 0.497151621385

010110
1 0101101 0.501750381691
0 0101100 0.498249618309

010010110
1 0101101 0.504552922503
0 100101100 0.495447077497

0010110
1 00101101 0.501396773903
0 00101100 0.498603226097

10010110
1 00101101 0.502247292013
0 100101100 0.497752707987

10110
1 101101 0.50200524069
0 100101100 0.49799475931

00000110
1 0001101 0.497715016909
0 000001100 0.502284983091

0110
1 01101 0.500610457401
0 01100 0.499389542599

101000110
1 001101 0.500639386189
0 010001100 0.499360613811

01001100
1 010011001 0.497585761608
0 010011000 0.502414238392

001100
1 0011001 0.500876924992
0 0011000 0.499123075008

101110110
1 1101101 0.512735608762
0 011101100 0.487264391238

110110
1 1101101 0.503010216492
0 1101100 0.496989783508

00110110
1 001101101 0.504873294347
0 001101100 0.495126705653

0110110
1 01101101 0.501001649776
0 01101100 0.498998350224

000110110
1 1101101 0.515570934256
0 01101100 0.484429065744

011111000
1 111110001 0.493168796827
0 11110000 0.506831203173

001111000
1 110001 0.496141625057
0 011110000 0.503858374943

111100
1 001111001 0.501679764833
0 1111000 0.498320235167

110111100
1 1001 0.481386392811
0 101111000 0.518613607189

10111100
1 101111001 0.495659142514
0 101111000 0.504340857486

010111100
1 101111001 0.499409681228
0 1111000 0.500590318772

000110011
1 001100111 0.500893655049
0 100110 0.499106344951

00110011
1 001100111 0.489347311464
0 001100110 0.510652688536

001110011
1 11100111 0.49507339634
0 011100110 0.50492660366

110011
1 1100111 0.498777363763
0 1100110 0.501222636237

01110011
1 1100111 0.496653375107
0 011100110 0.503346624893

010101100
1 101011001 0.502269503546
0 101011000 0.497730496454

0101100
1 01011001 0.502553547109
0 001011000 0.497446452891

00101100
1 001011001 0.502959515633
0 001011000 0.497040484367

01101100
1 011011001 0.502538670445
0 11011000 0.497461329555

110101100
1 101011001 0.500319897633
0 00 0.499680102367

100101100
1 1011001 0.503905368188
0 1011000 0.496094631812

000001100
1 011001 0.500864343554
0 11000 0.499135656446

01100
1 011001 0.501429094474
0 011000 0.498570905526

010001100
1 011001 0.502611625948
0 0011000 0.497388374052

11011110
1 10111101 0.508362259388
0 110111100 0.491637740612

001011110
1 10111101 0.496196533234
0 10111100 0.503803466766

10011110
1 00111101 0.495450971583
0 100111100 0.504549028417

0011110
1 00111101 0.498424665241
0 00111100 0.501575334759

101011110
1 00111101 0.506272869838
0 111100 0.493727130162

111011110
1 00111101 0.496864111498
0 110111100 0.503135888502

01011110
1 00111101 0.499451245251
0 010111100 0.500548754749

00011110
1 00111101 0.501409085785
0 000111100 0.498590914215

011110
1 00111101 0.499756008296
0 0111100 0.500243991704

01011011
1 10110111 0.49404716184
0 010110110 0.50595283816

010011011
1 00110111 0.49721627409
0 100110110 0.50278372591

10011011
1 10110111 0.49793956044
0 100110110 0.50206043956

001011011
1 10110111 0.490681843544
0 0110 0.509318156456

111011011
1 10110111 0.513738019169
0 110110 0.486261980831

0011011
1 00110111 0.502651839179
0 00110110 0.497348160821

00011011
1 00110111 0.507330378452
0 000110110 0.492669621548

011011
1 10110111 0.49835958975
0 0110110 0.50164041025

000011011
1 10110111 0.518425841674
0 000110110 0.481574158326

0011000
1 00110001 0.499353902655
0 00110000 0.500646097345

010011000
1 00110001 0.498016427334
0 0110000 0.501983572666

001010110
1 010101101 0.502452650225
0 00 0.497547349775

01010110
1 010101101 0.502996122665
0 010101100 0.497003877335

1010110
1 10101101 0.502517721828
0 010101100 0.497482278172

11010110
1 10101101 0.501435406699
0 110101100 0.498564593301

111010110
1 10101101 0.486546531721
0 100101100 0.513453468279

000111100
1 01111001 0.510739317206
0 1111000 0.489260682794

0111100
1 01111001 0.501158395318
0 01111000 0.498841604682

001001111
1 0011111 0.502603369066
0 10011110 0.497396630934

1001111
1 10011111 0.496522083357
0 10011110 0.503477916643

001111
1 0011111 0.498900479278
0 0011110 0.501099520722

01001111
1 10011111 0.502928102731
0 0011110 0.497071897269

00001111
1 00011111 0.507685403343
0 0011110 0.492314596657

010001111
1 0011111 0.493923732365
0 00011110 0.506076267635

101001111
1 10011111 0.50365463682
0 011110 0.49634536318

0001111
1 00011111 0.501264968797
0 00011110 0.498735031203

101001010
1 10010101 0.495735666337
0 010010100 0.504264333663

001001010
1 010010101 0.500611609684
0 010010100 0.499388390316

1001010
1 10010101 0.499640487851
0 10010100 0.500359512149

111001010
1 110010101 0.50006946374
0 010100 0.49993053626

000001010
1 0010101 0.501000865614
0 010100 0.498999134386

00001010
1 0010101 0.500026961445
0 000010100 0.499973038555

011001010
1 110010101 0.50357927564
0 0010100 0.49642072436

001010
1 0010101 0.499431248815
0 0010100 0.500568751185

10001010
1 00010101 0.498414247377
0 100010100 0.501585752623

0001010
1 00010101 0.499222773415
0 00010100 0.500777226585

110001010
1 00010101 0.496363510425
0 0010100 0.503636489575

011110000
1 00001 0.5
0 111100000 0.5

11110000
1 111100001 0.502678252589
0 111100000 0.497321747411

011011011
1 10110111 0.473162193699
0 110110110 0.526837806301

101111000
1 11110001 0.5
0 011110000 0.5

1111000
1 11110001 0.494311683621
0 11110000 0.505688316379

01111000
1 011110001 0.497922268394
0 011110000 0.502077731606

111001111
1 0011111 0.47374301676
0 110011110 0.52625698324

11001111
1 110011111 0.470655270655
0 110011110 0.529344729345

101111011
1 11110111 0.51561461794
0 001110110 0.48438538206

010110011
1 101100111 0.512792681036
0 100110 0.487207318964

10110011
1 101100111 0.512310370555
0 101100110 0.487689629445

0110011
1 01100111 0.500266067522
0 001100110 0.499733932478

001111011
1 11110111 0.521191294387
0 011110110 0.478808705613

001101111
1 011011111 0.494983277592
0 11011110 0.505016722408

101101111
1 011011111 0.506555423123
0 001011110 0.493444576877

011110011
1 0111 0.5
0 111100110 0.5

001100011
1 0111 0.497137623082
0 011000110 0.502862376918

100101011
1 001010111 0.496751692539
0 0110 0.503248307461

101011011
1 0111 0.501478560867
0 110110 0.498521439133

00101011
1 001010111 0.498513785917
0 001010110 0.501486214083

000101011
1 001010111 0.500273112113
0 01010110 0.499726887887

101111110
1 011111101 0.485776805252
0 011111100 0.514223194748

001111110
1 011111101 0.499160604365
0 001011100 0.500839395635

011110110
1 1101 0.498402555911
0 11101100 0.501597444089

101101010
1 001011101 0.496510175593
0 100 0.503489824407

100101110
1 001011101 0.501230149855
0 01011100 0.498769850145

000111010
1 001110101 0.503454690407
0 01110100 0.496545309593

00111010
1 001110101 0.504274367259
0 001110100 0.495725632741

001101010
1 001011101 0.50478228881
0 011010100 0.49521771119

111100000
1 001011101 0.501436093825
0 11000000 0.498563906175

00101110
1 001011101 0.501280956447
0 001011100 0.498719043553

000101110
1 001011101 0.501331360947
0 011100 0.498668639053

110110110
1 1101 0.495192307692
0 01101100 0.504807692308

100111111
1 001111111 0.496837262795
0 101111110 0.503162737205

00111111
1 001111111 0.496761475641
0 001111110 0.503238524359

110011110
1 00111101 0.480086114101
0 0 0.519913885899

101001001
1 0010011 0.197007357328
0 010010 0.802992642672

001001
1 0010011 0.199989434888
0 0010010 0.800010565112

001111001
1 11110011 0.202705699712
0 11110010 0.797294300288

1001
1 10011 0.200411797276
0 10010 0.799588202724

110101001
1 10011 0.198797262736
0 0010 0.801202737264

011111001
1 10011 0.201452432825
0 11110010 0.798547567175

11111001
1 10011 0.202351557907
0 111110010 0.797648442093

11011001
1 110110011 0.194933920705
0 100110010 0.805066079295

10111001
1 101110011 0.200273678037
0 101110010 0.799726321963

010000001
1 00000011 0.196200966618
0 100000010 0.803799033382

0000001
1 00000011 0.19877327254
0 00000010 0.80122672746

100000001
1 00000011 0.200391715933
0 000000010 0.799608284067

100001001
1 000010011 0.200274304155
0 010010 0.799725695845

01001001
1 010010011 0.199574322143
0 010010010 0.800425677857

001001001
1 010010011 0.200698940713
0 10010010 0.799301059287

00001001
1 000010011 0.200244863541
0 0010010 0.799755136459

000001001
1 000010011 0.200215127365
0 00010010 0.799784872635

011101001
1 111010011 0.205654062522
0 10010 0.794345937478

111101001
1 111010011 0.203344679592
0 11010010 0.796655320408

11101001
1 111010011 0.204903846154
0 111010010 0.795096153846

0001001
1 00010011 0.200094315077
0 00010010 0.799905684923

010001001
1 00010011 0.200309678986
0 001110010 0.799690321014

111110001
1 111100011 0.202754954084
0 0010 0.797245045916

0100001
1 01000011 0.200903377848
0 0010 0.799096622152

110100001
1 01000011 0.198426017013
0 1000010 0.801573982987

11000001
1 110000011 0.196096828673
0 110000010 0.803903171327

00100001
1 000011 0.201392197556
0 0010 0.798607802444

111000001
1 110000011 0.197393956196
0 000010 0.802606043804

00001
1 000011 0.200148501291
0 000010 0.799851498709

000100001
1 000011 0.200852561722
0 1000010 0.799147438278

001100001
1 000011 0.208247237445
0 011000010 0.791752762555

110011001
1 100110011 0.196489628448
0 110010 0.803510371552

10011001
1 100110011 0.198760853835
0 100110010 0.801239146165

010011001
1 100110011 0.199322990127
0 00110010 0.800677009873

11100001
1 111000011 0.199036918138
0 111000010 0.800963081862

1000001
1 10000011 0.200047296806
0 10000010 0.799952703194

01000001
1 10000011 0.20099742745
0 010000010 0.79900257255

100001
1 1000011 0.200885815651
0 1000010 0.799114184349

1100001
1 11000011 0.200813102567
0 111000010 0.799186897433

0101001
1 01010011 0.200029802625
0 01010010 0.799970197375

1101001
1 11010011 0.204007658691
0 11010010 0.795992341309

10001
1 100011 0.200798773637
0 100010 0.799201226363

010110001
1 00011 0.19704866562
0 101100010 0.80295133438

110110001
1 011100011 0.212252773758
0 100010 0.787747226242

0110001
1 01100011 0.199178108224
0 001100010 0.800821891776

000110001
1 00011 0.199311157437
0 0010 0.800688842563

0001
1 00011 0.200472872782
0 00010 0.799527127218

101010001
1 00011 0.200711762817
0 010100010 0.799288237183

001110001
1 011100011 0.19973130318
0 011100010 0.80026869682

110001
1 011100011 0.199976535461
0 1100010 0.800023464539

1110001
1 011100011 0.200755731738
0 11100010 0.799244268262

10101001
1 101010011 0.201497201239
0 101010010 0.798502798761

101001
1 1010011 0.201289474537
0 1010010 0.798710525463

001101001
1 1010011 0.204269534751
0 11010010 0.795730465249

000101001
1 1010011 0.197858799418
0 001010010 0.802141200582

111001001
1 110010011 0.20306020899
0 10010010 0.79693979101

01001
1 010011 0.200385742767
0 010010 0.799614257233

11001001
1 110010011 0.20116837054
0 001110010 0.79883162946

10001001
1 100010011 0.199942927028
0 001110010 0.800057072972

010101001
1 0011 0.202157701608
0 101010010 0.797842298392

110001001
1 0011 0.198422686467
0 0010010 0.801577313533

001
1 0011 0.200442367318
0 0010 0.799557632682

001000001
1 0011 0.201888292264
0 0000010 0.798111707736

111100001
1 0011 0.196542742126
0 111000010 0.803457257874

110010001
1 0011 0.203773584906
0 100100010 0.796226415094

1001001
1 10010011 0.199884647566
0 10010010 0.800115352434

011001001
1 10010011 0.199252540522
0 001110010 0.800747459478

01100001
1 011000011 0.20263653484
0 011000010 0.79736346516

101100001
1 011000011 0.196458601246
0 111000010 0.803541398754

010100001
1 101000011 0.200425807147
0 101000010 0.799574192853

01101001
1 011010011 0.203616203616
0 011010010 0.796383796384

100101001
1 001010011 0.199285559645
0 01010010 0.800714440355

00101001
1 001010011 0.198570926871
0 001010010 0.801429073129

11010001
1 110100011 0.201181355635
0 110100010 0.798818644365

0010001
1 00100011 0.201103081638
0 00100010 0.798896918362

100010001
1 00100011 0.198892598323
0 000100010 0.801107401677

10110001
1 101100011 0.200189327886
0 101100010 0.799810672114

000001
1 0000011 0.1994085685
0 0000010 0.8005914315

00000001
1 0000011 0.201155234657
0 000000010 0.798844765343

00010001
1 000100011 0.200497637438
0 000100010 0.799502362562

1010001
1 10100011 0.200754605585
0 10100010 0.799245394415

010001
1 0100011 0.200996504335
0 0100010 0.799003495665

001010001
1 10100011 0.20040183541
0 0100010 0.79959816459

01010001
1 10100011 0.200557928925
0 010100010 0.799442071075

00011001
1 000110011 0.202040263609
0 00110010 0.797959736391

0011001
1 00110011 0.20040211449
0 00110010 0.79959788551

111111001
1 001110011 0.206172839506
0 0010 0.793827160494

111001
1 001110011 0.201830933753
0 1110010 0.798169066247

101111001
1 001110011 0.204796550795
0 011110010 0.795203449205

00111001
1 001110011 0.202084645549
0 001110010 0.797915354451

11001
1 110011 0.200519510843
0 110010 0.799480489157

111011001
1 110011 0.194075587334
0 100110010 0.805924412666

100111001
1 110011 0.203359571533
0 001110010 0.796640428467

000011001
1 110011 0.204619271021
0 0110010 0.795380728979

0111001
1 01110011 0.201552835144
0 011110010 0.798447164856

110111001
1 01110011 0.201033973412
0 101110010 0.798966026588

0101101
1 01011011 0.200076840326
0 01011010 0.799923159674

01001101
1 010011011 0.198054793746
0 010011010 0.801945206254

001001101
1 010011011 0.196670050761
0 011010 0.803329949239

011001101
1 10011011 0.195231350331
0 110011010 0.804768649669

1001101
1 10011011 0.198617679156
0 10011010 0.801382320844

00101101
1 001011011 0.201316498922
0 001011010 0.798683501078

101101
1 111011011 0.199698577433
0 1011010 0.800301422567

011101101
1 111011011 0.190505644039
0 111011010 0.809494355961

001101
1 0011011 0.198947117621
0 0011010 0.801052882379

111001101
1 0011011 0.206439826444
0 011010 0.793560173556

0001101
1 00011011 0.199275280263
0 0011010 0.800724719737

101001101
1 011011 0.201228592703
0 010011010 0.798771407297

110001101
1 011011 0.1940751108
0 0011010 0.8059248892

00001101
1 000011011 0.19960949916
0 0011010 0.80039050084

01101
1 011011 0.199308402847
0 011010 0.800691597153

111100111
1 1001111 0.214958775029
0 001110 0.785041224971

00100111
1 001001111 0.199498961261
0 001001110 0.800501038739

100111
1 1001111 0.200794867427
0 1001110 0.799205132573

0000111
1 00001111 0.200869917966
0 00001110 0.799130082034

00111
1 001111 0.201009866315
0 001110 0.798990133685

100100111
1 01001111 0.199049630412
0 001110 0.800950369588

000100111
1 001111 0.199950972381
0 001001110 0.800049027619

0100111
1 01001111 0.199813903653
0 001001110 0.800186096347

110000111
1 001111 0.190617171487
0 100001110 0.809382828513

10000111
1 00001111 0.19746051687
0 100001110 0.80253948313

010100111
1 101001111 0.204915824916
0 001110 0.795084175084

011000111
1 0001111 0.204469005286
0 001110 0.795530994714

001000111
1 010001111 0.202526536707
0 10001110 0.797473463293

000111
1 0001111 0.201224064982
0 0001110 0.798775935018

101000111
1 0001111 0.197984094692
0 10001110 0.802015905308

11000111
1 0001111 0.203415964891
0 110001110 0.796584035109

10100111
1 101001111 0.200522145376
0 101001110 0.799477854624

01101101
1 011011011 0.201575914383
0 011011010 0.798424085617

001101101
1 011011011 0.199409493527
0 011010 0.800590506473

1101101
1 011011011 0.198210723569
0 111011010 0.801789276431

001100111
1 1001111 0.196268140981
0 011001110 0.803731859019

11100111
1 111001111 0.206387639802
0 111001110 0.793612360198

1100111
1 11001111 0.204855842185
0 11001110 0.795144157815

101011001
1 010110011 0.201860920666
0 10110010 0.798139079334

01011001
1 010110011 0.198595756475
0 010110010 0.801404243525

1011001
1 10110011 0.197859515316
0 10110010 0.802140484684

011011001
1 10110011 0.195723684211
0 100110010 0.804276315789

001011001
1 10110011 0.197098324574
0 010110010 0.802901675426

011001
1 0110011 0.19918502903
0 0110010 0.80081497097

10111101
1 101111011 0.199946857978
0 001111010 0.800053142022

00111101
1 001111011 0.197087707416
0 001111010 0.802912292584

00110111
1 001101111 0.203539823009
0 001101110 0.796460176991

10110111
1 101101111 0.208524916118
0 001101110 0.791475083882

01111001
1 011110011 0.203649635036
0 011110010 0.796350364964

00110001
1 001100011 0.198256684978
0 001100010 0.801743315022

010101101
1 101011011 0.19663629993
0 1011010 0.80336370007

10101101
1 101011011 0.197392742485
0 101011010 0.802607257515

0011111
1 00111111 0.20066681736
0 00111110 0.79933318264

10011111
1 100111111 0.198063781321
0 100111110 0.801936218679

00011111
1 00111111 0.203230148048
0 000111110 0.796769851952

10010101
1 100101011 0.198525618399
0 100101010 0.801474381601

010010101
1 100101011 0.197442463861
0 00101010 0.802557536139

110010101
1 00101011 0.203020134228
0 100101010 0.796979865772

0010101
1 00101011 0.198401616008
0 00101010 0.801598383992

00010101
1 000101011 0.198277962797
0 00101010 0.801722037203

11110001
1 111100011 0.201656113005
0 111100010 0.798343886995

011110001
1 011100011 0.200540009818
0 111100010 0.799459990182

110011111
1 00111111 0.21004842615
0 0111110 0.78995157385

11110111
1 111101111 0.213166144201
0 111101110 0.786833855799

101100111
1 01111 0.21067961165
0 1001110 0.78932038835

01100111
1 011001111 0.203285663633
0 011001110 0.796714336367

011011111
1 0111111 0.198504027618
0 110111110 0.801495972382

110111
1 111101111 0.222136580854
0 1101110 0.777863419146

01010111
1 010101111 0.217003540537
0 010101110 0.782996459463

001010111
1 010101111 0.199095332739
0 01110 0.800904667261

0111
1 01111 0.219420776059
0 01110 0.780579223941

011111101
1 1111011 0.18485237484
0 1111010 0.81514762516

1101
1 11011 0.221083246282
0 11010 0.778916753718

001110101
1 011 0.197357004605
0 011101010 0.802642995395

01011101
1 011 0.221859858367
0 010111010 0.778140141633

001011101
1 011 0.19798533442
0 010 0.80201466558

11010101
1 110101011 0.224147193124
0 110101010 0.775852806876

01110101
1 011101011 0.222410865874
0 011101010 0.777589134126

010101
1 0101011 0.219731291647
0 0101010 0.780268708353

011111
1 0111111 0.218277773559
0 0111110 0.781722226441

001111111
1 011111111 0.200680272109
0 011111110 0.799319727891

11111101
1 111111011 0.219560878244
0 111111010 0.780439121756

111010111
1 10101111 0.223922114047
0 10 0.776077885953

10100010
1 101000101 0.300211221274
0 101000100 0.699788778726

101100010
1 1000101 0.299009530929
0 011000100 0.700990469071

100010
1 1000101 0.300303368356
0 1000100 0.699696631644

010010
1 00100101 0.300284996875
0 0100100 0.699715003125

010010010
1 00100101 0.299340903076
0 100100100 0.700659096924

01010010
1 010100101 0.298909454219
0 010100100 0.701090545781

101010010
1 010100101 0.299746482228
0 0100100 0.700253517772

10010010
1 100100101 0.298873039241
0 100100100 0.701126960759

1010010
1 110100101 0.30020803514
0 010100100 0.69979196486

011010010
1 110100101 0.304274450861
0 0100100 0.695725549139

0010010
1 00100101 0.300319488818
0 00100100 0.699680511182

00010010
1 00100101 0.301767599764
0 001100100 0.698232400236

10010
1 100101 0.29991539703
0 001100100 0.70008460297

11010010
1 110100101 0.303024182442
0 110100100 0.696975817558

10110010
1 101100101 0.30073919578
0 101100100 0.69926080422

001010010
1 010100101 0.298080326294
0 0100 0.701919673706

111010010
1 110100101 0.30015721369
0 0100 0.69984278631

110000010
1 0000101 0.300245098039
0 100000100 0.699754901961

0010
1 00101 0.29997762792
0 00100 0.70002237208

0000010
1 00000101 0.299462938204
0 00000100 0.700537061796

100000010
1 000000101 0.300406228842
0 00000100 0.699593771158

000010
1 0000101 0.29977754633
0 0000100 0.70022245367

1000010
1 00101 0.300091620668
0 10000100 0.699908379332

011000010
1 110000101 0.303436466698
0 0000100 0.696563533302

1110010
1 11100101 0.298774740811
0 111100100 0.701225259189

11110010
1 111100101 0.296174043511
0 111100100 0.703825956489

111110010
1 1100101 0.298496462264
0 111100100 0.701503537736

011110010
1 00101 0.293767186068
0 111100100 0.706232813932

110010
1 1100101 0.298387155655
0 1100100 0.701612844345

101110010
1 1100101 0.306098753361
0 001100100 0.693901246639

100110010
1 00101 0.296099791161
0 001100100 0.703900208839

010110010
1 1100101 0.303950199816
0 01100100 0.696049800184

00000010
1 000000101 0.298715082537
0 000000100 0.701284917463

000000010
1 0000101 0.29702187274
0 0100 0.70297812726

001110010
1 00101 0.296605637748
0 0100 0.703394362252

111000010
1 110000101 0.303635843115
0 110000100 0.696364156885

110100010
1 01000101 0.299399663226
0 100 0.700600336774

100100010
1 001000101 0.298619196438
0 01000100 0.701380803562

10000010
1 01000101 0.300216031836
0 100000100 0.699783968164

010000010
1 01000101 0.300208998221
0 00000100 0.699791001779

0100010
1 01000101 0.299882061314
0 01000100 0.700117938686

011100010
1 111000101 0.306077862541
0 00100 0.693922137459

00010
1 000101 0.300039732092
0 000100 0.699960267908

101000010
1 000101 0.297649410629
0 10000100 0.702350589371

001100010
1 011000101 0.301245753114
0 011000100 0.698754246886

00100010
1 001000101 0.299736974649
0 001000100 0.700263025351

1100010
1 111000101 0.302053086963
0 011000100 0.697946913037

010100010
1 000101 0.300584953052
0 101000100 0.699415046948

000100010
1 000101 0.300846469664
0 1000100 0.699153530336

11100010
1 111000101 0.303883748586
0 111000100 0.696116251414

00110010
1 001100101 0.295465461223
0 001100100 0.704534538777

0110010
1 001100101 0.297994058649
0 01100100 0.702005941351

101000101
1 10001011 0.300884275279
0 001010 0.699115724721

1000101
1 10001011 0.300796982648
0 10001010 0.699203017352

00100101
1 001001011 0.301753881541
0 001001010 0.698246118459

010100101
1 1001011 0.300427725689
0 101001010 0.699572274311

100100101
1 1001011 0.301740976645
0 001001010 0.698259023355

100101
1 1001011 0.301072414022
0 1001010 0.698927585978

110100101
1 101001011 0.294007150215
0 101001010 0.705992849785

101100101
1 001011 0.30086690464
0 1001010 0.69913309536

11100101
1 111001011 0.301334627518
0 111001010 0.698665372482

111100101
1 1001011 0.301671732523
0 011001010 0.698328267477

0000101
1 001011 0.299666732754
0 00001010 0.700333267246

1100101
1 001011 0.30251052168
0 011001010 0.69748947832

00101
1 001011 0.300651087909
0 001010 0.699348912091

00000101
1 000001011 0.300643208475
0 000001010 0.699356791525

000000101
1 0001011 0.299138191715
0 000001010 0.700861808285

110000101
1 0001011 0.295728787589
0 00001010 0.704271212411

011000101
1 001011 0.305138339921
0 0001010 0.694861660079

001000101
1 000001011 0.301361260099
0 10001010 0.698638739901

01000101
1 000001011 0.301215175565
0 0001010 0.698784824435

000101
1 0001011 0.300230793969
0 0001010 0.699769206031

111000101
1 0001011 0.293213706214
0 110001010 0.706786293786

001100101
1 011001011 0.306368330465
0 011001010 0.693631669535

010011010
1 00110101 0.302002538429
0 100 0.697997461571

01011010
1 00110101 0.299302607058
0 010110100 0.700697392942

0011010
1 00110101 0.300337091383
0 00110100 0.699662908617

011011010
1 110110101 0.298718515245
0 10100 0.701281484755

110011010
1 00110101 0.29822777455
0 10100 0.70177222545

011010
1 00110101 0.299509266548
0 0110100 0.700490733452

1011010
1 110110101 0.298614407104
0 10110100 0.701385592896

101011010
1 00110101 0.294121212121
0 10110100 0.705878787879

10011010
1 00110101 0.301265320018
0 100110100 0.698734679982

111011010
1 110110101 0.292972972973
0 110110100 0.707027027027

001011010
1 00110101 0.301707406261
0 0100 0.698292593739

10001011
1 00010111 0.304432752591
0 100010110 0.695567247409

001001011
1 010010111 0.295967267326
0 010010110 0.704032732674

111001011
1 010010111 0.303591560638
0 0010110 0.696408439362

1001011
1 010010111 0.299288233812
0 10010110 0.700711766188

101001011
1 0010111 0.302044248933
0 010010110 0.697955751067

001011
1 0010111 0.300899311735
0 0010110 0.699100688265

000001011
1 0010111 0.299710546187
0 10110 0.700289453813

0001011
1 00010111 0.302510947985
0 0010110 0.697489052015

011001011
1 0010111 0.307279818005
0 0110 0.692720181995

00001110
1 00011101 0.302913223723
0 000011100 0.697086776277

001110
1 0011101 0.30101639135
0 0011100 0.69898360865

0001110
1 00011101 0.302873652754
0 00011100 0.697126347246

10001110
1 00011101 0.302833731649
0 100011100 0.697166268351

001001110
1 10011101 0.300180647788
0 010011100 0.699819352212

110001110
1 0011101 0.297051816557
0 1100 0.702948183443

11001110
1 0011101 0.296902524956
0 110011100 0.703097475044

100001110
1 00011101 0.303460613854
0 011100 0.696539386146

101001110
1 10011101 0.298596390719
0 1100 0.701403609281

1001110
1 10011101 0.299153192578
0 10011100 0.700846807422

111001110
1 10011101 0.297108818829
0 110011100 0.702891181171

110110101
1 001101011 0.313375796178
0 101101010 0.686624203822

00110101
1 001101011 0.294930440934
0 001101010 0.705069559066

010010111
1 00101111 0.294156270519
0 100101110 0.705843729481

0010111
1 00101111 0.295132164355
0 00101110 0.704867835645

00010111
1 00101111 0.295980004166
0 000101110 0.704019995834

0011101
1 00111011 0.299905749293
0 00111010 0.700094250707

00011101
1 000111011 0.296142155717
0 000111010 0.703857844283

10011101
1 100111011 0.303728330563
0 00111010 0.696271669437

111101110
1 011101 0.329183266932
0 111011100 0.670816733068

011001110
1 011101 0.296691885477
0 1100 0.703308114523

001101011
1 011010111 0.291973137192
0 011010110 0.708026862808

001111010
1 011110101 0.294952903135
0 11110100 0.705047096865

00101111
1 001011111 0.288906624102
0 001011110 0.711093375898

00111110
1 001111101 0.306468716861
0 001111100 0.693531283139

100111110
1 001111101 0.315864223832
0 001011100 0.684135776168

000111110
1 001111101 0.297156531532
0 1100 0.702843468468

100101010
1 001110111 0.301634623528
0 1010100 0.698365376472

00101010
1 001110111 0.300063422265
0 001010100 0.699936577735

00111011
1 001110111 0.303111250786
0 001110110 0.696888749214

000111011
1 001110111 0.304910784778
0 0110 0.695089215222

100111011
1 001110111 0.301329163409
0 110110 0.698670836591

001101110
1 011011101 0.294444444444
0 011011100 0.705555555556

11011101
1 110111011 0.275516312481
0 110111010 0.724483687519

011101
1 0111011 0.273864505709
0 0111010 0.726135494291

011010111
1 0101111 0.308638600328
0 0 0.691361399672

011110101
1 111101011 0.294642857143
0 0 0.705357142857

001011111
1 010111111 0.306322897483
0 0 0.693677102517

001111101
1 011111011 0.293886966551
0 0 0.706113033449

111111101
1 11111011 0.276663146779
0 111010 0.723336853221

111100010
1 0101 0.294539353264
0 111000100 0.705460646736

110111110
1 1111101 0.325123152709
0 100111100 0.674876847291

110111011
1 1 0.302552960348
0 101110110 0.697447039652

001110111
1 1 0.294971487818
0 0 0.705028512182

011011101
1 1 0.307248557813
0 110111010 0.692751442187

111111111
1 11111111 0.291208791209
0 e 0.708791208791

1111011
1 11110111 0.449929478138
0 11110110 0.550070521862

111101111
1 011011111 0.466911764706
0 11011110 0.533088235294

11011
1 110111 0.441022503229
0 110110 0.558977496771

110101011
1 01010111 0.431995206711
0 010110 0.568004793289

011
1 0111 0.442793901609
0 0110 0.557206098391

0101011
1 01010111 0.440246236411
0 01010110 0.559753763589

011101011
1 0111 0.442356625563
0 111010110 0.557643374437

11110
1 011111101 0.436153299733
0 111100 0.563846700267

011101110
1 1101 0.424900772927
0 111011100 0.575099227073

110
1 1101 0.437308767998
0 1100 0.562691232002

0101110
1 01011101 0.436570731211
0 01011100 0.563429268789

011111010
1 001011101 0.434739355352
0 11110100 0.565260644648

0
1 001011101 0.4382250873
0 00 0.56177475338

1101010
1 11010101 0.434769069075
0 11010100 0.565230930925

0111010
1 01110101 0.448170910155
0 01110100 0.551829089845

010101010
1 010101 0.437350754674
0 1010100 0.562649245326

01010
1 010101 0.437899984622
0 010100 0.562100015378

010101111
1 011111 0.445683601817
0 01011110 0.554316398183

01111
1 011111 0.445455467984
0 011110 0.554544532016

0111111
1 001111111 0.450687076013
0 101111110 0.549312923987

011001111
1 011111 0.467441860465
0 110011110 0.532558139535

1111110
1 11111101 0.435727952687
0 111111100 0.564272047313

111111110
1 111111101 0.451499118166
0 001011100 0.548500881834

011111111
1 111 0.455026455026
0 111111110 0.544973544974

010111110
1 101111101 0.430901676484
0 100111100 0.569098323516

110111010
1 1110101 0.454658128486
0 01110100 0.545341871514

110101110
1 1011101 0.432472169712
0 1100 0.567527830288

1101110
1 11011101 0.331054300436
0 11011100 0.668945699564

010101110
1 011101 0.337931429226
0 01011100 0.662068570774

01110
1 011101 0.335583679601
0 011100 0.664416320399

011111110
1 111111101 0.341403162055
0 111111100 0.658596837945

011101010
1 0101 0.333557272422
0 111010100 0.666442727578

010111010
1 0101 0.346485450844
0 01110100 0.653514549156

010
1 0101 0.337754518484
0 0100 0.662245481516

110101010
1 01010101 0.340372742485
0 100 0.659627257515

0101010
1 01010101 0.337806151931
0 01010100 0.662193848069

11010
1 110101 0.33987650152
0 110100 0.66012349848

01011
1 010111 0.340835506219
0 010110 0.659164493781

010101011
1 010111 0.338818796855
0 1010110 0.661181203145

0111011
1 01110111 0.338058041488
0 01110110 0.661941958512

0111110
1 01111101 0.334984700568
0 01111100 0.665015299432

1101011
1 11010111 0.342560553633
0 11010110 0.657439446367

110101111
1 01011111 0.355893965031
0 101011110 0.644106034969

0101111
1 01011111 0.337972278113
0 01011110 0.662027721887

10101110
1 101011101 0.358177401943
0 01011100 0.641822598057

11101010
1 111010101 0.352062058991
0 111010100 0.647937941009

101010
1 1010101 0.359339543126
0 1010100 0.640660456874

10
1 101 0.359780396126
0 100 0.640219603874

10111010
1 101 0.370793297127
0 01110100 0.629206702873

1111010
1 11110101 0.336697156492
0 11110100 0.663302843508

111111010
1 11110101 0.34168797954
0 10100 0.65831202046

1110
1 11101 0.357650743699
0 001011100 0.642349256301

10101011
1 10111 0.360605211544
0 010110 0.639394788456

1011
1 10111 0.363899224897
0 10110 0.636100775103

111101011
1 10111 0.338833883388
0 1010110 0.661166116612

111110
1 1111101 0.356974713342
0 1111100 0.643025286658

010111111
1 1111111 0.355786895285
0 101111110 0.644213104715

011101111
1 1 0.344965675057
0 111011110 0.655034324943

101111
1 1011111 0.365319580656
0 001011110 0.634680419344

111011
1 1110111 0.363436387633
0 001110110 0.636563612367

011111011
1 1110111 0.338321753073
0 110110 0.661678246927

11111011
1 111110111 0.357703428335
0 11110110 0.642296571665

0101
1 01011 0.271939039257
0 01010 0.728060960743

01010101
1 010101011 0.269865289406
0 010101010 0.730134710594

110101
1 1101011 0.27073368061
0 1101010 0.72926631939

010111
1 0101111 0.266817781887
0 0101110 0.733182218113

01110111
1 011101111 0.267482785004
0 011101110 0.732517214996

01111101
1 011111011 0.271277366971
0 011111010 0.728722633029

11010111
1 110101111 0.271349862259
0 110101110 0.728650137741

01011111
1 010111111 0.27005126509
0 010111110 0.72994873491

101011101
1 1011 0.262338314706
0 111010 0.737661685294

1010101
1 10101011 0.257581042882
0 10101010 0.742418957118

111010101
1 10101011 0.268890825345
0 1010 0.731109174655

101
1 1011 0.258262867721
0 1010 0.741737132279

11110101
1 111101011 0.268418721394
0 111101010 0.731581278606

11101
1 111011 0.259437192604
0 111010 0.740562807396

10111
1 101111 0.254351916564
0 101110 0.745648083436

1111101
1 11111011 0.257498404595
0 11111010 0.742501595405

1111111
1 11111111 0.264338444066
0 011111110 0.735661555934

11111
1 111111 0.260355528097
0 111110 0.739644471903

1
1 11 0.261258031091
0 10 0.738741968909

111
1 1111 0.260118781216
0 1110 0.739881218784

1011111
1 10111111 0.254339273316
0 10111110 0.745660726684

1110111
1 11101111 0.252228458237
0 11101110 0.747771541763

101111111
1 e 0.257557436518
0 e 0.742442563482

111011111
1 e 0.256709451575
0 10111110 0.743290548425

111110111
1 1111 0.256351039261
0 101110 0.743648960739

11111111
1 111111111 0.390977443609
0 111111110 0.609022556391

10111111
1 101111111 0.376251137398
0 101111110 0.623748862602

11101111
1 111011111 0.373909249564
0 111011110 0.626090750436

111111
1 1111111 0.379894294035
0 1111110 0.620105705965

1111
1 11111 0.375880086557
0 11110 0.624119913443

e
1 1 0.3723342
0 0 0.6276658

11
1 111 0.374400284553
0 110 0.625599715447

10111110
1 101111101 0.397579143389
0 100111100 0.602420856611

11101110
1 111011101 0.396615158205
0 111011100 0.603384841795

11101011
1 111010111 0.415186949617
0 111010110 0.584813050383

111111011
1 1 0.423636363636
0 11110110 0.576363636364

10111011
1 101110111 0.40542177798
0 101110110 0.59457822202

10101111
1 101011111 0.421617535903
0 101011110 0.578382464097

111010
1 1110101 0.416751902033
0 1110100 0.583248097967

101110
1 1011101 0.405860214279
0 111011100 0.594139785721

101011
1 1010111 0.413535559155
0 1010110 0.586464440845

11111010
1 111110101 0.40868070477
0 111110100 0.59131929523

111101010
1 10101 0.418768920283
0 1010100 0.581231079717

10101010
1 10101 0.410119732344
0 010100 0.589880267656

1010
1 10101 0.410218124897
0 10100 0.589781875103

101110111
1 01111 0.227867015316
0 1110 0.772132984684

101011111
1 0111111 0.227680172105
0 111110 0.772319827895

101111101
1 11 0.233021077283
0 e 0.766978922717

1110101
1 11101011 0.232887305003
0 11101010 0.767112694997

111011101
1 10111011 0.228571428571
0 10 0.771428571429

1011101
1 10111011 0.234598166702
0 10111010 0.765401833298

1010111
1 10101111 0.229313273477
0 10101110 0.770686726523

111110101
1 101011 0.232386961094
0 010 0.767613038906

10101
1 101011 0.231664629772
0 101010 0.768335370228

