1111
0 11110 0.676142697882
1 1111 0.323857302118

10111
0 01110 0.679661016949
1 1111 0.320338983051

11011
0 10110 0.699652142073
1 10111 0.300347857927

11110
0 11100 0.702308326463
1 11101 0.297691673537

11101
0 11010 0.697618194842
1 11011 0.302381805158

01110
0 11100 0.732343982433
1 11101 0.267656017567

01101
0 11010 0.724793056923
1 11011 0.275206943077

11
0 110 0.7341904306
1 10111 0.2658095694

10011
0 10110 0.726251044119
1 00111 0.273748955881

10110
0 1100 0.734878339781
1 01101 0.265121660219

11001
0 10010 0.739246202888
1 10011 0.260753797112

11100
0 11000 0.747020139745
1 11001 0.252979860255

11010
0 10100 0.743882603824
1 10101 0.256117396176

0011
0 00110 0.761369217169
1 00111 0.238630782831

110
0 1100 0.760365372793
1 1101 0.239634627207

10101
0 1010 0.730862605265
1 01011 0.269137394735

00110
0 1100 0.784020297147
1 01101 0.215979702853

01001
0 10010 0.784536896042
1 10011 0.215463103958

1100
0 11000 0.78223764802
1 11001 0.21776235198

01010
0 10100 0.788371173861
1 10101 0.211628826139

10010
0 00100 0.794553468592
1 10101 0.205446531408

11000
0 10000 0.806159628334
1 10001 0.193840371666

10100
0 01000 0.802757904079
1 1001 0.197242095921

1
0 10 0.811064214652
1 11 0.188935785348

10001
0 10 0.787667946257
1 0011 0.212332053743

00001
0 00010 0.866771411276
1 0011 0.133228588724

00100
0 01000 0.873940957153
1 01001 0.126059042847

01000
0 10000 0.879347266982
1 10001 0.120652733018

00010
0 00100 0.870317068434
1 00101 0.129682931566

10000
0 00000 0.884887284568
1 1 0.115112715432

00111
0 01110 0.707107086506
1 1111 0.292892913494

01011
0 10110 0.716264090177
1 10111 0.283735909823

1101
0 11010 0.7169288176
1 11011 0.2830711824

1001
0 10010 0.774182485382
1 10011 0.225817514618

1010
0 10100 0.778006079949
1 10101 0.221993920051

00101
0 01010 0.77500080935
1 01011 0.22499919065

100
0 01000 0.851229296479
1 1001 0.148770703521

10
0 100 0.832604967051
1 10101 0.167395032949

00000
0 00000 0.988813590777
1 00001 0.0111863874207

