01111
1 11111 0.313272877164
0 11110 0.686727122836

11110
1 11101 0.297691673537
0 11100 0.702308326463

11100
1 11001 0.252979860255
0 11000 0.747020139745

11000
1 10001 0.193840371666
0 10000 0.806159628334

10000
1 00001 0.115112715432
0 00000 0.884887284568

00000
1 00001 0.0111863874207
0 00000 0.988813590777

00001
1 00011 0.133228588724
0 00010 0.866771411276

00010
1 00101 0.129682931566
0 00100 0.870317068434

00100
1 01001 0.126059042847
0 01000 0.873940957153

01000
1 10001 0.120652733018
0 10000 0.879347266982

10001
1 00011 0.212332053743
0 00010 0.787667946257

00011
1 00111 0.228979276666
0 00110 0.771020723334

00110
1 01101 0.215979702853
0 01100 0.784020297147

01100
1 11001 0.20673644026
0 11000 0.79326355974

11001
1 10011 0.260753797112
0 10010 0.739246202888

10010
1 00101 0.205446531408
0 00100 0.794553468592

00101
1 01011 0.22499919065
0 01010 0.77500080935

01010
1 10101 0.211628826139
0 10100 0.788371173861

10100
1 01001 0.197242095921
0 01000 0.802757904079

01001
1 10011 0.215463103958
0 10010 0.784536896042

10011
1 00111 0.273748955881
0 00110 0.726251044119

00111
1 01111 0.292892913494
0 01110 0.707107086506

01110
1 11101 0.267656017567
0 11100 0.732343982433

11101
1 11011 0.302381805158
0 11010 0.697618194842

11010
1 10101 0.256117396176
0 10100 0.743882603824

10101
1 01011 0.269137394735
0 01010 0.730862605265

01011
1 10111 0.283735909823
0 10110 0.716264090177

10110
1 01101 0.265121660219
0 01100 0.734878339781

01101
1 11011 0.275206943077
0 11010 0.724793056923

11011
1 10111 0.300347857927
0 10110 0.699652142073

10111
1 01111 0.320338983051
0 01110 0.679661016949

10111
1 01111 0.320338983051
0 01110 0.679661016949

11011
1 10111 0.300347857927
0 10110 0.699652142073

10101
1 01011 0.269137394735
0 01010 0.730862605265

01011
1 10111 0.283735909823
0 10110 0.716264090177

10011
1 00111 0.273748955881
0 00110 0.726251044119

01101
1 11011 0.275206943077
0 11010 0.724793056923

00111
1 01111 0.292892913494
0 01110 0.707107086506

01001
1 10011 0.215463103958
0 10010 0.784536896042

00101
1 01011 0.22499919065
0 01010 0.77500080935

00011
1 00111 0.228979276666
0 00110 0.771020723334

00001
1 00011 0.133228588724
0 00010 0.866771411276

10001
1 00011 0.212332053743
0 00010 0.787667946257

11001
1 10011 0.260753797112
0 10010 0.739246202888

11101
1 11011 0.302381805158
0 11010 0.697618194842

11111
1 11111 0.34595524957
0 11110 0.65404475043

11111
1 11111 0.34595524957
0 11110 0.65404475043

