1111
1 1111 0.50464551053
0 11110 0.49535448947

11110
1 111101 0.753169301744
0 111100 0.246830698256

111101
1 1111 0.352542956861
0 1111010 0.647457043139

111100
1 1111001 1.0

1111010
1 111101 0.398703116069
0 1111 0.601296883931

1111001
0 111101 1.0

1111010010
1 1111010001 0.430166817896
0 1111 0.569833182104

1111010001
1 111100 0.301353255349
0 1111 0.698646744651

1111001010
1 111101 0.472779612226
0 1111 0.527220387774

11110101001
1 1111 0.537496833038
0 1111010 0.462503166962

1110
1 1111010001 0.784596621517
0 111100 0.215403378483

011
1 111101 0.58190973078
0 11110 0.41809026922

010001110
1 0100011101 0.85777936096
0 111100 0.14222063904

10100110
1 111101 0.641966869947
0 111100 0.358033130053

00
1 111101 0.704503418031
0 111100 0.295496581969

0100011101
1 1111 0.211052957694
0 01001010001 0.788947042306

01001010001
1 111100 0.243267716535
0 1111010010 0.756732283465

001110
1 01001010001 0.828050344717
0 111100 0.171949655283

