010011
0 0100110 0.527841172058
1 1111 0.472158827942

111010001
0 010011 0.722773382809
1 111100 0.277226617191

0100110
0 111100 0.314186369958
1 111101 0.685813630042

110100101
0 111101 0.680526135975
1 1111 0.319473864025

11101001
0 1111010 0.433968085106
1 111101 0.566031914894

010001110
0 111100 0.14222063904
1 100011101 0.85777936096

100011101
0 000111010 0.788947042306
1 1111 0.211052957694

001010010
0 1111 0.563568403994
1 110100101 0.436431596006

000111010
0 1111010 0.751136287681
1 111101 0.248863712319

10100110
0 111100 0.358033130053
1 111101 0.641966869947

