00000101
1 00001011 0.201827772089
0 00001010 0.798172227911

10110001
1 01100011 0.256607252612
0 01100010 0.743392747388

11001010
1 10010101 0.26426609704
0 10010100 0.73573390296

11001011
1 10010111 0.289074355083
0 10010110 0.710925644917

10110000
1 01100001 0.184301464538
0 01100000 0.815698535462

11010001
1 10100011 0.245143385754
0 10100010 0.754856614246

11010000
1 10100001 0.174442675159
0 10100000 0.825557324841

01000001
1 10000011 0.177638724911
0 10000010 0.822361275089

10001000
1 00010001 0.148021062627
0 00010000 0.851978937373

10000000
1 00000001 0.0769868907403
0 00000000 0.92301310926

01111000
1 11110001 0.23668503214
0 11110000 0.76331496786

01111001
1 11110011 0.301607717042
0 11110010 0.698392282958

10111010
1 01110101 0.272727272727
0 01110100 0.727272727273

00100001
1 01000011 0.185052337123
0 01000010 0.814947662877

00100000
1 01000001 0.0893050471073
0 01000000 0.910694952893

00010100
1 00101001 0.176119466849
0 00101000 0.823880533151

00010101
1 00101011 0.252292376212
0 00101010 0.747707623788

10111000
1 01110001 0.228244654401
0 01110000 0.771755345599

10111001
1 01110011 0.274740484429
0 01110010 0.725259515571

10011001
1 00110011 0.261311172669
0 00110010 0.738688827331

10111110
1 01111101 0.311584553928
0 01111100 0.688415446072

00110000
1 01100001 0.155496870516
0 01100000 0.844503129484

00110001
1 01100011 0.239022527682
0 01100010 0.760977472318

11100001
1 11000011 0.237736984652
0 11000010 0.762263015348

11100000
1 11000001 0.16673992674
0 11000000 0.83326007326

01100000
1 11000001 0.139905397114
0 11000000 0.860094602886

00111101
1 01111011 0.292280494991
0 01111010 0.707719505009

10100000
1 01000001 0.133016259691
0 01000000 0.866983740309

10100001
1 01000011 0.213950511945
0 01000010 0.786049488055

00111000
1 01110001 0.210056350238
0 01110000 0.789943649762

00011110
1 00111101 0.280393053016
0 00111100 0.719606946984

00011111
1 00111111 0.3343832021
0 00111110 0.6656167979

00100101
1 01001011 0.254949121184
0 01001010 0.745050878816

00001100
1 00011001 0.185574506097
0 00011000 0.814425493903

00001101
1 00011011 0.258562069823
0 00011010 0.741437930177

10001110
1 00011101 0.268242848803
0 00011100 0.731757151197

11001001
1 10010011 0.255590062112
0 10010010 0.744409937888

11001000
1 10010001 0.185004623014
0 10010000 0.814995376986

11111100
1 11111001 0.282485875706
0 11111000 0.717514124294

11111101
1 11111011 0.336470588235
0 11111010 0.663529411765

01111011
1 11110111 0.306818181818
0 11110110 0.693181818182

01111010
1 11110101 0.276967930029
0 11110100 0.723032069971

10111011
1 01110111 0.300884955752
0 01110110 0.699115044248

10001001
1 00010011 0.225506580322
0 00010010 0.774493419678

01100011
1 11000111 0.283917340521
0 11000110 0.716082659479

01100010
1 11000101 0.210759310942
0 11000100 0.789240689058

00010111
1 00101111 0.309398582209
0 00101110 0.690601417791

00010110
1 00101101 0.246731884685
0 00101100 0.753268115315

01000000
1 10000001 0.0831482397042
0 10000000 0.916851760296

00110011
1 01100111 0.282627239124
0 01100110 0.717372760876

00110010
1 01100101 0.221781630395
0 01100100 0.778218369605

10100011
1 01000111 0.275760549558
0 01000110 0.724239450442

10100010
1 01000101 0.210589410589
0 01000100 0.789410589411

00011101
1 00111011 0.290723700572
0 00111010 0.709276299428

00011100
1 00111001 0.239563648858
0 00111000 0.760436351142

10101010
1 01010101 0.23816701839
0 01010100 0.76183298161

10101011
1 01010111 0.319371727749
0 01010110 0.680628272251

00001111
1 00011111 0.296511627907
0 00011110 0.703488372093

00001110
1 00011101 0.25349350331
0 00011100 0.74650649669

11111111
1 11111111 0.34
0 11111110 0.66

11111110
1 11111101 0.3
0 11111100 0.7

01010110
1 10101101 0.275147100028
0 10101100 0.724852899972

01010111
1 10101111 0.32946486138
0 10101110 0.67053513862

00000000
1 00000001 0.00873166616458
0 00000000 0.991268311349

00000001
1 00000011 0.11366191659
0 00000010 0.88633808341

00111010
1 01110101 0.274240422721
0 01110100 0.725759577279

00111011
1 01110111 0.332716049383
0 01110110 0.667283950617

01101010
1 11010101 0.247402415052
0 11010100 0.752597584948

01101011
1 11010111 0.288727272727
0 11010110 0.711272727273

01000100
1 10001001 0.166036056087
0 10001000 0.833963943913

01000101
1 10001011 0.24254473161
0 10001010 0.75745526839

10001011
1 00010111 0.289424860853
0 00010110 0.710575139147

10001010
1 00010101 0.228028988466
0 00010100 0.771971011534

10011011
1 00110111 0.310722100656
0 00110110 0.689277899344

00001011
1 00010111 0.270843183609
0 00010110 0.729156816391

11100100
1 11001001 0.232034412955
0 11001000 0.767965587045

11100101
1 11001011 0.281575037147
0 11001010 0.718424962853

11101110
1 11011101 0.272727272727
0 11011100 0.727272727273

11101111
1 11011111 0.334285714286
0 11011110 0.665714285714

10101001
1 01010011 0.253019707565
0 01010010 0.746980292435

10101000
1 01010001 0.1908956135
0 01010000 0.8091043865

00000011
1 00000111 0.206609153385
0 00000110 0.793390846615

00110101
1 01101011 0.268026830632
0 01101010 0.731973169368

10000010
1 00000101 0.1620349566
0 00000100 0.8379650434

10000011
1 00000111 0.24442319949
0 00000110 0.75557680051

00100100
1 01001001 0.173051031488
0 01001000 0.826948968512

00000010
1 00000101 0.110423413521
0 00000100 0.889576586479

00000100
1 00001001 0.105482193885
0 00001000 0.894517806115

11011110
1 10111101 0.265753424658
0 10111100 0.734246575342

11011111
1 10111111 0.351955307263
0 10111110 0.648044692737

01101001
1 11010011 0.245583038869
0 11010010 0.754416961131

01101000
1 11010001 0.20071032571
0 11010000 0.79928967429

10110111
1 01101111 0.360465116279
0 01101110 0.639534883721

10110110
1 01101101 0.294042280589
0 01101100 0.705957719411

11001100
1 10011001 0.251387347392
0 10011000 0.748612652608

11001101
1 10011011 0.301316808675
0 10011010 0.698683191325

11000110
1 10001101 0.244417622209
0 10001100 0.755582377791

11000111
1 10001111 0.297692307692
0 10001110 0.702307692308

00111001
1 01110011 0.277278911565
0 01110010 0.722721088435

10110010
1 01100101 0.236414565826
0 01100100 0.763585434174

00101110
1 01011101 0.276756484513
0 01011100 0.723243515487

00101111
1 01011111 0.32689122032
0 01011110 0.67310877968

01000111
1 10001111 0.300194931774
0 10001110 0.699805068226

10110011
1 01100111 0.307121661721
0 01100110 0.692878338279

00110100
1 01101001 0.223040977714
0 01101000 0.776959022286

10011111
1 00111111 0.351239669421
0 00111110 0.648760330579

10011110
1 00111101 0.306788511749
0 00111100 0.693211488251

01001110
1 10011101 0.281267370762
0 10011100 0.718732629238

01001111
1 10011111 0.311454311454
0 10011110 0.688545688546

01011100
1 10111001 0.256646216769
0 10111000 0.743353783231

01011101
1 10111011 0.3071334214
0 10111010 0.6928665786

11100111
1 11001111 0.341538461538
0 11001110 0.658461538462

11100110
1 11001101 0.265646731572
0 11001100 0.734353268428

11101101
1 11011011 0.311450381679
0 11011010 0.688549618321

11101100
1 11011001 0.255771567436
0 11011000 0.744228432564

01110010
1 11100101 0.257559395248
0 11100100 0.742440604752

10010101
1 00101011 0.281929990539
0 00101010 0.718070009461

00011000
1 00110001 0.174256799494
0 00110000 0.825743200506

00011001
1 00110011 0.240100791937
0 00110010 0.759899208063

10000001
1 00000011 0.16946028313
0 00000010 0.83053971687

10010100
1 00101001 0.19772335948
0 00101000 0.80227664052

00100111
1 01001111 0.297774366846
0 01001110 0.702225633154

00100110
1 01001101 0.237405484194
0 01001100 0.762594515806

00101101
1 01011011 0.281757656458
0 01011010 0.718242343542

00101100
1 01011001 0.234950941395
0 01011000 0.765049058605

11001111
1 10011111 0.34375
0 10011110 0.65625

11001110
1 10011101 0.274741506647
0 10011100 0.725258493353

11000101
1 10001011 0.267250084147
0 10001010 0.732749915853

11000100
1 10001001 0.192496812967
0 10001000 0.807503187033

10001111
1 00011111 0.325597269625
0 00011110 0.674402730375

10011010
1 00110101 0.264609908039
0 00110100 0.735390091961

01100001
1 11000011 0.21856349043
0 11000010 0.78143650957

01000110
1 10001101 0.238824662813
0 10001100 0.761175337187

00011010
1 00110101 0.236965152184
0 00110100 0.763034847816

01001101
1 10011011 0.284555201391
0 10011010 0.715444798609

01001100
1 10011001 0.217306622148
0 10011000 0.782693377852

00011011
1 00110111 0.293296785447
0 00110110 0.706703214553

10110100
1 01101001 0.239769150052
0 01101000 0.760230849948

11010100
1 10101001 0.234064785789
0 10101000 0.765935214211

11010101
1 10101011 0.293842556508
0 10101010 0.706157443492

11110101
1 11101011 0.269014084507
0 11101010 0.730985915493

11110100
1 11101001 0.257958287596
0 11101000 0.742041712404

01011111
1 10111111 0.360049321825
0 10111110 0.639950678175

01010101
1 10101011 0.284781963809
0 10101010 0.715218036191

01010100
1 10101001 0.208623087622
0 10101000 0.791376912378

10111111
1 01111111 0.33971291866
0 01111110 0.66028708134

01110001
1 11100011 0.257108650105
0 11100010 0.742891349895

01011110
1 10111101 0.312056737589
0 10111100 0.687943262411

01010000
1 10100001 0.148025299244
0 10100000 0.851974700756

01010001
1 10100011 0.230252442997
0 10100010 0.769747557003

01110100
1 11101001 0.238805970149
0 11101000 0.761194029851

01110101
1 11101011 0.284027777778
0 11101010 0.715972222222

10110101
1 01101011 0.306332842415
0 01101010 0.693667157585

01111110
1 11111101 0.337209302326
0 11111100 0.662790697674

01111111
1 11111111 0.366666666667
0 11111110 0.633333333333

01101100
1 11011001 0.257911392405
0 11011000 0.742088607595

01101101
1 11011011 0.303225806452
0 11011010 0.696774193548

10010000
1 00100001 0.143766838109
0 00100000 0.856233161891

10010001
1 00100011 0.225066383431
0 00100010 0.774933616569

11101011
1 11010111 0.331666666667
0 11010110 0.668333333333

00111100
1 01111001 0.261458085965
0 01111000 0.738541914035

10011000
1 00110001 0.198527431086
0 00110000 0.801472568914

10011101
1 00111011 0.325867052023
0 00111010 0.674132947977

00110110
1 01101101 0.288548003174
0 01101100 0.711451996826

00110111
1 01101111 0.325015595758
0 01101110 0.674984404242

10101100
1 01011001 0.240839160839
0 01011000 0.759160839161

10101101
1 01011011 0.313911143481
0 01011010 0.686088856519

01100110
1 11001101 0.262944749783
0 11001100 0.737055250217

01100111
1 11001111 0.342329545455
0 11001110 0.657670454545

00010010
1 00100101 0.184538973689
0 00100100 0.815461026311

00010011
1 00100111 0.258610375182
0 00100110 0.741389624818

00001010
1 00010101 0.190453559252
0 00010100 0.809546440748

10010110
1 00101101 0.257321580893
0 00101100 0.742678419107

11010111
1 10101111 0.303691275168
0 10101110 0.696308724832

11010110
1 10101101 0.283538796229
0 10101100 0.716461203771

10100110
1 01001101 0.259520884521
0 01001100 0.740479115479

10010111
1 00101111 0.325053229241
0 00101110 0.674946770759

11011101
1 10111011 0.333855799373
0 10111010 0.666144200627

11011100
1 10111001 0.283601286174
0 10111000 0.716398713826

01110000
1 11100001 0.186149312377
0 11100000 0.813850687623

11011000
1 10110001 0.228521911364
0 10110000 0.771478088636

11011001
1 10110011 0.279485346676
0 10110010 0.720514653324

01010011
1 10100111 0.273473108478
0 10100110 0.726526891522

01010010
1 10100101 0.223064802048
0 10100100 0.776935197952

11111010
1 11110101 0.287637698898
0 11110100 0.712362301102

11111011
1 11110111 0.312
0 11110110 0.688

01011010
1 10110101 0.262984336356
0 10110100 0.737015663644

01011011
1 10110111 0.276695768972
0 10110110 0.723304231028

10000100
1 00001001 0.15670293945
0 00001000 0.84329706055

10000101
1 00001011 0.240566037736
0 00001010 0.759433962264

01111101
1 11111011 0.302477183833
0 11111010 0.697522816167

01111100
1 11111001 0.267556587348
0 11111000 0.732443412652

00101000
1 01010001 0.162807062436
0 01010000 0.837192937564

00101001
1 01010011 0.24225652976
0 01010010 0.75774347024

01101111
1 11011111 0.326558265583
0 11011110 0.673441734417

01101110
1 11011101 0.299931833674
0 11011100 0.700068166326

10010011
1 00100111 0.277237048666
0 00100110 0.722762951334

10010010
1 00100101 0.215784806385
0 00100100 0.784215193615

00010001
1 00100011 0.189225241507
0 00100010 0.810774758493

00010000
1 00100001 0.0949886627092
0 00100000 0.905011337291

11000000
1 10000001 0.125547125766
0 10000000 0.874452874234

11000001
1 10000011 0.202354200107
0 10000010 0.797645799893

00111111
1 01111111 0.345291479821
0 01111110 0.654708520179

00111110
1 01111101 0.306497987349
0 01111100 0.693502012651

11101000
1 11010001 0.217421930031
0 11010000 0.782578069969

11101001
1 11010011 0.270622286541
0 11010010 0.729377713459

10101111
1 01011111 0.316473988439
0 01011110 0.683526011561

10101110
1 01011101 0.285223367698
0 01011100 0.714776632302

01100101
1 11001011 0.289012003693
0 11001010 0.710987996307

01100100
1 11001001 0.206269592476
0 11001000 0.793730407524

10100101
1 01001011 0.270820089002
0 01001010 0.729179910998

10100100
1 01001001 0.202779353375
0 01001000 0.797220646625

11110110
1 11101101 0.309651474531
0 11101100 0.690348525469

00001001
1 00010011 0.195380646218
0 00010010 0.804619353782

00001000
1 00010001 0.100903856096
0 00010000 0.899096143904

10111101
1 01111011 0.288088642659
0 01111010 0.711911357341

01001000
1 10010001 0.155093090252
0 10010000 0.844906909748

01001001
1 10010011 0.233537670556
0 10010010 0.766462329444

10111100
1 01111001 0.267058823529
0 01111000 0.732941176471

11110000
1 11100001 0.220517132647
0 11100000 0.779482867353

11110001
1 11100011 0.27807486631
0 11100010 0.72192513369

11011011
1 10110111 0.281899109792
0 10110110 0.718100890208

11011010
1 10110101 0.261920313521
0 10110100 0.738079686479

11111001
1 11110011 0.285513361463
0 11110010 0.714486638537

11111000
1 11110001 0.24512387981
0 11110000 0.75487612019

11010010
1 10100101 0.246778711485
0 10100100 0.753221288515

11010011
1 10100111 0.283940397351
0 10100110 0.716059602649

01011001
1 10110011 0.271952259165
0 10110010 0.728047740835

01011000
1 10110001 0.205031225262
0 10110000 0.794968774738

10000111
1 00001111 0.295533642691
0 00001110 0.704466357309

10000110
1 00001101 0.234211886305
0 00001100 0.765788113695

00000110
1 00001101 0.193840185269
0 00001100 0.806159814731

00000111
1 00001111 0.279088570379
0 00001110 0.720911429621

10001101
1 00011011 0.272119185163
0 00011010 0.727880814837

10001100
1 00011001 0.209418548775
0 00011000 0.790581451225

00101011
1 01010111 0.297118688871
0 01010110 0.702881311129

00101010
1 01010101 0.238121597933
0 01010100 0.761878402067

11110111
1 11101111 0.354354354354
0 11101110 0.645645645646

00100010
1 01000101 0.176789684304
0 01000100 0.823210315696

00100011
1 01000111 0.251786695987
0 01000110 0.748213304013

11000011
1 10000111 0.27316403569
0 10000110 0.72683596431

11000010
1 10000101 0.198084329021
0 10000100 0.801915670979

01000010
1 10000101 0.168341188642
0 10000100 0.831658811358

01000011
1 10000111 0.259770790479
0 10000110 0.740229209521

10100111
1 01001111 0.313757039421
0 01001110 0.686242960579

10011100
1 00111001 0.24831838565
0 00111000 0.75168161435

11101010
1 11010101 0.25935483871
0 11010100 0.74064516129

01001011
1 10010111 0.284922394678
0 10010110 0.715077605322

01001010
1 10010101 0.22274835717
0 10010100 0.77725164283

11100010
1 11000101 0.219258843346
0 11000100 0.780741156654

11100011
1 11000111 0.276078431373
0 11000110 0.723921568627

01110011
1 11100111 0.319915254237
0 11100110 0.680084745763

01110111
1 11101111 0.312247644684
0 11101110 0.687752355316

01110110
1 11101101 0.272668810289
0 11101100 0.727331189711

11110011
1 11100111 0.293154761905
0 11100110 0.706845238095

11110010
1 11100101 0.245922208281
0 11100100 0.754077791719

