101101
0 1011010 0.64700617236
1 1011011 0.35299382764

1011011
1 110111 0.501692878186
0 0110110 0.498307121814

0110110
1 101101 0.753896485811
0 1101100 0.246103514189

1101100
1 1011001 1.0
0 11011000 0.0

1011001
1 10110011 0.0
0 0110010 1.0

0110010
1 1100101 0.359703711387
0 1100100 0.640296288613

1100100
1 1001001 0.505415374189
0 1001000 0.494584625811

1001000
1 0010001 1.0
0 10010000 0.0

0010001
1 0100011 0.301385610261
0 0100010 0.698614389739

0100010
1 1000101 0.473973379861
0 1000100 0.526026620139

1000100
1 0001001 0.516147449985
0 0001000 0.483852550015

0001000
1 0010001 1.0
0 00010000 0.0

0001001
1 0010011 0.513063403157
0 0010010 0.486936596843

0010010
1 0100101 0.421727247023
0 0100100 0.578272752977

0100100
1 1001001 0.500541851584
0 1001000 0.499458148416

1001001
1 0010011 0.536850721546
0 0010010 0.463149278454

0010011
1 0100111 0.493851201185
0 0110 0.506148798815

0110
0 01100 0.273911437717
1 01101 0.726088562283

01101
0 011010 0.644182801098
1 011011 0.355817198902

011011
0 0110110 0.498575054753
1 110111 0.501424945247

110111
0 1101110 0.496319076308
1 1111 0.503680923692

1111
0 11110 0.49535448947
1 1111 0.50464551053

11110
0 111100 0.246830698256
1 111101 0.753169301744

111101
0 1111010 0.647457043139
1 1111011 0.352542956861

1111011
1 110111 0.505004253163
0 1110110 0.494995746837

1110110
1 101101 0.751721338803
0 1101100 0.248278661197

1111010
1 1110101 0.398703116069
0 10100 0.601296883931

10100
0 101000 0.517063817879
1 101001 0.482936182121

101001
0 1010010 0.453792348126
1 1010011 0.546207651874

1010011
1 0100111 0.454237584519
0 0100110 0.545762415481

0100110
1 1001101 0.685813630042
0 001100 0.314186369958

001100
0 0011000 0.0
1 0011001 1.0

0011001
1 00110011 0.0
0 0110010 1.0

1001101
1 0011011 0.360628852072
0 0011010 0.639371147928

0011010
1 0110101 0.399459407279
0 0110100 0.600540592721

0110100
1 1101001 0.502870418694
0 1101000 0.497129581306

1101000
1 1010001 1.0
0 11010000 0.0

1010001
1 0100011 0.292807674352
0 0100010 0.707192325648

0100011
1 1000111 1.0
0 01000110 0.0

1000111
1 1111 0.0
0 0001110 1.0

0001110
1 0011101 0.85777936096
0 0011100 0.14222063904

0011100
1 0111001 1.0
0 00111000 0.0

0111001
1 01110011 0.0
0 1110010 1.0

1110010
1 1100101 0.373230149643
0 1100100 0.626769850357

1100101
1 1001011 0.392243561616
0 e 0.607756438384

e
1 1 0.5000001
0 0 0.4999999

0
0 00 0.403653480731
1 01 0.596346519269

01
0 010 0.661173438793
1 011 0.338826225831

011
0 0110 0.41809026922
1 0111 0.58190973078

0111
0 01110 0.646043439582
1 1111 0.353956560418

01110
0 011100 0.198184867577
1 011101 0.801815132423

011101
0 0111010 0.717086705962
1 0111011 0.282913294038

0111011
1 110111 0.516731083951
0 1110110 0.483268916049

0111010
1 1110101 0.315842255172
0 1110100 0.684157744828

1110100
1 1101001 0.446723473418
0 1101000 0.553276526582

1101001
1 1 0.552536750358
0 1010010 0.447463249642

1010010
1 0100101 0.428932247269
0 0100100 0.571067752731

0100101
1 1001011 0.315945764719
0 001010 0.684054235281

001010
0 0010100 0.628587086855
1 0010101 0.371412913145

0010101
1 0101011 0.360718565246
0 0101010 0.639271531705

0101010
1 1010101 0.399085504553
0 1010100 0.600914495447

1010100
1 0101001 0.502182824895
0 0101000 0.497817175105

0101000
1 1010001 1.0
0 01010000 0.0

0101001
1 010011 0.54013956708
0 1010010 0.45986043292

010011
0 0100110 0.527841172058
1 0100111 0.472158827942

0100111
1 1111 0.509068784857
0 1001110 0.490931215143

1001110
1 101 0.755649192382
0 0011100 0.244350807618

101
0 1010 0.666549134375
1 1011 0.33345022454

1011
0 10110 0.494145739367
1 10111 0.505854260633

10111
0 101110 0.495325184712
1 1111 0.504674815288

101110
0 1011100 0.248407838804
1 1011101 0.751592161196

1011101
1 0111011 0.353050473701
0 1010 0.646949526299

1010
0 10100 0.625535721156
1 10101 0.374464278844

10101
0 101010 0.64320205066
1 101011 0.356795380877

101011
0 1010110 0.50033114013
1 1010111 0.49966885987

1010111
1 1111 0.507570846119
0 0101110 0.492429153881

0101110
1 1011101 0.751067343022
0 1011100 0.248932656978

1011100
1 0111001 1.0
0 10111000 0.0

1010110
1 101101 0.750240996792
0 0101100 0.249759003208

0101100
1 1011001 1.0
0 01011000 0.0

101010
0 1010100 0.600040731083
1 1010101 0.399959268917

1010101
1 0101011 0.349674018311
0 0101010 0.650325981689

0101011
1 1010111 0.499398163699
0 1010110 0.500601836301

1011100
1 0111001 1.0
0 10111000 0.0

10110
0 101100 0.247998225833
1 101101 0.752001774167

101100
0 1011000 0.0
1 1011001 1.0

1010
0 10100 0.625535721156
1 10101 0.374464278844

1010101
1 0101011 0.349674018311
0 0101010 0.650325981689

0101011
1 1010111 0.499398163699
0 1010110 0.500601836301

0010100
1 0101001 0.496743690718
0 0101000 0.503256309282

1001011
1 0010111 0.502740919825
0 0010110 0.497259080175

0010110
1 101101 0.752604329112
0 0101100 0.247395670888

0010111
1 1111 0.50355323848
0 0101110 0.49644676152

1
0 10 0.596346080731
1 11 0.403653719269

11
0 110 0.500572024839
1 111 0.499427975161

111
0 1110 0.58324272307
1 1111 0.41675727693

1110
0 11100 0.215403378483
1 11101 0.784596621517

11101
0 111010 0.693428030057
1 111011 0.306571969943

111011
0 1110110 0.48785092992
1 110111 0.51214907008

111010
0 1110100 0.657869889824
1 1110101 0.342130110176

1110101
1 1101011 0.362045489852
0 1101010 0.637954510148

1101010
1 1010101 0.400897841536
0 1010100 0.599102158464

1101011
1 1010111 0.499955533157
0 1010110 0.500044466843

11100
0 111000 0.0
1 111001 1.0

111001
0 1110010 1.0
1 1110011 0.0

110
0 1100 0.23986502872
1 1101 0.76013497128

1101
0 11010 0.673761257155
1 11011 0.326238742845

11011
0 110110 0.49252206261
1 110111 0.50747793739

110110
0 1101100 0.247319583452
1 101101 0.752680416548

11010
0 110100 0.636271571009
1 110101 0.363728428991

110101
0 1101010 0.641519659936
1 1101011 0.358480340064

110100
0 1101000 0.533016016694
1 1101001 0.466983983306

1100
0 11000 0.0
1 11001 1.0

11001
0 110010 1.0
1 110011 0.0

110010
0 1100100 0.633227831125
1 1100101 0.366772168875

10
0 100 0.476862600952
1 101 0.523137399048

100
0 1000 0.419439529185
1 1001 0.580560470815

1001
0 10010 0.620471601543
1 10011 0.379528398457

10011
0 100110 0.527841172058
1 100111 0.472158827942

100111
0 1001110 0.490931215143
1 1111 0.509068784857

100110
0 001100 0.314186369958
1 1001101 0.685813630042

10010
0 100100 0.602268689354
1 100101 0.397731310646

100101
0 1001010 0.650765288591
1 1001011 0.349234711409

1001010
1 0010101 0.394749943426
0 0010100 0.605250056574

100100
0 1001000 0.497033804899
1 1001001 0.502966195101

1000
0 10000 0.0
1 10001 1.0

10001
0 100010 0.703451259325
1 100011 0.296548740675

100011
0 1000110 0.0
1 1000111 1.0

100010
0 1000100 0.526026620139
1 1000101 0.473973379861

1000101
1 0001011 0.299421163005
0 0001010 0.700578836995

0001010
1 0010101 0.349204640078
0 0010100 0.650795359922

0001011
1 0010111 0.517173617293
0 0010110 0.482826382707

1110101
1 1101011 0.362045489852
0 1101010 0.637954510148

011100
0 0111000 0.0
1 0111001 1.0

010
0 0100 0.598314837566
1 0101 0.401685162434

0101
0 01010 0.659555069523
1 01011 0.34044366769

01011
0 010110 0.495654625237
1 010111 0.504345374763

010111
0 0101110 0.494395822608
1 1111 0.505604177392

010110
0 0101100 0.24862490365
1 101101 0.75137509635

01010
0 010100 0.614900220371
1 010101 0.385099779629

010101
0 0101010 0.644776223289
1 0101011 0.355218805

010100
0 0101000 0.500711476727
1 0101001 0.499288523273

0100
0 01000 0.505611919192
1 01001 0.494388080808

01001
0 010010 0.462755850962
1 010011 0.537244149038

010010
0 0100100 0.574467217823
1 0100101 0.425532782177

01000
0 010000 0.0
1 010001 1.0

010001
0 0100010 0.703451259325
1 0100011 0.296548740675

00
0 000 0.295496581969
1 001 0.704503418031

001
0 0010 0.655276550135
1 0011 0.344723449865

0011
0 00110 0.337383761022
1 00111 0.662616238978

00111
0 001110 0.768141287748
1 1111 0.231858712252

001110
0 0011100 0.171949655283
1 0011101 0.828050344717

0011101
1 0111011 0.249653890465
0 0111010 0.750346109535

00110
0 001100 0.314186369958
1 001101 0.685813630042

001101
0 0011010 0.639371147928
1 0011011 0.360628852072

0011011
1 110111 0.50097799511
0 0110110 0.49902200489

0010
0 00100 0.567938719919
1 00101 0.432061280081

00101
0 001010 0.675370937572
1 001011 0.324629062428

001011
0 0010110 0.490683562514
1 0010111 0.509316437486

00100
0 001000 0.491536602282
1 001001 0.508463397718

001001
0 0010010 0.473219628409
1 0010011 0.526780371591

001000
0 0010000 0.0
1 0010001 1.0

000
0 0000 0.0
1 0001 1.0

0001
0 00010 0.703451259325
1 00011 0.296548740675

00011
0 000110 0.0
1 000111 1.0

000111
0 0001110 1.0
1 1111 0.0

00010
0 000100 0.526026620139
1 000101 0.473973379861

000101
0 0001010 0.700578836995
1 0001011 0.299421163005

000100
0 0001000 0.483852550015
1 0001001 0.516147449985

1
0 10 0.596346080731
1 11 0.403653719269

1001011
1 0010111 0.502740919825
0 0010110 0.497259080175

0011101
1 0111011 0.249653890465
0 0111010 0.750346109535

1101001
1 1 0.552536750358
0 1010010 0.447463249642

0110101
1 1101011 0.353527402912
0 1101010 0.646472597088

0011011
1 110111 0.50097799511
0 0110110 0.49902200489

0100111
1 1111 0.509068784857
0 1001110 0.490931215143

1010010
1 0100101 0.428932247269
0 0100100 0.571067752731

101000
0 1010000 0.0
1 1010001 1.0

1110101
1 1101011 0.362045489852
0 1101010 0.637954510148

111100
0 1111000 0.0
1 1111001 1.0

1111001
1 11110011 0.0
0 1110010 1.0

1101110
1 1011101 0.75215124479
0 1011100 0.24784875521

011010
0 0110100 0.60130487379
1 0110101 0.39869512621

01100
0 011000 0.0
1 011001 1.0

011001
0 0110010 1.0
1 0110011 0.0

0100111
1 1111 0.509068784857
0 1001110 0.490931215143

0100101
1 1001011 0.315945764719
0 001010 0.684054235281

0010011
1 0100111 0.493851201185
0 0110 0.506148798815

1000101
1 0001011 0.299421163005
0 0001010 0.700578836995

0100011
1 1000111 1.0
0 01000110 0.0

1001001
1 0010011 0.536850721546
0 0010010 0.463149278454

1100101
1 1001011 0.392243561616
0 e 0.607756438384

110111
0 1101110 0.496319076308
1 1111 0.503680923692

1011010
1 0110101 0.398251955155
0 0110100 0.601748044845

110111
0 1101110 0.496319076308
1 1111 0.503680923692

001100
0 0011000 0.0
1 0011001 1.0

1111
0 11110 0.49535448947
1 1111 0.50464551053

