0
1 01 0.0100317946419
0 0 0.989968103331

011
1 0111 0.0101398423595
0 0110 0.98986015764

0110
1 01101 0.0103361828045
0 01100 0.989663817195

01100
1 011001 0.00970702435581
0 011000 0.990292975644

011000
1 0110001 0.0103263547444
0 0 0.989673645256

0110011
1 1100111 0.00641711229947
0 0110 0.993582887701

0110110
1 1101101 0.009
0 01100 0.991

0111100
1 1111001 0.0122448979592
0 011000 0.987755102041

011011
1 0110111 0.00596421471173
0 0110110 0.994035785288

011110
1 0111101 0.0080971659919
0 0111100 0.991902834008

01111
1 011111 0.00902708124373
0 011110 0.990972918756

1100011
1 0111 0.0110220440882
0 1000110 0.988977955912

01
1 011 1.0

011001
1 0110011 1.0

01101
1 011011 1.0

0111
1 01111 1.0

0110001
1 1100011 1.0

1111001
1 1110011 1.0

1101101
1 1011011 1.0

1100111
1 1001111 1.0

0111101
1 1111011 1.0

0110111
1 1101111 1.0

011111
1 0111111 1.0

1110011
1 1100111 0.0
0 0110 1.0

1110110
1 1101101 0.0
0 01100 1.0

1111100
1 1111001 0.0
0 011000 1.0

1011011
1 0110111 0.0
0 0110110 1.0

1011110
1 0111101 0.0
0 0111100 1.0

1001111
1 011111 0.0
0 011110 1.0

1111011
0 1110110 1.0

1111110
0 1111100 1.0

1101111
0 1011110 1.0

0111111
0 1111110 1.0

1000110
1 01101 0.00506585612969
0 01100 0.99493414387

