001010111
1 10101111 0.510575179915
0 110 0.489424820085

100100111
1 001001111 0.503113113841
0 110 0.496886886159

101011111
1 1111 0.502382420539
0 110 0.497617579461

111110111
1 1101111 0.507236095346
0 110 0.492763904654

110110111
1 01111 0.508222682422
0 110 0.491777317578

011011111
1 110111111 0.500035378193
0 110 0.499964621807

110010111
1 101111 0.506210118505
0 110 0.493789881495

011010011
1 010100111 0.492060491493
0 110 0.507939508507

000101011
1 001010111 0.498796529527
0 001010110 0.501203470473

10101111
1 101011111 0.506343844909
0 101011110 0.493656155091

111001011
1 110010111 0.501207535019
0 10110 0.498792464981

10010011
1 100100111 0.49555790333
0 00100110 0.50444209667

11001011
1 110010111 0.503456386427
0 110010110 0.496543613573

01101111
1 011011111 0.509499260968
0 001011110 0.490500739032

11111011
1 111110111 0.508532053826
0 11110110 0.491467946174

11011011
1 110110111 0.502110220809
0 110110110 0.497889779191

010110111
1 01101111 0.510021896581
0 101101110 0.489978103419

01011011
1 010110111 0.501308790003
0 110110 0.498691209997

001011011
1 010110111 0.498411556674
0 0110110 0.501588443326

1011111
1 10111111 0.50425186531
0 10111110 0.49574813469

011111
1 0111111 0.505364244095
0 110111110 0.494635755905

01011111
1 1111 0.506769993086
0 10111110 0.493230006914

001011111
1 1111 0.511408759557
0 110111110 0.488591240443

11101111
1 111011111 0.504187327824
0 101011110 0.495812672176

001001111
1 011111 0.503678343048
0 11110 0.496321656952

0111111
1 01111111 0.507142452777
0 11110 0.492857547223

01111111
1 11111111 0.502511627907
0 11110 0.497488372093

111011111
1 1111 0.502731941864
0 11110 0.497268058136

10111111
1 101111111 0.506600903748
0 11110 0.493399096252

11111111
1 111111111 0.504658157277
0 1111110 0.495341842723

1111
1 11111 0.50464551053
0 11110 0.49535448947

11011111
1 110111111 0.501556960074
0 110111110 0.498443039926

101111111
1 111111 0.505159447327
0 11110 0.494840552673

111111111
1 11111 0.506650192601
0 111110 0.493349807399

11111
1 111111 0.505356308935
0 111110 0.494643691065

1101111
1 11011111 0.506488233733
0 11011110 0.493511766267

000101111
1 001011111 0.503462559058
0 001011110 0.496537440942

01111
1 011111 0.503921380172
0 011110 0.496078619828

11011
1 110111 0.50747793739
0 110110 0.49252206261

111011
1 1110111 0.51214907008
0 1110110 0.48785092992

0010011
1 00100111 0.493851201185
0 00100110 0.506148798815

100010011
1 000100111 0.491418695779
0 010100110 0.508581304221

101010011
1 010100111 0.488318575216
0 010100110 0.511681424784

010010011
1 0100111 0.486670724285
0 00100110 0.513329275715

001010011
1 0100111 0.493706443658
0 010100110 0.506293556342

111111
1 1111111 0.505348541986
0 1111110 0.494651458014

110111111
1 1111111 0.502827637079
0 11110 0.497172362921

1011
1 10111 0.505854260633
0 10110 0.494145739367

011011011
1 10111 0.500865830851
0 0110110 0.499134169149

001011
1 0010111 0.509316437486
0 110010110 0.490683562514

010001011
1 100010111 0.517173617293
0 100010110 0.482826382707

110101011
1 01010111 0.503633677991
0 10110 0.496366322009

101001011
1 01010111 0.501350789692
0 110010110 0.498649210308

1110111
1 11101111 0.50122198749
0 111101110 0.49877801251

01110111
1 001001111 0.49880952381
0 111101110 0.50119047619

00100111
1 001001111 0.504914566547
0 001001110 0.495085433453

110111
1 1101111 0.503680923692
0 111101110 0.496319076308

000100111
1 01111 0.507503743167
0 001001110 0.492496256833

101111
1 1011111 0.50567830946
0 1011110 0.49432169054

101101111
1 11011111 0.508434702777
0 1011110 0.491565297223

010100111
1 101001111 0.508696469703
0 001001110 0.491303530297

0100111
1 01001111 0.509068784857
0 001001110 0.490931215143

1111111
1 11111111 0.503592604222
0 11111110 0.496407395778

0010111
1 000101111 0.50355323848
0 00101110 0.49644676152

100010111
1 000101111 0.501786178228
0 101110 0.498213821772

10110111
1 101101111 0.509158900348
0 101101110 0.490841099652

011111011
1 1110111 0.508524994559
0 11110110 0.491475005441

10111
1 101111 0.504674815288
0 101110 0.495325184712

11101011
1 10111 0.498624397385
0 111010110 0.501375602615

010101011
1 10111 0.494750801194
0 1010110 0.505249198806

001001011
1 0010111 0.502847413844
0 010110 0.497152586156

1001011
1 100010111 0.502740919825
0 010010110 0.497259080175

01011
1 01010111 0.504345374763
0 010110 0.495654625237

101011
1 1010111 0.49966885987
0 1010110 0.50033114013

01010111
1 010101111 0.509066449931
0 101110 0.490933550069

10101011
1 101010111 0.499043485709
0 1010110 0.500956514291

101001111
1 010011111 0.498298383464
0 011110 0.501701616536

01001111
1 010011111 0.500823329438
0 010011110 0.499176670562

1010111
1 10101111 0.507570846119
0 110101110 0.492429153881

111011011
1 10110111 0.503094025519
0 110110110 0.496905974481

010101111
1 01011111 0.50594582691
0 01011110 0.49405417309

101010111
1 01111 0.507495136743
0 110101110 0.492504863257

100101011
1 01010111 0.500646551724
0 01010110 0.499353448276

110111011
1 1110111 0.503269916766
0 01110110 0.496730083234

0111011
1 01110111 0.516731083951
0 01110110 0.483268916049

100111011
1 110111 0.521323379014
0 01110110 0.478676620986

010011011
1 100110111 0.50097799511
0 100110110 0.49902200489

010011111
1 100111111 0.507344752612
0 100111110 0.492655247388

1111011
1 11110111 0.505004253163
0 11110110 0.494995746837

111101011
1 11010111 0.503201294589
0 111010110 0.496798705411

01101011
1 11010111 0.501849391317
0 1010110 0.498150608683

100110111
1 001101111 0.503221083455
0 101101110 0.496778916545

001111011
1 011110111 0.500646701821
0 110110 0.499353298179

101111011
1 011110111 0.501916147114
0 011110110 0.498083852886

100111111
1 001111111 0.50810076304
0 11110 0.49189923696

11110111
1 111101111 0.505071139304
0 111101110 0.494928860696

01001011
1 010010111 0.502053416389
0 010010110 0.497946583611

11010111
1 110101111 0.505988734065
0 110101110 0.494011265935

10111011
1 101110111 0.502862760974
0 01110110 0.497137239026

001101111
1 11 0.511298613132
0 110 0.488701386868

110101111
1 11 0.506767445948
0 101011110 0.493232554052

110010011
1 11 0.50420426822
0 00100110 0.49579573178

011110111
1 11 0.502860867676
0 111101110 0.497139132324

111101111
1 11 0.503441424821
0 1011110 0.496558575179

001111111
1 11 0.497839950627
0 11111110 0.502160049373

010010111
1 11 0.503980236069
0 00101110 0.496019763931

101110111
1 e 0.501897642323
0 111101110 0.498102357677

101101011
1 e 0.504368546465
0 1010110 0.495631453535

10110100
1 101101001 0.503355437137
0 111101000 0.496644562863

0110100
1 01101001 0.502870418694
0 111101000 0.497129581306

101010100
1 010101001 0.50058685446
0 111101000 0.49941314554

11010100
1 110101001 0.502765027927
0 111101000 0.497234972073

01000100
1 010001001 0.516147449985
0 111101000 0.483852550015

111100100
1 001001 0.503345841151
0 111001000 0.496654158849

10100100
1 101001001 0.49871001032
0 111001000 0.50128998968

0100100
1 01001001 0.500541851584
0 111001000 0.499458148416

1010100
1 10101001 0.502182824895
0 111101000 0.497817175105

11100100
1 111001001 0.500560658175
0 111001000 0.499439341825

11110100
1 111101001 0.499819719418
0 111101000 0.500180280582

10010100
1 100101001 0.502255789028
0 111101000 0.497744210972

00100100
1 001001001 0.502566958222
0 111001000 0.497433041778

001000100
1 e 0.515766986577
0 111101000 0.484233013423

101101001
1 011010011 0.531416653466
0 1010010 0.468583346534

01101001
1 011010011 0.53130231001
0 011010010 0.46869768999

010101001
1 101010011 0.52921164373
0 1010010 0.47078835627

110101001
1 101010011 0.530413023153
0 010010 0.469586976847

001001
1 0010011 0.526780371591
0 0010010 0.473219628409

010001001
1 100010011 0.513063403157
0 100010010 0.486936596843

101001001
1 010010011 0.526051289631
0 0010010 0.473948710369

01001001
1 010010011 0.529344296098
0 010010010 0.470655703902

10101001
1 101010011 0.529790617546
0 101010010 0.470209382454

111001001
1 0010011 0.53007802668
0 110010010 0.46992197332

111101001
1 11 0.530216086828
0 1010010 0.469783913172

001001001
1 010010011 0.532956787288
0 0010 0.467043212712

100101001
1 001010011 0.531265508685
0 0010 0.468734491315

110010100
1 1001 0.49012731035
0 111101000 0.50987268965

10
1 101 0.523137399048
0 100 0.476862600952

11
1 111 0.499427975161
0 110 0.500572024839

e
1 1 0.5000001
0 0 0.4999999

0100010
1 01000101 0.473973379861
0 01000100 0.526026620139

00100010
1 01000101 0.482205260001
0 001000100 0.517794739999

100100
1 1001001 0.502966195101
0 111001000 0.497033804899

001100100
1 011001001 0.520675868912
0 111001000 0.479324131088

1100100
1 11001001 0.505415374189
0 111001000 0.494584625811

010100
1 0101001 0.499288523273
0 111101000 0.500711476727

010010100
1 00101001 0.508941517641
0 111101000 0.491058482359

0100
1 01001 0.494388080808
0 111101000 0.505611919192

101110100
1 01001 0.502004034265
0 011101000 0.497995965735

10100
1 101001 0.482936182121
0 101000 0.517063817879

110
1 1101 0.76013497128
0 1100 0.23986502872

1111110
1 11111101 0.751816277622
0 111100 0.248183722378

001010110
1 01101 0.745143233454
0 110101100 0.254856766546

10111110
1 101111101 0.758501562124
0 111011100 0.241498437876

110111110
1 01111101 0.757221500588
0 111011100 0.242778499412

10110
1 101101 0.752001774167
0 110101100 0.247998225833

101011110
1 111101 0.747010119595
0 111011100 0.252989880405

100111110
1 001111101 0.75199138859
0 111011100 0.24800861141

11110
1 111101 0.753169301744
0 111100 0.246830698256

100110110
1 001101101 0.754777070064
0 111101100 0.245222929936

110110
1 1101101 0.752680416548
0 111101100 0.247319583452

0110110
1 01101101 0.753896485811
0 111101100 0.246103514189

1110110
1 11101101 0.751721338803
0 111101100 0.248278661197

011110110
1 101101 0.750346033365
0 111101100 0.249653966635

111110
1 1111101 0.75396954063
0 1111100 0.24603045937

110010110
1 00101101 0.74819478944
0 100101100 0.25180521056

0110
1 01101 0.726088562283
0 01100 0.273911437717

00100110
1 001001101 0.743040744923
0 001001100 0.256959255077

100010110
1 000101101 0.755348384179
0 100101100 0.244651615821

010100110
1 01001101 0.74175687022
0 001001100 0.25824312978

11011110
1 110111101 0.752816099228
0 111011100 0.247183900772

001011110
1 0111101 0.756654449318
0 111011100 0.243345550682

011110
1 0111101 0.752356411474
0 111100 0.247643588526

111101110
1 111011101 0.752425778421
0 111011100 0.247574221579

001001110
1 010011101 0.758960004617
0 111011100 0.241039995383

1011110
1 10111101 0.752250948369
0 111011100 0.247749051631

111010110
1 110101101 0.749597261377
0 110101100 0.250402738623

11111110
1 111111101 0.752148837209
0 111100 0.247851162791

1010110
1 10101101 0.750240996792
0 110101100 0.249759003208

101101110
1 011011101 0.756502589132
0 111011100 0.243497410868

11110110
1 111101101 0.747166361974
0 111101100 0.252833638026

010110
1 0101101 0.75137509635
0 100101100 0.24862490365

00101110
1 001011101 0.749175317011
0 101011100 0.250824682989

010010110
1 100101101 0.752463190524
0 100101100 0.247536809476

010011110
1 100111101 0.7525405693
0 111100 0.2474594307

101110
1 1011101 0.751592161196
0 101011100 0.248407838804

110110110
1 101101101 0.751167076167
0 111101100 0.248832923833

01011110
1 010111101 0.751726164243
0 111011100 0.248273835757

01010110
1 010101101 0.749098330864
0 110101100 0.250901669136

110101110
1 101011101 0.749024785453
0 101011100 0.250975214547

01110110
1 011101101 0.754713355909
0 111101100 0.245286644091

111010011
1 010100111 0.371473678275
0 e 0.628526321725

00101
1 001011 0.324629062428
0 001001010 0.675370937572

101
1 1011 0.33345022454
0 1010 0.666549134375

1101
1 11011 0.326238742845
0 11010 0.673761257155

100010101
1 000101011 0.367237445269
0 000101010 0.632741998479

010010101
1 000101011 0.357960263913
0 110101010 0.642039736087

0010101
1 000101011 0.360718565246
0 00101010 0.639271531705

11111101
1 11111011 0.349790416907
0 1111010 0.650209583093

1111101
1 11111011 0.350598264653
0 11111010 0.649401735347

001101101
1 11011011 0.355209347614
0 011010 0.644790652386

1101101
1 11011011 0.352057021652
0 11011010 0.647942978348

00101101
1 001011011 0.345690012433
0 001011010 0.654309987567

01101
1 001011011 0.355817198902
0 011010 0.644182801098

001001101
1 1011 0.359759872432
0 010011010 0.640240127568

000101101
1 1011 0.343833471493
0 001011010 0.656166528507

11010101
1 110101011 0.349675633238
0 110101010 0.650324366762

100110101
1 010101011 0.35286197611
0 1101010 0.64713802389

101110101
1 01011 0.353176965512
0 110101010 0.646823034488

1010101
1 10101011 0.349674018311
0 10101010 0.650325981689

10101
1 101011 0.356795380877
0 110101010 0.64320205066

101111101
1 111011 0.349558398352
0 011111010 0.650441601648

01111101
1 011111011 0.351418882741
0 011111010 0.648581117259

01101101
1 011011011 0.351967428934
0 011011010 0.648032571066

001010101
1 010101011 0.347731763065
0 0101010 0.652268236935

010110101
1 01011 0.356722200697
0 101101010 0.643277799303

11101101
1 111011011 0.352127885227
0 111011010 0.647872114773

110010101
1 100101011 0.351186041953
0 110101010 0.648813958047

010101
1 100101011 0.355218805
0 0101010 0.644776223289

101101
1 111011011 0.35299382764
0 1011010 0.64700617236

01001101
1 010011011 0.360628852072
0 010011010 0.639371147928

110101
1 111101011 0.358480340064
0 1101010 0.641519659936

11110101
1 111101011 0.351302585397
0 111101010 0.648697414603

111101
1 1111011 0.352542956861
0 1111010 0.647457043139

001111101
1 1111011 0.354780990553
0 11111010 0.645219009447

0110101
1 01101011 0.353527402912
0 01101010 0.646472597088

100101
1 1001011 0.349234711409
0 1001010 0.650765288591

111110101
1 1011 0.355777183167
0 11101010 0.644222816833

1110101
1 11101011 0.362045489852
0 11101010 0.637954510148

110111101
1 11011 0.35411062542
0 01111010 0.64588937458

0111101
1 101111011 0.354522629241
0 01111010 0.645477370759

111011101
1 110111011 0.356797995061
0 110111010 0.643202004939

010011101
1 100111011 0.356367082149
0 110111010 0.643632917851

10111101
1 101111011 0.354071733803
0 101111010 0.645928266197

01010101
1 010101011 0.349672508067
0 010101010 0.650327491933

0101
1 01011 0.34044366769
0 01010 0.659555069523

0101101
1 01011011 0.353860403968
0 01011010 0.646139596032

110101101
1 11011 0.362549800797
0 01011010 0.637450199203

001011101
1 111011 0.352777216724
0 10111010 0.647222783276

100101101
1 001011011 0.347208619001
0 010 0.652791380999

111101101
1 11011 0.356643014436
0 010 0.643356985564

111111101
1 111011 0.351142772336
0 010 0.648857227664

011010101
1 1011 0.35233570863
0 010 0.64766429137

10101101
1 01011011 0.361422215403
0 101011010 0.638577784597

011011101
1 110111011 0.351155927201
0 10111010 0.648844072799

100111101
1 001111011 0.355309671946
0 001111010 0.644690328054

1011101
1 10111011 0.353050473701
0 10111010 0.646949526299

10110101
1 101101011 0.353914422826
0 101101010 0.646085577174

101001101
1 11 0.361399480934
0 010011010 0.638600519066

111010101
1 11 0.347769028871
0 110101010 0.652230971129

101101101
1 11 0.350017569203
0 1011010 0.649982430797

010111101
1 11 0.354035567715
0 101111010 0.645964432285

101011101
1 11 0.350858786042
0 10111010 0.649141213958

010101101
1 11 0.360355316687
0 010 0.639644683313

011110101
1 e 0.346681404813
0 110101010 0.653318595187

011101101
1 e 0.349191700611
0 1011010 0.650808299389

0111
1 01111 0.353956560418
0 01110 0.646043439582

010001010
1 100010101 0.349204640078
0 010010100 0.650795359922

01001010
1 010010101 0.341518993788
0 010010100 0.658481006212

001001010
1 0010101 0.345225431634
0 010010100 0.654774568366

101001010
1 110010101 0.338274964788
0 010010100 0.661725035212

1010
1 10101 0.374464278844
0 10100 0.625535721156

111010
1 1110101 0.342130110176
0 1110100 0.657869889824

11010
1 110101 0.363728428991
0 110100 0.636271571009

10110010
1 101100101 0.375378484806
0 111100100 0.624621515194

1110010
1 11100101 0.373230149643
0 11100100 0.626769850357

01110010
1 011100101 0.37040333723
0 11100100 0.62959666277

11110010
1 111100101 0.377372817008
0 111100100 0.622627182992

110110010
1 101100101 0.378301330362
0 e 0.621698669638

111110010
1 1100101 0.37640993837
0 100100 0.62359006163

101110010
1 011100101 0.375610057454
0 100100 0.624389942546

010110010
1 101100101 0.372693615869
0 100100 0.627306384131

100110010
1 001100101 0.340473853379
0 001100100 0.659526146621

0110010
1 01100101 0.359703711387
0 001100100 0.640296288613

110010
1 1100101 0.366772168875
0 1100100 0.633227831125

001110010
1 011100101 0.36647396149
0 0100 0.63352603851

1001
1 010011 0.379528398457
0 10010 0.620471601543

01
1 011 0.338826225831
0 010 0.661173438793

001
1 0011 0.344723449865
0 0010 0.655276550135

110101100
1 101011001 1.0

111011100
1 110111001 1.0

011100
1 0111001 1.0

111100
1 1111001 1.0

111101100
1 111011001 1.0

1111100
1 11111001 1.0

101011100
1 010111001 1.0

100101100
1 001011001 1.0

001001100
1 010011001 1.0

01100
1 011001 1.0

1100
1 11001 1.0

100011100
1 000111001 1.0

0100011
1 01000111 1.0

111101000
1 010001 1.0

111001000
1 110010001 1.0

101000
1 1010001 1.0

1101000
1 11010001 1.0

011101000
1 111010001 1.0

1
1 11 0.403653719269
0 10 0.596346080731

11100101
1 111001011 0.39423239675
0 111001010 0.60576760325

1100101
1 11001011 0.392243561616
0 111001010 0.607756438384

001100101
1 001011 0.394686263426
0 111001010 0.605313736574

01100101
1 101001011 0.389984861955
0 111001010 0.610015138045

011100101
1 1001011 0.396721781859
0 111001010 0.603278218141

101100101
1 01011 0.386508964768
0 111001010 0.613491035232

111100101
1 11 0.390651601919
0 111001010 0.609348398081

11010011
1 010100111 0.416530307133
0 110100110 0.583469692867

111
1 1111 0.41675727693
0 1110 0.58324272307

010011010
1 100110101 0.399459407279
0 0110100 0.600540592721

111011010
1 10101 0.398833263885
0 0110100 0.601166736115

1101010
1 11010101 0.400897841536
0 11010100 0.599102158464

10101010
1 1010101 0.398305084746
0 101010100 0.601694915254

000101010
1 001010101 0.405477404893
0 101010100 0.594522595107

001011010
1 110101 0.396364442474
0 10110100 0.603635557526

011010
1 0110101 0.39869512621
0 0110100 0.60130487379

111101010
1 11010101 0.400609639931
0 1010100 0.599390360069

110101010
1 1010101 0.398036661689
0 1010100 0.601963338311

00101010
1 001010101 0.399872972596
0 1010100 0.600127027404

011111010
1 110101 0.401132164478
0 11110100 0.598867835522

1111010
1 11110101 0.398703116069
0 11110100 0.601296883931

11111010
1 111110101 0.400346687961
0 11110100 0.599653312039

011011010
1 0101 0.398517738234
0 0110100 0.601482261766

0101010
1 01010101 0.399085504553
0 101010100 0.600914495447

01101010
1 011010101 0.396842229292
0 11010100 0.603157770708

101101010
1 011010101 0.393510892874
0 1010100 0.606489107126

1011010
1 10110101 0.398251955155
0 10110100 0.601748044845

11011010
1 10110101 0.398693896542
0 0110100 0.601306103458

1001010
1 110010101 0.394749943426
0 10010100 0.605250056574

11101010
1 111010101 0.40385607059
0 1010100 0.59614392941

01111010
1 011110101 0.397019808103
0 11110100 0.602980191897

110111010
1 10101 0.39907972457
0 e 0.60092027543

101111010
1 011110101 0.397661002069
0 e 0.602338997931

10010
1 100101 0.397731310646
0 100100 0.602268689354

010101010
1 1010101 0.398556106836
0 010100 0.601443893164

01010
1 010101 0.385099779629
0 010100 0.614900220371

01011010
1 010110101 0.397842003854
0 0100 0.602157996146

10111010
1 101110101 0.397617169007
0 101110100 0.602382830993

010
1 0101 0.401685162434
0 0100 0.598314837566

101011010
1 10110101 0.39924319779
0 0100 0.60075680221

001111010
1 011110101 0.39589844821
0 0100 0.60410155179

1010010
1 10100101 0.428932247269
0 10100100 0.571067752731

11010010
1 110100101 0.42547933656
0 10100100 0.57452066344

011010010
1 0100101 0.425285714286
0 10100100 0.574714285714

010010
1 0100101 0.425532782177
0 0100100 0.574467217823

100010010
1 000100101 0.418534210764
0 00100100 0.581465789236

0010010
1 00100101 0.421727247023
0 00100100 0.578272752977

010010010
1 100100101 0.424084773144
0 111100100 0.575915226856

10010010
1 100100101 0.424191820092
0 00100100 0.575808179908

101010010
1 10100101 0.427540724875
0 e 0.572459275125

110010010
1 100100101 0.42430245062
0 100100 0.57569754938

001110100
1 011101001 0.398626294591
0 011101000 0.601373705409

101011001
0 10110010 1.0

110111001
0 1110010 1.0

0111001
0 01110010 1.0

1111001
0 11110010 1.0

111011001
0 110110010 1.0

11111001
0 111110010 1.0

010111001
0 101110010 1.0

001011001
0 010110010 1.0

010011001
0 100110010 1.0

011001
0 0110010 1.0

11001
0 110010 1.0

000111001
0 001110010 1.0

01000111
0 010001110 1.0

000100101
1 001011 0.314077711726
0 001001010 0.685922288274

01000101
1 010001011 0.299421163005
0 010001010 0.700578836995

10100101
1 101001011 0.31483389764
0 101001010 0.68516610236

00100101
1 001001011 0.317211710369
0 001001010 0.682788289631

110100101
1 1001011 0.319473864025
0 01001010 0.680526135975

0100101
1 01001011 0.315945764719
0 01001010 0.684054235281

11101
1 111011 0.306571969943
0 111010 0.693428030057

100100101
1 11 0.319598451545
0 001001010 0.680401548455

010100101
1 11 0.310572065146
0 101001010 0.689427934854

011101
1 0111011 0.282913294038
0 0111010 0.717086705962

0111010
1 1110101 0.315842255172
0 001110100 0.684157744828

010001
1 0100011 0.296548740675
0 0100010 0.703451259325

110010001
1 0100011 0.303129323407
0 00100010 0.696870676593

1010001
1 0100011 0.292807674352
0 10100010 0.707192325648

11010001
1 0100011 0.285088244177
0 110100010 0.714911755823

111010001
1 0100011 0.277226617191
0 0010 0.722773382809

010011
1 0100111 0.472158827942
0 0100110 0.527841172058

1010011
1 010100111 0.454237584519
0 10100110 0.545762415481

111001010
1 110010101 0.472599629772
0 110010100 0.527400370228

10100010
1 01000101 0.46768367806
0 01000100 0.53231632194

110100010
1 01000101 0.456190415458
0 111100100 0.543809584542

1110100
1 11101001 0.446723473418
0 011101000 0.553276526582

110100
1 1101001 0.466983983306
0 1101000 0.533016016694

1001001
1 10010011 0.536850721546
0 10010010 0.463149278454

011001001
1 110010011 0.559362360219
0 10010010 0.440637639781

11001001
1 110010011 0.544360921645
0 110010010 0.455639078355

0101001
1 101010011 0.54013956708
0 01010010 0.45986043292

00101001
1 001010011 0.549338579153
0 001010010 0.450661420847

110100110
1 101001101 0.553244290211
0 001001100 0.446755709789

11101001
1 111010011 0.566031914894
0 11010010 0.433968085106

1101001
1 11010011 0.552536750358
0 11010010 0.447463249642

01001
1 010011 0.537244149038
0 010010 0.462755850962

101001
1 1010011 0.546207651874
0 1010010 0.453792348126

1110
1 11101 0.784596621517
0 111011100 0.215403378483

01110
1 011101 0.801815132423
0 011100 0.198184867577

011
1 0111 0.58190973078
0 0110 0.41809026922

100
1 1001 0.580560470815
0 111101000 0.419439529185

011101001
1 111010011 0.583232288238
0 11010010 0.416767711762

0
1 01 0.596346519269
0 00 0.403653480731

010001110
1 100011101 0.85777936096
0 100011100 0.14222063904

0100110
1 01001101 0.685813630042
0 001001100 0.314186369958

00
1 001 0.704503418031
0 111101000 0.295496581969

0011
1 00111 0.662616238978
0 0100110 0.337383761022

100011101
1 11011 0.211052957694
0 000111010 0.788947042306

00111
1 01001111 0.231858712252
0 001110 0.768141287748

0010
1 00101 0.432061280081
0 111100100 0.567938719919

01010010
1 010100101 0.432153512341
0 111100100 0.567846487659

001010010
1 010100101 0.436431596006
0 0100100 0.563568403994

0011101
1 11011 0.249653890465
0 0111010 0.750346109535

000111010
1 1110101 0.248863712319
0 001110100 0.751136287681

001110
1 0011101 0.828050344717
0 100011100 0.171949655283

10100110
1 101001101 0.641966869947
0 001001100 0.358033130053

