1111
1 1111 0.323857302118
0 1111 0.676142697882

111100
1 1111 0.265993661228
0 111100 0.734006338772

1111111
1 1111 0.357142857143
0 1111 0.642857142857

11110000
1 111100 0.220517132647
0 111100000 0.779482867353

111100000
1 11110000 0.178532901834
0 111000000 0.821467098166

111000000
1 111100000 0.141726745208
0 110000000 0.858273254792

110000000
1 111100000 0.106636356052
0 100000000 0.893363643948

101101
1 111100 0.294967953089
0 111100 0.705032046911

100000000
1 111100000 0.0672946920864
0 e 0.932705307914

1000000
1 111100000 0.0881870376672
0 100000000 0.911812962333

e
1 111100000 0.023219
0 e 0.976781

000
1 111000000 0.0141647637072
0 000 0.985835215067

000000000
1 110000000 0.00821580926717
0 000000000 0.991784168048

