1101100011
1 1011000111 0.0
0 1011000110 1.0

0000110110
1 0001101101 0.00923076923077
0 0001101100 0.990769230769

0000110111
1 0001101111 1.0
0 0001101110 0.0

1100011000
1 1000110001 0.00720164609053
0 1000110000 0.992798353909

1100011001
1 1000110011 1.0
0 1000110010 0.0

1100001111
1 1000011111 0.0909090909091
0 1000011110 0.909090909091

0011011000
1 0110110001 0.0113285272915
0 0110110000 0.988671472709

0011011001
1 0110110011 1.0
0 0110110010 0.0

0110000011
1 1100000111 0.0160427807487
0 1100000110 0.983957219251

1101111000
1 1011110001 0.0
0 1011110000 1.0

0011000000
1 0110000001 0.00981323203545
0 0110000000 0.990186767965

0011000001
1 0110000011 1.0
0 0110000010 0.0

1011000001
1 0110000011 1.0
0 0110000010 0.0

1011000000
1 0110000001 0.0166666666667
0 0110000000 0.983333333333

0111101100
1 1111011001 0.0
0 1111011000 1.0

1000001111
1 0000011111 0.0666666666667
0 0000011110 0.933333333333

0111100110
1 1111001101 0.0
0 1111001100 1.0

1111001100
1 1110011001 0.0
0 1110011000 1.0

1100011011
1 1000110111 0.2
0 1000110110 0.8

1000110011
1 0001100111 0.0
0 0001100110 1.0

0000011110
1 0000111101 0.00837696335079
0 0000111100 0.991623036649

0000011111
1 0000111111 1.0
0 0000111110 0.0

0000001100
1 0000011001 0.00967280587792
0 0000011000 0.990327194122

0000001101
1 0000011011 1.0
0 0000011010 0.0

1100111100
1 1001111001 0.0
0 1001111000 1.0

1000111100
1 0001111001 0.0
0 0001111000 1.0

0011011011
1 0110110111 0.0
0 0110110110 1.0

1110000011
1 1100000111 0.0
0 1100000110 1.0

0000000110
1 0000001101 0.0104641773782
0 0000001100 0.989535822622

0000000111
1 0000001111 1.0
0 0000001110 0.0

1111100011
1 1111000111 0.0
0 1111000110 1.0

0011000011
1 0110000111 0.0124293785311
0 0110000110 0.987570621469

0000111101
1 0001111011 1.0
0 0001111010 0.0

1100110110
1 1001101101 0.0
0 1001101100 1.0

1011000110
1 0110001101 0.0
0 0110001100 1.0

0001100110
1 0011001101 0.0121145374449
0 0011001100 0.987885462555

0001100111
1 0011001111 1.0
0 0011001110 0.0

1000110001
1 0001100011 1.0
0 0001100010 0.0

1000110000
1 0001100001 0.0186528497409
0 0001100000 0.981347150259

1000011111
1 0000111111 1.0
0 0000111110 0.0

1000011110
1 0000111101 0.0
0 0000111100 1.0

0011110110
1 0111101101 0.0
0 0111101100 1.0

1001100011
1 0011000111 0.0
0 0011000110 1.0

0110110000
1 1101100001 0.0113519091847
0 1101100000 0.988648090815

0110110001
1 1101100011 1.0
0 1101100010 0.0

1011001100
1 0110011001 0.0
0 0110011000 1.0

0110011110
1 1100111101 0.0
0 1100111100 1.0

0000001111
1 0000011111 0.00738396624473
0 0000011110 0.992616033755

1110000001
1 1100000011 1.0
0 1100000010 0.0

1110000000
1 1100000001 0.00967741935484
0 1100000000 0.990322580645

1100000000
1 1000000001 0.0102159985156
0 1000000000 0.989784001484

1100000001
1 1000000011 1.0
0 1000000010 0.0

1111100000
1 1111000001 0.0
0 1111000000 1.0

0000111111
1 0001111111 0.0
0 0001111110 1.0

0000110000
1 0001100001 0.00935008192245
0 0001100000 0.990649918078

0000110001
1 0001100011 1.0
0 0001100010 0.0

0110110011
1 1101100111 0.0
0 1101100110 1.0

1001100001
1 0011000011 1.0
0 0011000010 0.0

1001100000
1 0011000001 0.00667408231368
0 0011000000 0.993325917686

0111111000
1 1111110001 0.111111111111
0 1111110000 0.888888888889

1110011000
1 1100110001 0.0
0 1100110000 1.0

0001111110
1 0011111101 0.0
0 0011111100 1.0

1100000011
1 1000000111 0.00862068965517
0 1000000110 0.991379310345

1111000110
1 1110001101 0.0
0 1110001100 1.0

0001101100
1 0011011001 0.0113402061856
0 0011011000 0.988659793814

0001101101
1 0011011011 1.0
0 0011011010 0.0

0000111100
1 0001111001 0.012539184953
0 0001111000 0.987460815047

1000000111
1 0000001111 1.0
0 0000001110 0.0

1000000110
1 0000001101 0.0108695652174
0 0000001100 0.989130434783

1000001101
1 0000011011 1.0
0 0000011010 0.0

1000001100
1 0000011001 0.011917659805
0 0000011000 0.988082340195

1110110000
1 1101100001 0.0
0 1101100000 1.0

1101100110
1 1011001101 0.0
0 1011001100 1.0

0000110011
1 0001100111 0.00663716814159
0 0001100110 0.993362831858

0111100000
1 1111000001 0.00953389830508
0 1111000000 0.990466101695

0111100001
1 1111000011 1.0
0 1111000010 0.0

0000011000
1 0000110001 0.0103794898661
0 0000110000 0.989620510134

0000011001
1 0000110011 1.0
0 0000110010 0.0

0110001100
1 1100011001 0.0103199174407
0 1100011000 0.989680082559

0110001101
1 1100011011 1.0
0 1100011010 0.0

0000000000
1 0000000001 0.0100283786414
0 0000000000 0.98997150964

0000000001
1 0000000011 1.0
0 0000000010 0.0

0001101111
1 0011011111 0.0
0 0011011110 1.0

0110000110
1 1100001101 0.00564971751412
0 1100001100 0.994350282486

0110000111
1 1100001111 1.0
0 1100001110 0.0

1000000011
1 0000000111 0.00829015544041
0 0000000110 0.99170984456

0001100000
1 0011000001 0.0100719110442
0 0011000000 0.989928088956

0001100001
1 0011000011 1.0
0 0011000010 0.0

1100110000
1 1001100001 0.0120879120879
0 1001100000 0.987912087912

1001111000
1 0011110001 0.0
0 0011110000 1.0

1000110111
1 0001101111 1.0
0 0001101110 0.0

1000110110
1 0001101101 0.0
0 0001101100 1.0

0000011011
1 0000110111 0.00512820512821
0 0000110110 0.994871794872

1100011110
1 1000111101 0.0
0 1000111100 1.0

0011110000
1 0111100001 0.0126315789474
0 0111100000 0.987368421053

0011110001
1 0111100011 1.0
0 0111100010 0.0

0110001111
1 1100011111 0.0
0 1100011110 1.0

0011011110
1 0110111101 0.0
0 0110111100 1.0

1011110000
1 0111100001 0.0
0 0111100000 1.0

0110011000
1 1100110001 0.00992282249173
0 1100110000 0.990077177508

0110011001
1 1100110011 1.0
0 1100110010 0.0

0000000011
1 0000000111 0.0101723404023
0 0000000110 0.989827659598

1110000110
1 1100001101 0.0
0 1100001100 1.0

0011001100
1 0110011001 0.0110375275938
0 0110011000 0.988962472406

0011001101
1 0110011011 1.0
0 0110011010 0.0

1101101100
1 1011011001 0.0
0 1011011000 1.0

1110001100
1 1100011001 0.0
0 1100011000 1.0

0011000110
1 0110001101 0.00519210799585
0 0110001100 0.994807892004

0011000111
1 0110001111 1.0
0 0110001110 0.0

1000011011
1 0000110111 0.0
0 0000110110 1.0

0001100011
1 0011000111 0.0113989637306
0 0011000110 0.988601036269

1011000011
1 0110000111 0.0
0 0110000110 1.0

1000000001
1 0000000011 1.0
0 0000000010 0.0

1000000000
1 0000000001 0.0101448955737
0 0000000000 0.989855104426

1100110011
1 1001100111 0.0
0 1001100110 1.0

0011110011
1 0111100111 0.0
0 0111100110 1.0

1001100110
1 0011001101 0.1
0 0011001100 0.9

1111011000
1 1110110001 0.0
0 1110110000 1.0

1001101100
1 0011011001 0.0
0 0011011000 1.0

0110011011
1 1100110111 0.0
0 1100110110 1.0

1111110000
1 1111100001 0.0
0 1111100000 1.0

0011001111
1 0110011111 0.0
0 0110011110 1.0

1111110001
1 1111100011 1.0
0 1111100010 0.0

0001111000
1 0011110001 0.0125523012552
0 0011110000 0.987447698745

0001111001
1 0011110011 1.0
0 0011110010 0.0

1111000000
1 1110000001 0.0137857900318
0 1110000000 0.986214209968

1111000001
1 1110000011 1.0
0 1110000010 0.0

0110111100
1 1101111001 0.0
0 1101111000 1.0

1101100000
1 1011000001 0.00621118012422
0 1011000000 0.993788819876

1101100001
1 1011000011 1.0
0 1011000010 0.0

1000011001
1 0000110011 1.0
0 0000110010 0.0

1000011000
1 0000110001 0.00790960451977
0 0000110000 0.99209039548

1011011000
1 0110110001 0.0
0 0110110000 1.0

0110110110
1 1101101101 0.0
0 1101101100 1.0

1100110001
1 1001100011 1.0
0 1001100010 0.0

1100001100
1 1000011001 0.00784753363229
0 1000011000 0.992152466368

1100001101
1 1000011011 1.0
0 1000011010 0.0

1100000110
1 1000001101 0.00645855758881
0 1000001100 0.993541442411

1100000111
1 1000001111 1.0
0 1000001110 0.0

0110000000
1 1100000001 0.0104303046173
0 1100000000 0.989569695383

0011111100
1 0111111001 0.0
0 0111111000 1.0

0001111011
1 0011110111 0.0
0 0011110110 1.0

0111100011
1 1111000111 0.0
0 1111000110 1.0

1111000011
1 1110000111 0.0
0 1110000110 1.0

0110000001
1 1100000011 1.0
0 1100000010 0.0

