00011000
0 000110000 0.825743200506
1 000110001 0.174256799494

000110001
1 1100011 0.236418632789
0 001100010 0.763581367211

001100010
1 1000101 0.207350727546
0 011000100 0.792649272454

011000100
1 110001001 0.191683940983
0 110001000 0.808316059017

110001000
1 010001 0.166102841678
0 100010000 0.833897158322

100010000
1 000100001 0.1315636161
0 000100000 0.8684363839

000100000
1 1000001 0.0854892378373
0 001000000 0.914510762163

001000000
1 010000001 0.0790223052849
0 0000000 0.920977694715

0000000
0 0000000 0.990628671117
1 00000001 0.00937130660711

00000001
0 000000010 0.88633808341
1 000000011 0.11366191659

000000011
1 000000111 0.202982202982
0 000000110 0.797017797018

000000110
1 000001101 0.18862882418
0 000001100 0.81137117582

000001100
1 000011001 0.182061481045
0 00011000 0.817938518955

000011001
1 000110011 0.236090898914
0 000110010 0.763909101086

000110010
1 001100101 0.220866887731
0 001100100 0.779133112269

001100100
1 011001001 0.207252044081
0 011001000 0.792747955919

011001000
1 010001 0.179756262695
0 110010000 0.820243737305

110010000
1 100100001 0.157487623762
0 100100000 0.842512376238

100100000
1 1000001 0.121615179252
0 001000000 0.878384820748

1000001
0 10000010 0.817893413289
1 10000011 0.182106586711

10000011
0 100000110 0.75557680051
1 100000111 0.24442319949

100000111
1 01111 0.28987396784
0 000001110 0.71012603216

000001110
1 000011101 0.249388254486
0 000011100 0.750611745514

000011100
1 000111001 0.235139573071
0 000111000 0.764860426929

000111000
1 001110001 0.207952106631
0 001110000 0.792047893369

001110000
1 011100001 0.1804214223
0 011100000 0.8195785777

011100000
1 1000001 0.162341581171
0 111000000 0.837658418829

111000000
1 110000001 0.141726745208
0 0000000 0.858273254792

110000001
1 100000011 0.193782684486
0 100000010 0.806217315514

100000010
1 000000101 0.152428017637
0 000000100 0.847571982363

000000100
1 000001001 0.101928047213
0 000001000 0.898071952787

000001000
1 010001 0.0971269188118
0 000010000 0.902873081188

000010000
1 000100001 0.09089853299
0 000100000 0.90910146701

000100001
1 001000011 0.182196116297
0 001000010 0.817803883703

001000010
1 010000101 0.164567474048
0 010000100 0.835432525952

010000100
1 100001001 0.152517070743
0 100001000 0.847482929257

100001000
1 010001 0.13682970578
0 000010000 0.86317029422

010001
0 0100010 0.797407230174
1 0100011 0.202592769826

0100011
0 01000110 0.742967575693
1 01000111 0.257032424307

01000111
0 010001110 0.699805068226
1 01111 0.300194931774

01111
0 011110 0.686727122836
1 11111 0.313272877164

11111
0 111110 0.65404475043
1 11111 0.34595524957

111110
0 1111100 0.686315789474
1 1111101 0.313684210526

1111101
0 11111010 0.685402684564
1 11111011 0.314597315436

11111011
0 111110110 0.688
1 111110111 0.312

111110111
1 01111 0.34188034188
0 111101110 0.65811965812

111101110
1 111011101 0.283720930233
0 111011100 0.716279069767

111011100
1 110111001 0.261363636364
0 110111000 0.738636363636

110111000
1 101110001 0.236086175943
0 101110000 0.763913824057

101110000
1 011100001 0.202963917526
0 011100000 0.797036082474

011100001
1 111000011 0.233069481091
0 111000010 0.766930518909

111000010
1 110000101 0.196999605211
0 110000100 0.803000394789

110000100
1 100001001 0.175347863564
0 100001000 0.824652136436

100001001
1 000010011 0.216107189166
0 000010010 0.783892810834

000010010
1 000100101 0.180018322476
0 000100100 0.819981677524

000100100
1 001001001 0.168123703762
0 001001000 0.831876296238

001001000
1 010001 0.14915574696
0 010010000 0.85084425304

010010000
1 100100001 0.140381679389
0 100100000 0.859618320611

100100001
1 001000011 0.200170357751
0 001000010 0.799829642249

001000011
1 010000111 0.254053395099
0 010000110 0.745946604901

010000110
1 100001101 0.231573375678
0 100001100 0.768426624322

100001100
1 000011001 0.204885949521
0 00011000 0.795114050479

100001101
1 000011011 0.272285966461
0 000011010 0.727714033539

000011010
1 000110101 0.231517727324
0 000110100 0.768482272676

000110100
1 001101001 0.22014105677
0 001101000 0.77985894323

001101000
1 010001 0.198588942864
0 011010000 0.801411057136

011010000
1 110100001 0.172753874499
0 110100000 0.827246125501

110100000
1 1000001 0.14996624554
0 101000000 0.85003375446

101000000
1 010000001 0.116428428071
0 0000000 0.883571571929

010000001
1 100000011 0.164507158916
0 100000010 0.835492841084

100000011
1 000000111 0.231762146483
0 000000110 0.768237853517

000000111
1 01111 0.276893135173
0 000001110 0.723106864827

110100001
1 101000011 0.226380648106
0 101000010 0.773619351894

101000010
1 010000101 0.1868385346
0 010000100 0.8131614654

010000101
1 100001011 0.237639989074
0 100001010 0.762360010926

100001010
1 000010101 0.214568040655
0 000010100 0.785431959345

000010100
1 000101001 0.172903159937
0 000101000 0.827096840063

000101000
1 010001 0.159547118855
0 001010000 0.840452881145

001010000
1 010100001 0.143068184713
0 010100000 0.856931815287

010100000
1 1000001 0.12876626203
0 101000000 0.87123373797

010100001
1 101000011 0.210160055672
0 101000010 0.789839944328

101000011
1 010000111 0.283150548355
0 010000110 0.716849451645

010000111
1 01111 0.297511312217
0 100001110 0.702488687783

100001110
1 000011101 0.270069987649
0 000011100 0.729930012351

000011101
1 000111011 0.298194713088
0 000111010 0.701805286912

000111010
1 001110101 0.272791023843
0 001110100 0.727208976157

001110100
1 011101001 0.240262104114
0 011101000 0.759737895886

011101000
1 010001 0.212934296526
0 111010000 0.787065703474

111010000
1 110100001 0.179117911791
0 110100000 0.820882088209

011101001
1 111010011 0.276315789474
0 111010010 0.723684210526

111010010
1 110100101 0.274801587302
0 110100100 0.725198412698

110100100
1 101001001 0.200074377092
0 101001000 0.799925622908

101001000
1 010001 0.1819044231
0 010010000 0.8180955769

101001001
1 010010011 0.255011655012
0 010010010 0.744988344988

010010010
1 100100101 0.21117131063
0 100100100 0.78882868937

100100100
1 001001001 0.196632742807
0 001001000 0.803367257193

001001001
1 010010011 0.227757560547
0 010010010 0.772242439453

010010011
1 100100111 0.271380186283
0 100100110 0.728619813717

100100110
1 001001101 0.24674196351
0 001001100 0.75325803649

001001100
1 010011001 0.214311312866
0 010011000 0.785688687134

010011000
1 100110001 0.192202867638
0 100110000 0.807797132362

100110000
1 001100001 0.171633430428
0 001100000 0.828366569572

001100000
1 1000001 0.135473863049
0 011000000 0.864526136951

011000000
1 110000001 0.12131253164
0 0000000 0.87868746836

001100001
1 011000011 0.214629580102
0 011000010 0.785370419898

011000010
1 110000101 0.198446141691
0 110000100 0.801553858309

110000101
1 100001011 0.251246261216
0 100001010 0.748753738784

100001011
1 000010111 0.273172905526
0 000010110 0.726827094474

000010110
1 000101101 0.24316437912
0 000101100 0.75683562088

000101100
1 001011001 0.229283990346
0 001011000 0.770716009654

001011000
1 010110001 0.196880415945
0 010110000 0.803119584055

010110000
1 101100001 0.180017703032
0 101100000 0.819982296968

101100000
1 1000001 0.158059310067
0 011000000 0.841940689933

101100001
1 011000011 0.231696428571
0 011000010 0.768303571429

011000011
1 110000111 0.271186440678
0 110000110 0.728813559322

110000110
1 100001101 0.243626062323
0 100001100 0.756373937677

110000111
1 01111 0.288944723618
0 100001110 0.711055276382

010110001
1 1100011 0.245388245388
0 101100010 0.754611754612

101100010
1 1000101 0.221992558909
0 011000100 0.778007441091

1000101
0 10001010 0.751822576932
1 10001011 0.248177423068

10001011
0 100010110 0.710575139147
1 100010111 0.289424860853

100010111
1 01111 0.306623931624
0 000101110 0.693376068376

000101110
1 001011101 0.275165562914
0 001011100 0.724834437086

001011100
1 010111001 0.25139275766
0 010111000 0.74860724234

010111000
1 101110001 0.225240715268
0 101110000 0.774759284732

101110001
1 1100011 0.286492374728
0 011100010 0.713507625272

011100010
1 1000101 0.216357775987
0 111000100 0.783642224013

111000100
1 110001001 0.194893923049
0 110001000 0.805106076951

110001001
1 100010011 0.23178807947
0 100010010 0.76821192053

100010010
1 000100101 0.208496291301
0 000100100 0.791503708699

000100101
1 001001011 0.250232018561
0 001001010 0.749767981439

001001010
1 010010101 0.218773280358
0 010010100 0.781226719642

010010100
1 100101001 0.19408181027
0 100101000 0.80591818973

100101000
1 010001 0.177775128175
0 001010000 0.822224871825

100101001
1 001010011 0.239477503628
0 001010010 0.760522496372

001010010
1 010100101 0.217580727832
0 010100100 0.782419272168

010100100
1 101001001 0.203701356319
0 101001000 0.796298643681

010100101
1 101001011 0.267991169978
0 101001010 0.732008830022

101001010
1 010010101 0.236704446382
0 010010100 0.763295553618

010010101
1 100101011 0.289370932755
0 100101010 0.710629067245

100101010
1 001010101 0.253842775582
0 001010100 0.746157224418

001010100
1 010101001 0.203560184064
0 010101000 0.796439815936

010101000
1 010001 0.188752196837
0 101010000 0.811247803163

101010000
1 010100001 0.169001940073
0 010100000 0.830998059927

010101001
1 101010011 0.251555555556
0 101010010 0.748444444444

101010010
1 010100101 0.241276595745
0 010100100 0.758723404255

101010011
1 010100111 0.278894472362
0 010100110 0.721105527638

010100110
1 101001101 0.262651610205
0 101001100 0.737348389795

101001100
1 010011001 0.227706345915
0 010011000 0.772293654085

010011001
1 100110011 0.268032437047
0 100110010 0.731967562953

100110010
1 001100101 0.225
0 001100100 0.775

001100101
1 011001011 0.285239085239
0 011001010 0.714760914761

011001010
1 110010101 0.258441558442
0 110010100 0.741558441558

110010100
1 100101001 0.209871422646
0 100101000 0.790128577354

110010101
1 100101011 0.262124711316
0 100101010 0.737875288684

100101011
1 001010111 0.302013422819
0 001010110 0.697986577181

001010110
1 010101101 0.274163219255
0 010101100 0.725836780745

010101100
1 101011001 0.246617703904
0 101011000 0.753382296096

101011000
1 010110001 0.231024318349
0 010110000 0.768975681651

101011001
1 010110011 0.270615563298
0 010110010 0.729384436702

010110010
1 101100101 0.237704918033
0 101100100 0.762295081967

101100100
1 011001001 0.203228173147
0 011001000 0.796771826853

011001001
1 110010011 0.254450716457
0 110010010 0.745549283543

110010010
1 100100101 0.230705047977
0 100100100 0.769294952023

100100101
1 001001011 0.273515981735
0 001001010 0.726484018265

001001011
1 010010111 0.284833091437
0 010010110 0.715166908563

010010110
1 100101101 0.262403100775
0 100101100 0.737596899225

100101100
1 001011001 0.25382848392
0 001011000 0.74617151608

001011001
1 010110011 0.272385252069
0 010110010 0.727614747931

010110011
1 101100111 0.298850574713
0 101100110 0.701149425287

101100110
1 011001101 0.269807280514
0 011001100 0.730192719486

011001100
1 110011001 0.246075353218
0 110011000 0.753924646782

110011000
1 100110001 0.218309859155
0 100110000 0.781690140845

100110001
1 1100011 0.248756218905
0 001100010 0.751243781095

1100011
0 11000110 0.718248807976
1 11000111 0.281751192024

11000111
0 110001110 0.702307692308
1 01111 0.297692307692

110001110
1 100011101 0.293537787514
0 100011100 0.706462212486

100011100
1 000111001 0.255684084563
0 000111000 0.744315915437

000111001
1 001110011 0.271423449265
0 001110010 0.728576550735

001110010
1 011100101 0.255647590361
0 011100100 0.744352409639

011100100
1 111001001 0.230909090909
0 111001000 0.769090909091

111001000
1 010001 0.200329489292
0 110010000 0.799670510708

111001001
1 110010011 0.258451472192
0 110010010 0.741548527808

110010011
1 100100111 0.294046172539
0 100100110 0.705953827461

100100111
1 01111 0.315968289921
0 001001110 0.684031710079

001001110
1 010011101 0.281238615665
0 010011100 0.718761384335

010011100
1 100111001 0.248646558391
0 100111000 0.751353441609

100111000
1 001110001 0.217002237136
0 001110000 0.782997762864

001110001
1 1100011 0.245976062732
0 011100010 0.754023937268

100111001
1 001110011 0.295711060948
0 001110010 0.704288939052

001110011
1 011100111 0.325809617272
0 011100110 0.674190382728

011100110
1 111001101 0.274143302181
0 111001100 0.725856697819

111001100
1 110011001 0.264204545455
0 110011000 0.735795454545

110011001
1 100110011 0.243929359823
0 100110010 0.756070640177

100110011
1 001100111 0.29210836278
0 001100110 0.70789163722

001100110
1 011001101 0.260404280618
0 011001100 0.739595719382

011001101
1 110011011 0.306930693069
0 110011010 0.693069306931

110011010
1 100110101 0.264966740576
0 100110100 0.735033259424

100110100
1 001101001 0.233158531666
0 001101000 0.766841468334

001101001
1 011010011 0.245366639807
0 011010010 0.754633360193

011010010
1 110100101 0.235753317721
0 110100100 0.764246682279

110100101
1 101001011 0.27809307605
0 101001010 0.72190692395

101001011
1 010010111 0.285211267606
0 010010110 0.714788732394

010010111
1 01111 0.321011673152
0 100101110 0.678988326848

100101110
1 001011101 0.281808622503
0 001011100 0.718191377497

001011101
1 010111011 0.300272975432
0 010111010 0.699727024568

010111010
1 101110101 0.290753098189
0 101110100 0.709246901811

101110100
1 011101001 0.235074626866
0 011101000 0.764925373134

101110101
1 011101011 0.300995024876
0 011101010 0.699004975124

011101010
1 111010101 0.244422890398
0 111010100 0.755577109602

111010100
1 110101001 0.241289198606
0 110101000 0.758710801394

110101000
1 010001 0.197135061392
0 101010000 0.802864938608

110101001
1 101010011 0.256696428571
0 101010010 0.743303571429

111010101
1 110101011 0.318407960199
0 110101010 0.681592039801

110101010
1 101010101 0.256070640177
0 101010100 0.743929359823

101010100
1 010101001 0.225168183617
0 010101000 0.774831816383

101010101
1 010101011 0.258227848101
0 010101010 0.741772151899

010101010
1 101010101 0.231439236831
0 101010100 0.768560763169

010101011
1 101010111 0.345833333333
0 101010110 0.654166666667

101010110
1 010101101 0.278021978022
0 010101100 0.721978021978

010101101
1 101011011 0.309572301426
0 101011010 0.690427698574

101011010
1 010110101 0.249469214437
0 010110100 0.750530785563

010110100
1 101101001 0.229306487696
0 101101000 0.770693512304

101101000
1 010001 0.207039337474
0 011010000 0.792960662526

101101001
1 011010011 0.246170678337
0 011010010 0.753829321663

011010011
1 110100111 0.286570743405
0 110100110 0.713429256595

110100110
1 101001101 0.250867052023
0 101001100 0.749132947977

101001101
1 010011011 0.305325443787
0 010011010 0.694674556213

010011010
1 100110101 0.264479546375
0 100110100 0.735520453625

100110101
1 001101011 0.291479820628
0 001101010 0.708520179372

001101010
1 011010101 0.245895379916
0 011010100 0.754104620084

011010100
1 110101001 0.230970149254
0 110101000 0.769029850746

011010101
1 110101011 0.282633371169
0 110101010 0.717366628831

110101011
1 101010111 0.25198938992
0 101010110 0.74801061008

101010111
1 01111 0.32318501171
0 010101110 0.67681498829

010101110
1 101011101 0.286538461538
0 101011100 0.713461538462

101011100
1 010111001 0.271153846154
0 010111000 0.728846153846

010111001
1 101110011 0.274900398406
0 101110010 0.725099601594

101110010
1 011100101 0.262404580153
0 011100100 0.737595419847

011100101
1 111001011 0.284067085954
0 111001010 0.715932914046

111001010
1 110010101 0.278179937952
0 110010100 0.721820062048

111001011
1 110010111 0.290237467018
0 110010110 0.709762532982

110010110
1 100101101 0.24332977588
0 100101100 0.75667022412

100101101
1 001011011 0.277348066298
0 001011010 0.722651933702

001011010
1 010110101 0.267704857249
0 010110100 0.732295142751

010110101
1 101101011 0.310344827586
0 101101010 0.689655172414

101101010
1 011010101 0.251592356688
0 011010100 0.748407643312

101101011
1 011010111 0.283653846154
0 011010110 0.716346153846

011010110
1 110101101 0.290388548057
0 110101100 0.709611451943

110101100
1 101011001 0.225708502024
0 101011000 0.774291497976

110101101
1 101011011 0.324808184143
0 101011010 0.675191815857

101011011
1 010110111 0.262180974478
0 010110110 0.737819025522

010110110
1 101101101 0.293407613742
0 101101100 0.706592386258

101101100
1 011011001 0.260435571688
0 011011000 0.739564428312

011011000
1 110110001 0.224946695096
0 110110000 0.775053304904

110110000
1 101100001 0.196726572529
0 101100000 0.803273427471

110110001
1 1100011 0.284940411701
0 101100010 0.715059588299

011011001
1 110110011 0.277096114519
0 110110010 0.722903885481

110110010
1 101100101 0.233134920635
0 101100100 0.766865079365

101100101
1 011001011 0.299763033175
0 011001010 0.700236966825

011001011
1 110010111 0.288604898829
0 110010110 0.711395101171

110010111
1 01111 0.335958005249
0 100101110 0.664041994751

110110011
1 101100111 0.3273657289
0 101100110 0.6726342711

101100111
1 01111 0.321256038647
0 011001110 0.678743961353

011001110
1 110011101 0.27969762419
0 110011100 0.72030237581

110011100
1 100111001 0.247454175153
0 100111000 0.752545824847

110011101
1 100111011 0.333333333333
0 100111010 0.666666666667

100111010
1 001110101 0.278670953912
0 001110100 0.721329046088

001110101
1 011101011 0.277456647399
0 011101010 0.722543352601

011101011
1 111010111 0.310513447433
0 111010110 0.689486552567

111010110
1 110101101 0.266832917706
0 110101100 0.733167082294

111010111
1 01111 0.311557788945
0 110101110 0.688442211055

110101110
1 101011101 0.281927710843
0 101011100 0.718072289157

101011101
1 010111011 0.325301204819
0 010111010 0.674698795181

010111011
1 101110111 0.294623655914
0 101110110 0.705376344086

101110110
1 011101101 0.308016877637
0 011101100 0.691983122363

011101100
1 111011001 0.258178603006
0 111011000 0.741821396994

111011000
1 110110001 0.236734693878
0 110110000 0.763265306122

111011001
1 110110011 0.285035629454
0 110110010 0.714964370546

011101101
1 111011011 0.301886792453
0 111011010 0.698113207547

111011010
1 110110101 0.277161862528
0 110110100 0.722838137472

110110100
1 101101001 0.264601769912
0 101101000 0.735398230088

110110101
1 101101011 0.296758104738
0 101101010 0.703241895262

111011011
1 110110111 0.259803921569
0 110110110 0.740196078431

110110110
1 101101101 0.295454545455
0 101101100 0.704545454545

101101101
1 011011011 0.328976034858
0 011011010 0.671023965142

011011010
1 110110101 0.255555555556
0 110110100 0.744444444444

011011011
1 110110111 0.291489361702
0 110110110 0.708510638298

110110111
1 01111 0.378947368421
0 101101110 0.621052631579

101101110
1 011011101 0.293506493506
0 011011100 0.706493506494

011011100
1 110111001 0.295034079844
0 110111000 0.704965920156

110111001
1 101110011 0.274376417234
0 101110010 0.725623582766

101110011
1 011100111 0.304785894207
0 011100110 0.695214105793

011100111
1 01111 0.342163355408
0 111001110 0.657836644592

111001110
1 110011101 0.264018691589
0 110011100 0.735981308411

011011101
1 110111011 0.331818181818
0 110111010 0.668181818182

110111010
1 101110101 0.228235294118
0 101110100 0.771764705882

110111011
1 101110111 0.31455399061
0 101110110 0.68544600939

101110111
1 01111 0.313725490196
0 011101110 0.686274509804

011101110
1 111011101 0.268101761252
0 111011100 0.731898238748

111011101
1 110111011 0.338383838384
0 110111010 0.661616161616

110110111
1 01111 0.378947368421
0 101101110 0.621052631579

101110111
1 01111 0.313725490196
0 011101110 0.686274509804

100111011
1 001110111 0.356984478936
0 001110110 0.643015521064

001110110
1 011101101 0.257169287697
0 011101100 0.742830712303

001110111
1 01111 0.311688311688
0 011101110 0.688311688312

101101101
1 011011011 0.328976034858
0 011011010 0.671023965142

010110111
1 01111 0.351941747573
0 101101110 0.648058252427

011010111
1 01111 0.299748110831
0 110101110 0.700251889169

001011011
1 010110111 0.282608695652
0 010110110 0.717391304348

110010111
1 01111 0.335958005249
0 100101110 0.664041994751

101110011
1 011100111 0.304785894207
0 011100110 0.695214105793

101011101
1 010111011 0.325301204819
0 010111010 0.674698795181

001101011
1 011010111 0.290928050052
0 011010110 0.709071949948

010011011
1 100110111 0.315682281059
0 100110110 0.684317718941

100110110
1 001101101 0.27619047619
0 001101100 0.72380952381

001101100
1 011011001 0.25687732342
0 011011000 0.74312267658

001101101
1 011011011 0.292392300642
0 011011010 0.707607699358

100110111
1 01111 0.352112676056
0 001101110 0.647887323944

001101110
1 011011101 0.302218114603
0 011011100 0.697781885397

110100111
1 01111 0.297376093294
0 101001110 0.702623906706

101001110
1 010011101 0.281359906213
0 010011100 0.718640093787

010011101
1 100111011 0.323122529644
0 100111010 0.676877470356

010110101
1 101101011 0.310344827586
0 101101010 0.689655172414

101011011
1 010110111 0.262180974478
0 010110110 0.737819025522

101010111
1 01111 0.32318501171
0 010101110 0.67681498829

110101011
1 101010111 0.25198938992
0 101010110 0.74801061008

011101011
1 111010111 0.310513447433
0 111010110 0.689486552567

010111011
1 101110111 0.294623655914
0 101110110 0.705376344086

011010011
1 110100111 0.286570743405
0 110100110 0.713429256595

100110101
1 001101011 0.291479820628
0 001101010 0.708520179372

110011011
1 100110111 0.298200514139
0 100110110 0.701799485861

001100111
1 01111 0.351106639839
0 011001110 0.648893360161

111001101
1 110011011 0.287958115183
0 110011010 0.712041884817

011100111
1 01111 0.342163355408
0 111001110 0.657836644592

010011101
1 100111011 0.323122529644
0 100111010 0.676877470356

011100101
1 111001011 0.284067085954
0 111001010 0.715932914046

001110011
1 011100111 0.325809617272
0 011100110 0.674190382728

100011101
1 000111011 0.265505984766
0 000111010 0.734494015234

000111011
1 001110111 0.323353293413
0 001110110 0.676646706587

11000110
0 110001100 0.755582377791
1 110001101 0.244417622209

110001101
1 100011011 0.29012345679
0 100011010 0.70987654321

100011010
1 000110101 0.25730994152
0 000110100 0.74269005848

000110101
1 001101011 0.260238272524
0 001101010 0.739761727476

100011011
1 000110111 0.297206703911
0 000110110 0.702793296089

000110110
1 001101101 0.292665726375
0 001101100 0.707334273625

000110111
1 01111 0.31520815633
0 001101110 0.68479184367

110001100
1 100011001 0.211261980831
0 00011000 0.788738019169

100011001
1 000110011 0.256539697109
0 000110010 0.743460302891

000110011
1 001100111 0.279610194903
0 001100110 0.720389805097

110011001
1 100110011 0.243929359823
0 100110010 0.756070640177

011001101
1 110011011 0.306930693069
0 110011010 0.693069306931

101100111
1 01111 0.321256038647
0 011001110 0.678743961353

100101101
1 001011011 0.277348066298
0 001011010 0.722651933702

010010111
1 01111 0.321011673152
0 100101110 0.678988326848

110010011
1 100100111 0.294046172539
0 100100110 0.705953827461

101100101
1 011001011 0.299763033175
0 011001010 0.700236966825

010110011
1 101100111 0.298850574713
0 101100110 0.701149425287

010101101
1 101011011 0.309572301426
0 101011010 0.690427698574

001010111
1 01111 0.331850533808
0 010101110 0.668149466192

011001011
1 110010111 0.288604898829
0 110010110 0.711395101171

100110011
1 001100111 0.29210836278
0 001100110 0.70789163722

101001101
1 010011011 0.305325443787
0 010011010 0.694674556213

010100111
1 01111 0.32
0 101001110 0.68

001010101
1 010101011 0.292909724913
0 010101010 0.707090275087

100101011
1 001010111 0.302013422819
0 001010110 0.697986577181

101001011
1 010010111 0.285211267606
0 010010110 0.714788732394

001010011
1 010100111 0.271743486974
0 010100110 0.728256513026

010010101
1 100101011 0.289370932755
0 100101010 0.710629067245

001001011
1 010010111 0.284833091437
0 010010110 0.715166908563

100010011
1 000100111 0.27420101899
0 000100110 0.72579898101

000100110
1 001001101 0.23492795389
0 001001100 0.76507204611

001001101
1 010011011 0.277820414428
0 010011010 0.722179585572

000100111
1 01111 0.292465300727
0 001001110 0.707534699273

1100011
0 11000110 0.718248807976
1 11000111 0.281751192024

010111001
1 101110011 0.274900398406
0 101110010 0.725099601594

001011101
1 010111011 0.300272975432
0 010111010 0.699727024568

100010110
1 000101101 0.261096605744
0 000101100 0.738903394256

000101101
1 001011011 0.283157894737
0 001011010 0.716842105263

10001010
0 100010100 0.771971011534
1 100010101 0.228028988466

100010101
1 000101011 0.259176365264
0 000101010 0.740823634736

000101010
1 001010101 0.233940668068
0 001010100 0.766059331932

000101011
1 001010111 0.29560401523
0 001010110 0.70439598477

100010100
1 000101001 0.192780642602
0 000101000 0.807219357398

000101001
1 001010011 0.242954324587
0 001010010 0.757045675413

1100011
0 11000110 0.718248807976
1 11000111 0.281751192024

001011001
1 010110011 0.272385252069
0 010110010 0.727614747931

000101101
1 001011011 0.283157894737
0 001011010 0.716842105263

000010111
1 01111 0.310154204248
0 000101110 0.689845795752

011000011
1 110000111 0.271186440678
0 110000110 0.728813559322

100110001
1 1100011 0.248756218905
0 001100010 0.751243781095

010011001
1 100110011 0.268032437047
0 100110010 0.731967562953

001001101
1 010011011 0.277820414428
0 010011010 0.722179585572

100100111
1 01111 0.315968289921
0 001001110 0.684031710079

100100101
1 001001011 0.273515981735
0 001001010 0.726484018265

010010011
1 100100111 0.271380186283
0 100100110 0.728619813717

110100101
1 101001011 0.27809307605
0 101001010 0.72190692395

111010011
1 110100111 0.27807486631
0 110100110 0.72192513369

001110101
1 011101011 0.277456647399
0 011101010 0.722543352601

000111011
1 001110111 0.323353293413
0 001110110 0.676646706587

000101001
1 001010011 0.242954324587
0 001010010 0.757045675413

000010101
1 000101011 0.250623847239
0 000101010 0.749376152761

100001011
1 000010111 0.273172905526
0 000010110 0.726827094474

101000011
1 010000111 0.283150548355
0 010000110 0.716849451645

001101001
1 011010011 0.245366639807
0 011010010 0.754633360193

000110101
1 001101011 0.260238272524
0 001101010 0.739761727476

000011011
1 000110111 0.292174470815
0 000110110 0.707825529185

010000111
1 01111 0.297511312217
0 100001110 0.702488687783

001001001
1 010010011 0.227757560547
0 010010010 0.772242439453

000100101
1 001001011 0.250232018561
0 001001010 0.749767981439

000010011
1 000100111 0.255082791868
0 000100110 0.744917208132

110000101
1 100001011 0.251246261216
0 100001010 0.748753738784

111000011
1 110000111 0.278481012658
0 110000110 0.721518987342

101110001
1 1100011 0.286492374728
0 011100010 0.713507625272

110111001
1 101110011 0.274376417234
0 101110010 0.725623582766

111011101
1 110111011 0.338383838384
0 110111010 0.661616161616

111110110
1 111101101 0.298449612403
0 111101100 0.701550387597

111101100
1 111011001 0.250485436893
0 111011000 0.749514563107

111101101
1 111011011 0.329004329004
0 111011010 0.670995670996

11111010
0 111110100 0.712362301102
1 111110101 0.287637698898

111110101
1 111101011 0.246808510638
0 111101010 0.753191489362

111101010
1 111010101 0.28901734104
0 111010100 0.71098265896

111101011
1 111010111 0.376963350785
0 111010110 0.623036649215

111110100
1 111101001 0.27147766323
0 111101000 0.72852233677

111101000
1 010001 0.227071005917
0 111010000 0.772928994083

111101001
1 111010011 0.259574468085
0 111010010 0.740425531915

1111100
0 11111000 0.727377300613
1 11111001 0.272622699387

11111001
0 111110010 0.714486638537
1 111110011 0.285513361463

111110011
1 111100111 0.270935960591
0 111100110 0.729064039409

111100110
1 111001101 0.248421052632
0 111001100 0.751578947368

111100111
1 01111 0.340101522843
0 111001110 0.659898477157

111110010
1 111100101 0.246062992126
0 111100100 0.753937007874

111100100
1 111001001 0.234608985025
0 111001000 0.765391014975

111100101
1 111001011 0.275510204082
0 111001010 0.724489795918

11111000
0 111110000 0.75487612019
1 111110001 0.24512387981

111110001
1 1100011 0.277419354839
0 111100010 0.722580645161

111100010
1 1000101 0.225925925926
0 111000100 0.774074074074

111110000
1 111100001 0.22625698324
0 111100000 0.77374301676

111100000
1 1000001 0.178532901834
0 111000000 0.821467098166

111100001
1 111000011 0.247855100095
0 111000010 0.752144899905

011110
0 0111100 0.709603841537
1 0111101 0.290396158463

0111101
0 01111010 0.708970649029
1 01111011 0.291029350971

01111011
0 011110110 0.693181818182
1 011110111 0.306818181818

011110111
1 01111 0.361111111111
0 111101110 0.638888888889

011110110
1 111101101 0.315573770492
0 111101100 0.684426229508

01111010
0 011110100 0.723032069971
1 011110101 0.276967930029

011110101
1 111101011 0.28
0 111101010 0.72

011110100
1 111101001 0.251612903226
0 111101000 0.748387096774

0111100
0 01111000 0.736931145322
1 01111001 0.263068854678

01111001
0 011110010 0.698392282958
1 011110011 0.301607717042

011110011
1 111100111 0.302771855011
0 111100110 0.697228144989

011110010
1 111100101 0.245856353591
0 111100100 0.754143646409

01111000
0 011110000 0.76331496786
1 011110001 0.23668503214

011110001
1 1100011 0.278370514064
0 111100010 0.721629485936

011110000
1 111100001 0.218045112782
0 111100000 0.781954887218

010001110
1 100011101 0.259052924791
0 100011100 0.740947075209

01000110
0 010001100 0.761175337187
1 010001101 0.238824662813

010001101
1 100011011 0.266236385639
0 100011010 0.733763614361

010001100
1 100011001 0.208834324769
0 00011000 0.791165675231

0100010
0 01000100 0.817057646845
1 1000101 0.182942353155

01000100
0 010001000 0.833963943913
1 010001001 0.166036056087

010001001
1 100010011 0.223726541555
0 100010010 0.776273458445

010001000
1 010001 0.143741659995
0 100010000 0.856258340005

100001001
1 000010011 0.216107189166
0 000010010 0.783892810834

010000101
1 100001011 0.237639989074
0 100001010 0.762360010926

001000011
1 010000111 0.254053395099
0 010000110 0.745946604901

010001
0 0100010 0.797407230174
1 0100011 0.202592769826

000001001
1 000010011 0.19194691744
0 000010010 0.80805308256

000000101
1 000001011 0.197568253685
0 000001010 0.802431746315

000001010
1 000010101 0.186318413982
0 000010100 0.813681586018

000001011
1 000010111 0.270342714915
0 000010110 0.729657285085

100000011
1 000000111 0.231762146483
0 000000110 0.768237853517

011100001
1 111000011 0.233069481091
0 111000010 0.766930518909

001110001
1 1100011 0.245976062732
0 011100010 0.754023937268

000111001
1 001110011 0.271423449265
0 001110010 0.728576550735

000011101
1 000111011 0.298194713088
0 000111010 0.701805286912

01111
0 011110 0.686727122836
1 11111 0.313272877164

100000110
1 000001101 0.225643188528
0 000001100 0.774356811472

000001101
1 000011011 0.255386500562
0 000011010 0.744613499438

10000010
0 100000100 0.8379650434
1 100000101 0.1620349566

100000101
1 000001011 0.229747482119
0 000001010 0.770252517881

100000100
1 000001001 0.141772509173
0 000001000 0.858227490827

100100001
1 001000011 0.200170357751
0 001000010 0.799829642249

010001
0 0100010 0.797407230174
1 0100011 0.202592769826

011001001
1 110010011 0.254450716457
0 110010010 0.745549283543

001100101
1 011001011 0.285239085239
0 011001010 0.714760914761

000110011
1 001100111 0.279610194903
0 001100110 0.720389805097

000001101
1 000011011 0.255386500562
0 000011010 0.744613499438

000000111
1 01111 0.276893135173
0 000001110 0.723106864827

000000010
1 000000101 0.106616641368
0 000000100 0.893383358632

010000001
1 100000011 0.164507158916
0 100000010 0.835492841084

1000001
0 10000010 0.817893413289
1 10000011 0.182106586711

000100001
1 001000011 0.182196116297
0 001000010 0.817803883703

010001
0 0100010 0.797407230174
1 0100011 0.202592769826

110001001
1 100010011 0.23178807947
0 100010010 0.76821192053

1000101
0 10001010 0.751822576932
1 10001011 0.248177423068

1100011
0 11000110 0.718248807976
1 11000111 0.281751192024

000110000
1 001100001 0.15181922635
0 001100000 0.84818077365

1000001
0 10000010 0.817893413289
1 10000011 0.182106586711

0000000
0 0000000 0.990628671117
1 00000001 0.00937130660711

1000101
0 10001010 0.751822576932
1 10001011 0.248177423068

1100011
0 11000110 0.718248807976
1 11000111 0.281751192024

010001
0 0100010 0.797407230174
1 0100011 0.202592769826

01111
0 011110 0.686727122836
1 11111 0.313272877164

11111
0 111110 0.65404475043
1 11111 0.34595524957

