11110101001
0 1111010 0.462503166962
1 1111 0.537496833038

11010001110
0 111100 0.143402562616
1 10100011101 0.856597437384

10100101001
0 1111010010 0.387215647367
1 1111 0.612784352633

10100011101
0 01001010001 0.789676197241
1 1111 0.210323802759

01001010001
0 1111010010 0.756732283465
1 111100 0.243267716535

00
0 111100 0.295496581969
1 111101 0.704503418031

001110
0 111100 0.171949655283
1 01001010001 0.828050344717

0011
0 00 0.337383761022
1 10100011101 0.662616238978

01110
0 111100 0.198184867577
1 1111010001 0.801815132423

