1111
1 1111 0.50464551053
0 11110 0.49535448947

11110
1 111101 0.753169301744
0 111100 0.246830698256

111101
1 1111 0.352542956861
0 111101 0.647457043139

111100
1 1111001 1.0

1111001
0 111101 1.0

1010010
1 111101 0.428932247269
0 1111 0.571067752731

0
1 111101 0.596346519269
0 11110 0.403653480731

010001110
1 100011101 0.85777936096
0 111100 0.14222063904

0100110
1 111101 0.685813630042
0 111100 0.314186369958

100011101
1 1111 0.211052957694
0 100011101 0.788947042306

11010001
1 111100 0.285088244177
0 1111 0.714911755823

