01111001010
0 11110010100 0.523535387741
1 11111110101 0.476464612259

11110100010
0 11110110100 0.519791764375
1 11101000101 0.480208235625

11111111111
0 11111111110 0.501134429949
1 11111111111 0.498865570051

11101001111
0 11010011110 0.499559385097
1 11111111111 0.500440614903

11111010011
0 11110100110 0.511416646207
1 11111111111 0.488583353793

10110010011
0 11111111110 0.509807655685
1 01100100111 0.490192344315

10100100100
0 11111101000 0.486237712243
1 01001001001 0.513762287757

11101100100
0 11111101000 0.502389654203
1 11011001001 0.497610345797

11110110100
0 11111101000 0.492869875223
1 11101101001 0.507130124777

11111100100
0 11111101000 0.49700452378
1 11111001001 0.50299547622

11101110100
0 11011101000 0.507447011648
1 11101101001 0.492552988352

01001110100
0 11011101000 0.499531176746
1 10011101001 0.500468823254

01000100100
0 11111101000 0.502123965148
1 10001001001 0.497876034852

11111110100
0 11111101000 0.503526093089
1 11111101001 0.496473906911

11110010100
0 11100101000 0.508270435202
1 11111101101 0.491729564798

11100100100
0 11111101000 0.499394842193
1 11001001001 0.500605157807

01100100
0 11111101000 0.489383242667
1 011001001 0.510616757333

11111010100
0 11111101000 0.499428571429
1 11110101001 0.500571428571

10011100100
0 11111101000 0.500045016656
1 00111001001 0.499954983344

0100
0 11111101000 0.505611919192
1 01001 0.494388080808

11010110100
0 11111101000 0.502711552236
1 10101101001 0.497288447764

01001100100
0 11111101000 0.479324131088
1 10011001001 0.520675868912

11010010100
0 10100101000 0.492732446359
1 10100101001 0.507267553641

01001001001
0 10010010010 0.473689129825
1 11111111111 0.526310870175

11011001001
0 10110010010 0.479219409283
1 10110010011 0.520780590717

11101101001
0 11101010010 0.470820189274
1 11111010011 0.529179810726

11010001001
0 10100010010 0.469856321839
1 11111111111 0.530143678161

11111001001
0 11110010010 0.473664688427
1 11111111111 0.526335311573

10011101001
0 11101010010 0.469789227166
1 1010011 0.530210772834

10001001001
0 00010010010 0.466961449835
1 11111111111 0.533038550165

11111101001
0 11111010010 0.470217419272
1 11111010011 0.529782580728

01100100111
0 001110 0.513852061809
1 11101001111 0.486147938191

11110110110
0 11101101100 0.255574136009
1 11111101101 0.744425863991

11111111110
0 11111111100 0.242089985486
1 11111111101 0.757910014514

11111010110
0 11111111100 0.250898038132
1 11110101101 0.749101961868

11010011110
0 10100111100 0.249918362904
1 11111110101 0.750081637096

11110100110
0 11101001100 0.256746810599
1 11111101101 0.743253189401

00111100101
0 01111001010 0.62426449986
1 11111111111 0.37573550014

10110110010
0 11101100100 0.62098986285
1 01101100101 0.37901013715

11010001010
0 11010110100 0.646431974324
1 11111101101 0.353568025676

11101001010
0 11010010100 0.647438620338
1 11111110101 0.352561379662

11011110010
0 11111100100 0.629160266257
1 10111100101 0.370839733743

11110110010
0 11101100100 0.626898047722
1 11111100101 0.373101952278

11111110010
0 11111100100 0.620777661012
1 11111100101 0.379222338988

01001110010
0 10011100100 0.625922795154
1 10111100101 0.374077204846

0110010
0 01100100 0.640296288613
1 11111100101 0.359703711387

00100110010
0 01001100100 0.621351849843
1 10111100101 0.378648150157

00101
0 11010001010 0.675370937572
1 11111111111 0.324629062428

01100100101
0 11101001010 0.672894550602
1 11111111111 0.327105449398

01110100110
0 11101001100 0.631079478055
1 11111101101 0.368920521945

10001110100
0 00011101000 0.625536695513
1 00011101001 0.374463304487

11111101101
0 11111011010 0.638264299803
1 11111111111 0.361735700197

11010011101
0 10100111010 0.644855455393
1 11111111111 0.355144544607

11111111101
0 11111111010 0.655440918824
1 11111111111 0.344559081176

11111110101
0 11111101010 0.641527176979
1 11111111111 0.358472823021

11110101101
0 11101011010 0.637308637309
1 11111111111 0.362691362691

01
0 010 0.661173438793
1 011 0.338826225831

001
0 0010 0.655276550135
1 0011 0.344723449865

01101100101
0 11111001010 0.621658805031
1 11111111111 0.378341194969

0111
0 01110 0.646043439582
1 11111111111 0.353956560418

11100101000
1 11001010001 1.0

11101101100
1 11011011001 1.0

11110111100
1 11101111001 1.0

11111111100
1 11111111001 1.0

11010011100
1 10100111001 1.0

10101001100
1 01010011001 1.0

11001001100
1 10010011001 1.0

10100111100
1 01001111001 1.0

11101001100
1 11010011001 1.0

11110100011
1 11101000111 1.0

11111101000
1 11111010001 1.0

11011101000
1 10111010001 1.0

00011101000
1 00111010001 1.0

10100101000
1 01001010001 1.0

10111100101
0 01111001010 0.602654432246
1 11111111111 0.397345567754

10011110010
0 11111100100 0.616319071167
1 00111100101 0.383680928833

10010010010
0 10100100100 0.571238757155
1 01100100101 0.428761242845

11111011010
0 11110110100 0.596391116595
1 11111101101 0.403608883405

11101111010
0 11110110100 0.604759735823
1 11111110101 0.395240264177

11110111010
0 11101110100 0.606949458484
1 11111101101 0.393050541516

10100111010
0 01001110100 0.607264472191
1 11111101101 0.392735527809

11110101010
0 11111110100 0.60105680317
1 11111111101 0.39894319683

11111111010
0 11111110100 0.600360036004
1 11111110101 0.399639963996

10110010010
0 11100100100 0.582410629548
1 01100100101 0.417589370452

11111101010
0 11111010100 0.595668409261
1 11111111101 0.404331590739

01001111010
0 11111010100 0.60410155179
1 11111110101 0.39589844821

010
0 0100 0.598314837566
1 11110101101 0.401685162434

11101011010
0 11010110100 0.606182086718
1 11111101101 0.393817913282

11010010010
0 10100100100 0.583324391029
1 11110100101 0.416675608971

01110100010
0 11110110100 0.570896472686
1 11101000101 0.429103527314

11101010010
0 11110110100 0.572632220079
1 11110100101 0.427367779921

10100010010
0 01000100100 0.579935110376
1 11110100101 0.420064889624

11110010010
0 11100100100 0.573135504202
1 11110100101 0.426864495798

01110100
0 00011101000 0.574960677354
1 011101001 0.425039322646

001110100
0 00011101000 0.601373705409
1 00011101001 0.398626294591

10001110101
0 11111011010 0.612368226684
1 11111111111 0.387631773316

11111100101
0 11111001010 0.614518399357
1 11111111111 0.385481600643

11001010001
0 0 0.599876186546
1 11110100011 0.400123813454

11011011001
0 10110110010 1.0

11101111001
0 11011110010 1.0

11111111001
0 11111110010 1.0

10100111001
0 01001110010 1.0

01010011001
0 0110010 1.0

10010011001
0 00100110010 1.0

01001111001
0 10011110010 1.0

11010011001
0 10100110010 1.0

11101000111
0 11010001110 1.0

00010010010
0 10100100100 0.567351293678
1 01100100101 0.432648706322

0010
0 11110110100 0.567938719919
1 00101 0.432061280081

00110010010
0 11100100100 0.567849686848
1 01100100101 0.432150313152

110100010
0 11110110100 0.543809584542
1 11101000101 0.456190415458

11111010010
0 11110110100 0.568
1 11110100101 0.432

1010011
0 10100110 0.545762415481
1 11111111111 0.454237584519

11111010001
0 11110100010 0.699519230769
1 11110100011 0.300480769231

10100110010
0 01001100100 0.680517853414
1 10111100101 0.319482146586

11101000101
0 11010001010 0.695996989004
1 11111111111 0.304003010996

11110100101
0 11101001010 0.677105305858
1 11111111111 0.322894694142

0111010011
0 01110100110 0.682830682831
1 11111111111 0.317169317169

0111010
0 01110100 0.684157744828
1 11111101101 0.315842255172

00111010
0 001110100 0.717588769612
1 11111101101 0.282411230388

10111010001
0 110100010 0.699368753288
1 11110100011 0.300631246712

011101
0 0111010 0.717086705962
1 11111111111 0.282913294038

11111001010
0 11110010100 0.530906011854
1 11111110101 0.469093988146

010011
0 00110 0.527841172058
1 11111111111 0.472158827942

00110010011
0 11111111110 0.456788965
1 01100100111 0.543211035

11001001001
0 10010010010 0.460232263101
1 11111111111 0.539767736899

011001001
0 10110010010 0.440637639781
1 10110010011 0.559362360219

11110101001
0 11101010010 0.462503166962
1 11111111111 0.537496833038

00111001001
0 11110010010 0.463639062036
1 11111111111 0.536360937964

01001
0 11101010010 0.462755850962
1 010011 0.537244149038

10101101001
0 11111010010 0.461201314872
1 11111010011 0.538798685128

11010001110
0 11010011100 0.143402562616
1 10100011101 0.856597437384

011
0 11111111110 0.41809026922
1 0111 0.58190973078

10100110
0 11101001100 0.358033130053
1 11111101101 0.641966869947

011101001
0 11101010010 0.416767711762
1 0111010011 0.583232288238

00011101001
0 11101010010 0.372790732214
1 00111010011 0.627209267786

10100101001
0 11111010010 0.387215647367
1 11111111111 0.612784352633

10011001001
0 00110010010 0.402701490864
1 00110010011 0.597298509136

0
0 00 0.403653480731
1 01 0.596346519269

10100011101
0 01000111010 0.789676197241
1 11111111111 0.210323802759

00111
0 001110 0.768141287748
1 11101001111 0.231858712252

00111010011
0 01110100110 0.748309990663
1 11111111111 0.251690009337

01000111010
0 10001110100 0.751136287681
1 10001110101 0.248863712319

00111010001
0 01110100010 0.740432338695
1 11110100011 0.259567661305

01001010001
0 0010 0.756732283465
1 11110100011 0.243267716535

0011101
0 00111010 0.750346109535
1 11111111111 0.249653890465

00110
0 11001001100 0.314186369958
1 11111101101 0.685813630042

00
0 11111101000 0.295496581969
1 001 0.704503418031

001110
0 11010011100 0.171949655283
1 0011101 0.828050344717

0011
0 00110 0.337383761022
1 00111 0.662616238978

01110
0 11111111100 0.198184867577
1 011101 0.801815132423

