00011000
0 000110000 0.825743200506
1 000110001 0.174256799494

000110001
0 0001100010 0.763581367211
1 1100011 0.236418632789

1100011
0 11000110 0.718248807976
1 11000111 0.281751192024

11000111
0 110001110 0.702307692308
1 1111 0.297692307692

1111
0 11110 0.676142697882
1 1111 0.323857302118

11110
0 111100 0.702308326463
1 111101 0.297691673537

111101
0 1111010 0.701190805871
1 1111011 0.298809194129

1111011
0 11110110 0.691380908248
1 11110111 0.308619091752

11110111
0 111101110 0.645645645646
1 1111 0.354354354354

111101110
0 1111011100 0.716279069767
1 1111011101 0.283720930233

1111011101
1 011 0.327868852459
0 10111010 0.672131147541

10111010
0 101110100 0.727272727273
1 101110101 0.272727272727

101110101
0 1011101010 0.699004975124
1 1011101011 0.300995024876

1011101011
1 11 0.297520661157
0 111010110 0.702479338843

111010110
0 1110101100 0.733167082294
1 1110101101 0.266832917706

1110101101
1 11011 0.355140186916
0 1101011010 0.644859813084

1101011010
1 1 0.246212121212
0 0110100 0.753787878788

0110100
0 01101000 0.772690763052
1 01101001 0.227309236948

01101001
0 011010010 0.754416961131
1 011010011 0.245583038869

011010011
0 0110100110 0.713429256595
1 0110100111 0.286570743405

0110100111
1 11 0.326359832636
0 1101001110 0.673640167364

1101001110
1 1010011101 0.294605809129
0 1010011100 0.705394190871

1010011100
1 11001 0.225122349103
0 00111000 0.774877650897

00111000
0 001110000 0.789943649762
1 001110001 0.210056350238

001110001
0 0011100010 0.754023937268
1 1100011 0.245976062732

0011100010
1 1000101 0.221127531472
0 0111000100 0.778872468528

0111000100
1 1110001001 0.19383033419
0 1110001000 0.80616966581

1110001000
1 010001 0.175971415811
0 1100010000 0.824028584189

1100010000
1 0100001 0.151859364435
0 1000100000 0.848140635565

1000100000
1 1000001 0.111418987896
0 1000000 0.888581012104

1000000
0 0000000 0.911812962333
1 10000001 0.0881870376672

10000001
0 100000010 0.83053971687
1 100000011 0.16946028313

100000011
0 1000000110 0.768237853517
1 1000000111 0.231762146483

1000000111
1 1111 0.29098873592
0 0000001110 0.70901126408

0000001110
1 00011101 0.245289943724
0 0000011100 0.754710056276

0000011100
1 11001 0.227791361043
0 0000111000 0.772208638957

0000111000
1 001110001 0.204379562044
0 0001110000 0.795620437956

0001110000
1 011100001 0.177552766686
0 0011100000 0.822447233314

0011100000
1 1000001 0.160016068559
0 0111000000 0.839983931441

0111000000
1 1110000001 0.140730067243
0 0000000 0.859269932757

0000000
0 0000000 0.990628671117
1 00000001 0.00937130660711

00000001
0 000000010 0.88633808341
1 000000011 0.11366191659

000000011
0 0000000110 0.797017797018
1 0000000111 0.202982202982

0000000111
1 1111 0.274572429425
0 0000001110 0.725427570575

0000000110
1 0000001101 0.18640287581
0 0000001100 0.81359712419

0000001100
1 0000011001 0.180352072686
0 00011000 0.819647927314

0000011001
1 10011 0.231287929872
0 0000110010 0.768712070128

0000110010
1 0001100101 0.21776084408
0 0001100100 0.78223915592

0001100100
1 0011001001 0.204590363277
0 011001000 0.795409636723

011001000
0 0110010000 0.820243737305
1 010001 0.179756262695

010001
0 0100010 0.797407230174
1 0100011 0.202592769826

0100011
0 01000110 0.742967575693
1 01000111 0.257032424307

01000111
0 010001110 0.699805068226
1 1111 0.300194931774

010001110
0 0100011100 0.740947075209
1 0100011101 0.259052924791

0100011101
1 111011 0.256528417819
0 1000111010 0.743471582181

1000111010
1 01110101 0.282962962963
0 0001110100 0.717037037037

0001110100
1 11101001 0.24493731919
0 0011101000 0.75506268081

0011101000
1 010001 0.20699568759
0 0111010000 0.79300431241

0111010000
1 0100001 0.179195804196
0 1110100000 0.820804195804

1110100000
1 1000001 0.156067251462
0 101000000 0.843932748538

101000000
0 0000000 0.883571571929
1 1010000001 0.116428428071

1010000001
1 0011 0.179850603333
0 010 0.820149396667

010
0 0100 0.847508980686
1 0101 0.152491019314

0101
0 01010 0.765225281234
1 01011 0.234774718766

01011
0 010110 0.716264090177
1 010111 0.283735909823

010111
0 0101110 0.684323369908
1 1111 0.315676630092

0101110
0 01011100 0.720973092518
1 01011101 0.279026907482

01011101
0 010111010 0.6928665786
1 010111011 0.3071334214

010111011
0 0101110110 0.705376344086
1 0101110111 0.294623655914

0101110111
1 1111 0.335766423358
0 110 0.664233576642

110
0 1100 0.760365372793
1 1101 0.239634627207

1101
0 11010 0.7169288176
1 11011 0.2830711824

11011
0 110110 0.699652142073
1 110111 0.300347857927

110111
0 1101110 0.668393782383
1 1111 0.331606217617

1101110
0 11011100 0.709074327405
1 11011101 0.290925672595

11011101
0 110111010 0.666144200627
1 110111011 0.333855799373

110111011
0 1101110110 0.68544600939
1 1101110111 0.31455399061

1101110111
1 1111 0.268656716418
0 10 0.731343283582

10
0 100 0.832604967051
1 101 0.167395032949

101
0 1010 0.753400583682
1 1011 0.246599416318

1011
0 10110 0.711595358769
1 10111 0.288404641231

10111
0 101110 0.679661016949
1 1111 0.320338983051

101110
0 1011100 0.717548234676
1 1011101 0.282451765324

1011101
0 10111010 0.684944237918
1 10111011 0.315055762082

10111011
0 101110110 0.699115044248
1 101110111 0.300884955752

101110111
0 1011101110 0.686274509804
1 1111 0.313725490196

1011101110
1 101 0.192857142857
0 11011100 0.807142857143

11011100
0 110111000 0.716398713826
1 110111001 0.283601286174

110111001
0 1101110010 0.725623582766
1 1101110011 0.274376417234

1101110011
1 11 0.305785123967
0 1011100110 0.694214876033

1011100110
1 11001101 0.275362318841
0 0111001100 0.724637681159

0111001100
1 110011001 0.264663805436
0 1110011000 0.735336194564

1110011000
1 100110001 0.21879021879
0 1100110000 0.78120978121

1100110000
1 1001100001 0.181128496918
0 1001100000 0.818871503082

1001100000
1 1 0.152015147417
0 11000000 0.847984852583

11000000
0 0000000 0.874452874234
1 110000001 0.125547125766

110000001
0 1100000010 0.806217315514
1 1100000011 0.193782684486

1100000011
1 00111 0.231634182909
0 00110 0.768365817091

00110
0 001100 0.784020297147
1 001101 0.215979702853

001101
0 0011010 0.732005973121
1 0011011 0.267994026879

0011011
0 00110110 0.702265973254
1 00110111 0.297734026746

00110111
0 001101110 0.674984404242
1 1111 0.325015595758

001101110
0 0011011100 0.697781885397
1 0011011101 0.302218114603

0011011101
1 1011 0.34250764526
0 1010 0.65749235474

1010
0 10100 0.778006079949
1 10101 0.221993920051

10101
0 101010 0.730862605265
1 101011 0.269137394735

101011
0 1010110 0.697392529951
1 1010111 0.302607470049

1010111
0 10101110 0.677689799721
1 1111 0.322310200279

10101110
0 101011100 0.714776632302
1 101011101 0.285223367698

101011101
0 1010111010 0.674698795181
1 1010111011 0.325301204819

1010111011
1 0101110111 0.266666666667
0 110 0.733333333333

1010111010
1 101110101 0.289285714286
0 1110100 0.710714285714

1110100
0 11101000 0.755007977309
1 11101001 0.244992022691

11101001
0 111010010 0.729377713459
1 111010011 0.270622286541

111010011
0 1110100110 0.72192513369
1 1110100111 0.27807486631

1110100111
1 1111 0.230769230769
0 1110 0.769230769231

1110
0 11100 0.723317807948
1 11101 0.276682192052

11101
0 111010 0.697618194842
1 111011 0.302381805158

111011
0 1110110 0.681374000592
1 1110111 0.318625999408

1110111
0 11101110 0.674721189591
1 1111 0.325278810409

11101110
0 111011100 0.727272727273
1 111011101 0.272727272727

111011101
0 1110111010 0.661616161616
1 1110111011 0.338383838384

1110111011
1 0111 0.358208955224
0 101110110 0.641791044776

101110110
0 1011101100 0.691983122363
1 1011101101 0.308016877637

1011101101
1 011 0.260273972603
0 1010 0.739726027397

011
0 0110 0.749355754125
1 0111 0.250644245875

0111
0 01110 0.699484689327
1 1111 0.300515310673

01110
0 011100 0.732343982433
1 011101 0.267656017567

011101
0 0111010 0.695911075824
1 0111011 0.304088924176

0111011
0 01110110 0.676675369887
1 01110111 0.323324630113

01110111
0 011101110 0.687752355316
1 1111 0.312247644684

011101110
0 0111011100 0.731898238748
1 0111011101 0.268101761252

0111011101
1 1110111011 0.343065693431
0 1010 0.656934306569

0111011100
1 1110111001 0.248663101604
0 0111000 0.751336898396

0111000
0 01110000 0.785241370444
1 01110001 0.214758629556

01110001
0 011100010 0.742891349895
1 1100011 0.257108650105

011100010
0 0111000100 0.783642224013
1 1000101 0.216357775987

1000101
0 10001010 0.751822576932
1 10001011 0.248177423068

10001011
0 100010110 0.710575139147
1 100010111 0.289424860853

100010111
0 1000101110 0.693376068376
1 1111 0.306623931624

1000101110
1 01011101 0.28967642527
0 1011100 0.71032357473

1011100
0 10111000 0.735686848363
1 10111001 0.264313151637

10111001
0 101110010 0.725259515571
1 101110011 0.274740484429

101110011
0 1011100110 0.695214105793
1 1011100111 0.304785894207

1011100111
1 1111 0.280991735537
0 1001110 0.719008264463

1001110
0 10011100 0.720516962843
1 10011101 0.279483037157

10011101
0 100111010 0.674132947977
1 100111011 0.325867052023

100111011
0 1001110110 0.643015521064
1 1001110111 0.356984478936

1001110111
1 1111 0.329192546584
0 0011101110 0.670807453416

0011101110
1 0111011101 0.296495956873
0 011100 0.703504043127

011100
0 0111000 0.752381873579
1 0111001 0.247618126421

0111001
0 01110010 0.7234375
1 01110011 0.2765625

01110011
0 011100110 0.680084745763
1 011100111 0.319915254237

011100111
0 0111001110 0.657836644592
1 1111 0.342163355408

0111001110
1 0011101 0.248322147651
0 1100 0.751677852349

1100
0 11000 0.78223764802
1 11001 0.21776235198

11001
0 110010 0.739246202888
1 110011 0.260753797112

110011
0 1100110 0.704012656407
1 1100111 0.295987343593

1100111
0 11001110 0.657920310982
1 1111 0.342079689018

11001110
0 110011100 0.725258493353
1 110011101 0.274741506647

110011101
0 1100111010 0.666666666667
1 1100111011 0.333333333333

1100111011
1 111 0.338709677419
0 0110 0.661290322581

0110
0 01100 0.772757029094
1 01101 0.227242970906

01101
0 011010 0.724793056923
1 011011 0.275206943077

011011
0 0110110 0.707830926196
1 0110111 0.292169073804

0110111
0 01101110 0.665306122449
1 1111 0.334693877551

01101110
0 011011100 0.700068166326
1 011011101 0.299931833674

011011101
0 0110111010 0.668181818182
1 0110111011 0.331818181818

0110111011
1 11 0.294520547945
0 10110 0.705479452055

10110
0 101100 0.734878339781
1 101101 0.265121660219

101101
0 1011010 0.705032046911
1 1011011 0.294967953089

1011011
0 10110110 0.721682847896
1 10110111 0.278317152104

10110111
0 101101110 0.639534883721
1 1111 0.360465116279

101101110
0 1011011100 0.706493506494
1 1011011101 0.293506493506

1011011101
1 0111011 0.300884955752
0 11010 0.699115044248

11010
0 110100 0.743882603824
1 110101 0.256117396176

110101
0 1101010 0.721281399944
1 1101011 0.278718600056

1101011
0 11010110 0.698227848101
1 11010111 0.301772151899

11010111
0 110101110 0.696308724832
1 1111 0.303691275168

110101110
0 1101011100 0.718072289157
1 1101011101 0.281927710843

1101011101
1 011 0.273504273504
0 010111010 0.726495726496

010111010
0 0101110100 0.709246901811
1 0101110101 0.290753098189

0101110101
1 101011 0.301639344262
0 1011101010 0.698360655738

1011101010
1 101 0.224199288256
0 0111010100 0.775800711744

0111010100
1 1110101001 0.246469833119
0 1110101000 0.753530166881

1110101000
1 1 0.208955223881
0 1010000 0.791044776119

1010000
0 10100000 0.846544133292
1 10100001 0.153455866708

10100001
0 101000010 0.786049488055
1 101000011 0.213950511945

101000011
0 1010000110 0.716849451645
1 1010000111 0.283150548355

1010000111
1 1111 0.325704225352
0 0100001110 0.674295774648

0100001110
1 00011101 0.260332796565
0 11100 0.739667203435

11100
0 111000 0.747020139745
1 111001 0.252979860255

111001
0 1110010 0.717303005686
1 1110011 0.282696994314

1110011
0 11100110 0.688697318008
1 11100111 0.311302681992

11100111
0 111001110 0.658461538462
1 1111 0.341538461538

111001110
0 1110011100 0.735981308411
1 1110011101 0.264018691589

1110011101
1 011 0.274336283186
0 0111010 0.725663716814

0111010
0 01110100 0.726183685111
1 01110101 0.273816314889

01110101
0 011101010 0.715972222222
1 011101011 0.284027777778

011101011
0 0111010110 0.689486552567
1 0111010111 0.310513447433

0111010111
1 1111 0.314960629921
0 01110 0.685039370079

0111010110
1 10101101 0.230496453901
0 01100 0.769503546099

01100
0 011000 0.79326355974
1 011001 0.20673644026

011001
0 0110010 0.747652886561
1 0110011 0.252347113439

0110011
0 01100110 0.710585817061
1 01100111 0.289414182939

01100111
0 011001110 0.657670454545
1 1111 0.342329545455

011001110
0 0110011100 0.72030237581
1 0110011101 0.27969762419

0110011101
1 100111011 0.359073359073
0 1100111010 0.640926640927

1100111010
1 01110101 0.282258064516
0 1001110100 0.717741935484

1001110100
1 011101001 0.225854383358
0 1101000 0.774145616642

1101000
0 11010000 0.794785800165
1 010001 0.205214199835

11010000
0 110100000 0.825557324841
1 110100001 0.174442675159

110100001
0 1101000010 0.773619351894
1 1101000011 0.226380648106

1101000011
1 0111 0.318548387097
0 1010000110 0.681451612903

1010000110
1 0001101 0.257301808067
0 01100 0.742698191933

0001101
0 00011010 0.738532707845
1 00011011 0.261467292155

00011011
0 000110110 0.706703214553
1 000110111 0.293296785447

000110111
0 0001101110 0.68479184367
1 1111 0.31520815633

0001101110
1 0011011101 0.300248138958
0 11011100 0.699751861042

000110110
0 0001101100 0.707334273625
1 0001101101 0.292665726375

0001101101
1 1011011 0.293975903614
0 1011010 0.706024096386

1011010
0 10110100 0.737330754352
1 10110101 0.262669245648

10110101
0 101101010 0.693667157585
1 101101011 0.306332842415

101101011
0 1011010110 0.716346153846
1 1011010111 0.283653846154

1011010111
1 1111 0.347457627119
0 01110 0.652542372881

1011010110
1 110101101 0.268456375839
0 101100 0.731543624161

101100
0 1011000 0.75804388468
1 1011001 0.24195611532

1011001
0 10110010 0.725904839366
1 10110011 0.274095160634

10110011
0 101100110 0.692878338279
1 101100111 0.307121661721

101100111
0 1011001110 0.678743961353
1 1111 0.321256038647

1011001110
1 110011101 0.281138790036
0 1100 0.718861209964

101100110
0 1011001100 0.730192719486
1 1011001101 0.269807280514

1011001101
1 0110011011 0.305555555556
0 011010 0.694444444444

011010
0 0110100 0.751660293822
1 0110101 0.248339706178

0110101
0 01101010 0.721434359806
1 01101011 0.278565640194

01101011
0 011010110 0.711272727273
1 011010111 0.288727272727

011010111
0 0110101110 0.700251889169
1 1111 0.299748110831

0110101110
1 101 0.276978417266
0 1101011100 0.723021582734

1101011100
1 11001 0.271812080537
0 010111000 0.728187919463

010111000
0 0101110000 0.774759284732
1 0101110001 0.225240715268

0101110001
1 1100011 0.287022900763
0 100010 0.712977099237

100010
0 1000100 0.810988787839
1 1000101 0.189011212161

1000100
0 10001000 0.828766633281
1 10001001 0.171233366719

10001001
0 100010010 0.774493419678
1 100010011 0.225506580322

100010011
0 1000100110 0.72579898101
1 1000100111 0.27420101899

1000100111
1 11 0.300675675676
0 0001001110 0.699324324324

0001001110
1 0011101 0.273236805231
0 0010011100 0.726763194769

0010011100
1 100111001 0.255955397871
0 0100111000 0.744044602129

0100111000
1 110001 0.20946989192
0 01110000 0.79053010808

01110000
0 011100000 0.813850687623
1 011100001 0.186149312377

011100001
0 0111000010 0.766930518909
1 0111000011 0.233069481091

0111000011
1 1110000111 0.28679245283
0 110000110 0.71320754717

110000110
0 1100001100 0.756373937677
1 1100001101 0.243626062323

1100001101
1 11011 0.300387596899
0 1010 0.699612403101

1100001100
1 11001 0.215980024969
0 0011000 0.784019975031

0011000
0 00110000 0.821127938942
1 00110001 0.178872061058

00110001
0 001100010 0.760977472318
1 1100011 0.239022527682

001100010
0 0011000100 0.792649272454
1 1000101 0.207350727546

0011000100
1 1001 0.188479189745
0 0110001000 0.811520810255

0110001000
1 010001 0.162769648514
0 1100010000 0.837230351486

1001
0 10010 0.774182485382
1 10011 0.225817514618

10011
0 100110 0.726251044119
1 100111 0.273748955881

100111
0 1001110 0.686823855756
1 1111 0.313176144244

100110
0 1001100 0.75209117524
1 1001101 0.24790882476

1001101
0 10011010 0.710881484606
1 10011011 0.289118515394

10011011
0 100110110 0.689277899344
1 100110111 0.310722100656

100110111
0 1001101110 0.647887323944
1 1111 0.352112676056

1001101110
1 1101 0.307971014493
0 011011100 0.692028985507

011011100
0 0110111000 0.704965920156
1 0110111001 0.295034079844

0110111001
1 101110011 0.260726072607
0 1101110010 0.739273927393

1101110010
1 1100101 0.28125
0 1011100100 0.71875

1011100100
1 1001001 0.239327296248
0 0111001000 0.760672703752

0111001000
1 010001 0.206619385343
0 1110010000 0.793380614657

1110010000
1 1100100001 0.166872682324
0 1100100000 0.833127317676

1100100000
1 1000001 0.125351940262
0 1001000000 0.874648059738

1001000000
1 01 0.106729986431
0 0000000 0.893270013569

01
0 010 0.828971808773
1 011 0.171028191227

1000001
0 10000010 0.817893413289
1 10000011 0.182106586711

10000011
0 100000110 0.75557680051
1 100000111 0.24442319949

100000111
0 1000001110 0.71012603216
1 1111 0.28987396784

1000001110
1 011101 0.269889840881
0 000011100 0.730110159119

000011100
0 0000111000 0.764860426929
1 0000111001 0.235139573071

0000111001
1 01110011 0.268621973929
0 0001110010 0.731378026071

0001110010
1 0011100101 0.260826771654
0 011100100 0.739173228346

011100100
0 0111001000 0.769090909091
1 0111001001 0.230909090909

0111001001
1 1110010011 0.253543307087
0 1110010010 0.746456692913

1110010010
1 1100100101 0.247058823529
0 100100100 0.752941176471

100100100
0 1001001000 0.803367257193
1 1001001001 0.196632742807

1001001001
1 0010010011 0.233865814696
0 10010010 0.766134185304

10010010
0 100100100 0.784215193615
1 100100101 0.215784806385

100100101
0 1001001010 0.726484018265
1 1001001011 0.273515981735

1001001011
1 11 0.278797996661
0 0010010110 0.721202003339

0010010110
1 101101 0.269913749366
0 100101100 0.730086250634

100101100
0 1001011000 0.74617151608
1 1001011001 0.25382848392

1001011001
1 011 0.285067873303
0 10010 0.714932126697

10010
0 100100 0.794553468592
1 100101 0.205446531408

100101
0 1001010 0.734461754083
1 1001011 0.265538245917

1001011
0 10010110 0.713966707268
1 10010111 0.286033292732

10010111
0 100101110 0.674946770759
1 1111 0.325053229241

100101110
0 1001011100 0.718191377497
1 1001011101 0.281808622503

1001011101
1 0111011 0.294776119403
0 0010111010 0.705223880597

0010111010
1 0101110101 0.291287386216
0 110100 0.708712613784

110100
0 1101000 0.767844128079
1 1101001 0.232155871921

1101001
0 11010010 0.747174550021
1 11010011 0.252825449979

11010011
0 110100110 0.716059602649
1 110100111 0.283940397351

110100111
0 1101001110 0.702623906706
1 1111 0.297376093294

110100110
0 1101001100 0.749132947977
1 1101001101 0.250867052023

1101001101
1 1010011011 0.294930875576
0 0011010 0.705069124424

0011010
0 00110100 0.756697946416
1 00110101 0.243302053584

00110101
0 001101010 0.731973169368
1 001101011 0.268026830632

001101011
0 0011010110 0.709071949948
1 0011010111 0.290928050052

0011010111
1 1111 0.279569892473
0 101110 0.720430107527

0011010110
1 101101 0.3
0 1100 0.7

001101010
0 0011010100 0.754104620084
1 0011010101 0.245895379916

0011010101
1 0110101011 0.271739130435
0 0110101010 0.728260869565

0110101010
1 0101 0.257911392405
0 101010100 0.742088607595

101010100
0 1010101000 0.774831816383
1 1010101001 0.225168183617

1010101001
1 0101010011 0.277680140598
0 101010010 0.722319859402

101010010
0 1010100100 0.758723404255
1 1010100101 0.241276595745

1010100101
1 011 0.276895943563
0 101001010 0.723104056437

101001010
0 1010010100 0.763295553618
1 1010010101 0.236704446382

1010010101
1 00101011 0.303867403315
0 00101010 0.696132596685

00101010
0 001010100 0.761878402067
1 001010101 0.238121597933

001010101
0 0010101010 0.707090275087
1 0010101011 0.292909724913

0010101011
1 10111 0.354497354497
0 10110 0.645502645503

0010101010
1 101 0.22904109589
0 101010100 0.77095890411

001010100
0 0010101000 0.796439815936
1 0010101001 0.203560184064

0010101001
1 01010011 0.242712671029
0 0101010010 0.757287328971

0101010010
1 1010100101 0.240498812352
0 1010100100 0.759501187648

1010100100
1 101001001 0.207515423444
0 101001000 0.792484576556

101001000
0 1010010000 0.8180955769
1 010001 0.1819044231

1010010000
1 100100001 0.150166690825
0 100100000 0.849833309175

100100000
0 1001000000 0.878384820748
1 1000001 0.121615179252

100100001
0 1001000010 0.799829642249
1 1001000011 0.200170357751

1001000011
1 111 0.260992907801
0 10000110 0.739007092199

10000110
0 100001100 0.765788113695
1 100001101 0.234211886305

100001101
0 1000011010 0.727714033539
1 1000011011 0.272285966461

1000011011
1 0110111 0.29659643436
0 000110110 0.70340356564

1000011010
1 0000110101 0.22741055185
0 0110100 0.77258944815

0000110101
1 0001101011 0.254106280193
0 101010 0.745893719807

101010
0 1010100 0.758447085691
1 1010101 0.241552914309

1010101
0 10101010 0.712720240653
1 10101011 0.287279759347

10101011
0 101010110 0.680628272251
1 101010111 0.319371727749

101010111
0 1010101110 0.67681498829
1 1111 0.32318501171

1010101110
1 1011101 0.318339100346
0 101011100 0.681660899654

101011100
0 1010111000 0.728846153846
1 1010111001 0.271153846154

1010111001
1 10011 0.287234042553
0 1110010 0.712765957447

1110010
0 11100100 0.745941864855
1 11100101 0.254058135145

11100101
0 111001010 0.718424962853
1 111001011 0.281575037147

111001011
0 1110010110 0.709762532982
1 1110010111 0.290237467018

1110010111
1 1111 0.336363636364
0 101110 0.663636363636

1110010110
1 1100101101 0.271375464684
0 1100101100 0.728624535316

1100101100
1 1001011001 0.255289139633
0 1011000 0.744710860367

1011000
0 10110000 0.788811007269
1 10110001 0.211188992731

10110001
0 101100010 0.743392747388
1 1100011 0.256607252612

101100010
0 1011000100 0.778007441091
1 1000101 0.221992558909

1011000100
1 0001001 0.202444208289
0 0110001000 0.797555791711

0001001
0 00010010 0.79968157228
1 00010011 0.20031842772

00010011
0 000100110 0.741389624818
1 000100111 0.258610375182

000100111
0 0001001110 0.707534699273
1 1111 0.292465300727

000100110
0 0001001100 0.76507204611
1 0001001101 0.23492795389

0001001101
1 10011011 0.277723258096
0 010011010 0.722276741904

010011010
0 0100110100 0.735520453625
1 0100110101 0.264479546375

0100110101
1 1001101011 0.297090352221
0 1001101010 0.702909647779

1001101010
1 0011010101 0.268987341772
0 1010100 0.731012658228

1010100
0 10101000 0.784712242524
1 10101001 0.215287757476

10101001
0 101010010 0.746980292435
1 101010011 0.253019707565

101010011
0 1010100110 0.721105527638
1 1010100111 0.278894472362

1010100111
1 1111 0.306306306306
0 1001110 0.693693693694

1010100110
1 0101001101 0.259581881533
0 0101001100 0.740418118467

0101001100
1 010011001 0.228020419739
0 1010011000 0.771979580261

1010011000
1 0110001 0.210526315789
0 0110000 0.789473684211

0110000
0 01100000 0.838692007635
1 01100001 0.161307992365

01100001
0 011000010 0.78143650957
1 011000011 0.21856349043

011000011
0 0110000110 0.728813559322
1 0110000111 0.271186440678

0110000111
1 1111 0.302083333333
0 1100001110 0.697916666667

1100001110
1 1101 0.302120141343
0 1000011100 0.697879858657

1000011100
1 111001 0.26565143824
0 00111000 0.73434856176

0110000110
1 1101 0.24354005168
0 01100 0.75645994832

011000010
0 0110000100 0.801553858309
1 0110000101 0.198446141691

0110000101
1 1100001011 0.248838752488
0 001010 0.751161247512

001010
0 0010100 0.796399181252
1 0010101 0.203600818748

0010101
0 00101010 0.741280262618
1 00101011 0.258719737382

00101011
0 001010110 0.702881311129
1 001010111 0.297118688871

001010111
0 0010101110 0.668149466192
1 1111 0.331850533808

0010101110
1 0101011101 0.274300932091
0 1011100 0.725699067909

0101011101
1 1010111011 0.345637583893
0 111010 0.654362416107

111010
0 1110100 0.72404055962
1 1110101 0.27595944038

1110101
0 11101010 0.720930232558
1 11101011 0.279069767442

11101011
0 111010110 0.668333333333
1 111010111 0.331666666667

111010111
0 1110101110 0.688442211055
1 1111 0.311557788945

1110101110
1 11101 0.29197080292
0 011100 0.70802919708

11101010
0 111010100 0.74064516129
1 111010101 0.25935483871

111010101
0 1110101010 0.681592039801
1 1110101011 0.318407960199

1110101011
1 1 0.1875
0 101010110 0.8125

101010110
0 1010101100 0.721978021978
1 1010101101 0.278021978022

1010101101
1 11011 0.296442687747
0 01011010 0.703557312253

01011010
0 010110100 0.737015663644
1 010110101 0.262984336356

010110101
0 0101101010 0.689655172414
1 0101101011 0.310344827586

0101101011
1 1011010111 0.272727272727
0 1011010110 0.727272727273

0101101010
1 011010101 0.256060606061
0 1010100 0.743939393939

011010101
0 0110101010 0.717366628831
1 0110101011 0.282633371169

0110101011
1 11 0.285140562249
0 110 0.714859437751

11
0 110 0.7341904306
1 111 0.2658095694

111
0 1110 0.692302414929
1 1111 0.307697585071

010110100
0 0101101000 0.770693512304
1 0101101001 0.229306487696

0101101001
1 011 0.245528455285
0 1011010010 0.754471544715

1011010010
1 00101 0.243831640058
0 0110100100 0.756168359942

0110100100
1 101001001 0.207865168539
0 1101001000 0.792134831461

1101001000
1 010001 0.184565318457
0 010010000 0.815434681543

010010000
0 0100100000 0.859618320611
1 0100100001 0.140381679389

0100100001
1 1001000011 0.199746238898
0 1001000010 0.800253761102

1001000010
1 00101 0.184771033014
0 10000100 0.815228966986

10000100
0 100001000 0.84329706055
1 100001001 0.15670293945

100001001
0 1000010010 0.783892810834
1 1000010011 0.216107189166

1000010011
1 11 0.264666666667
0 000100110 0.735333333333

1000010010
1 100101 0.196838816394
0 00100100 0.803161183606

00100100
0 001001000 0.826948968512
1 001001001 0.173051031488

001001001
0 0010010010 0.772242439453
1 0010010011 0.227757560547

0010010011
1 0100111 0.279338842975
0 100110 0.720661157025

0100111
0 01001110 0.698369565217
1 1111 0.301630434783

01001110
0 010011100 0.718732629238
1 010011101 0.281267370762

010011101
0 0100111010 0.676877470356
1 0100111011 0.323122529644

0100111011
1 110111 0.363914373089
0 001110110 0.636085626911

001110110
0 0011101100 0.742830712303
1 0011101101 0.257169287697

0011101101
1 1011011 0.323741007194
0 111011010 0.676258992806

111011010
0 1110110100 0.722838137472
1 1110110101 0.277161862528

1110110101
1 01011 0.28
0 01010 0.72

01010
0 010100 0.788371173861
1 010101 0.211628826139

010101
0 0101010 0.734384727122
1 0101011 0.265615272878

0101011
0 01010110 0.6970703125
1 01010111 0.3029296875

01010111
0 010101110 0.67053513862
1 1111 0.32946486138

010101110
0 0101011100 0.713461538462
1 0101011101 0.286538461538

0101011100
1 1010111001 0.270889487871
0 0111000 0.729110512129

01010110
0 010101100 0.724852899972
1 010101101 0.275147100028

010101101
0 0101011010 0.690427698574
1 0101011011 0.309572301426

0101011011
1 111 0.279605263158
0 1010110110 0.720394736842

1010110110
1 101101101 0.327044025157
0 1100 0.672955974843

101101101
0 1011011010 0.671023965142
1 1011011011 0.328976034858

1011011011
1 10110111 0.291390728477
0 110110110 0.708609271523

110110110
0 1101101100 0.704545454545
1 1101101101 0.295454545455

1101101101
1 11011 0.370629370629
0 1011011010 0.629370629371

1011011010
1 110101 0.227272727273
0 0110110100 0.772727272727

0110110100
1 01101001 0.269900497512
0 1101101000 0.730099502488

1101101000
1 010001 0.22623345367
0 1011010000 0.77376654633

1011010000
1 0110100001 0.182767624021
0 110100000 0.817232375979

110100000
0 1101000000 0.85003375446
1 1000001 0.14996624554

1101000000
1 1 0.125822555026
0 0000000 0.874177444974

1
0 10 0.811064214652
1 11 0.188935785348

0110100001
1 1101000011 0.240903387704
0 101000010 0.759096612296

101000010
0 1010000100 0.8131614654
1 1010000101 0.1868385346

1010000101
1 0001011 0.239651416122
0 1010 0.760348583878

0001011
0 00010110 0.725383069581
1 00010111 0.274616930419

00010111
0 000101110 0.690601417791
1 1111 0.309398582209

000101110
0 0001011100 0.724834437086
1 0001011101 0.275165562914

0001011101
1 1011 0.302045728039
0 010111010 0.697954271961

0001011100
1 11001 0.253997259022
0 10111000 0.746002740978

10111000
0 101110000 0.771755345599
1 101110001 0.228244654401

101110001
0 1011100010 0.713507625272
1 1100011 0.286492374728

1011100010
1 1000101 0.203053435115
0 111000100 0.796946564885

111000100
0 1110001000 0.805106076951
1 1110001001 0.194893923049

1110001001
1 0010011 0.260147601476
0 010010 0.739852398524

010010
0 0100100 0.802278136688
1 0100101 0.197721863312

0100101
0 01001010 0.74147320149
1 01001011 0.25852679851

01001011
0 010010110 0.715077605322
1 010010111 0.284922394678

010010111
0 0100101110 0.678988326848
1 1111 0.321011673152

0100101110
1 101 0.285100286533
0 011100 0.714899713467

010010110
0 0100101100 0.737596899225
1 0100101101 0.262403100775

0100101101
1 001011011 0.286558345643
0 011010 0.713441654357

001011011
0 0010110110 0.717391304348
1 0010110111 0.282608695652

0010110111
1 1111 0.367892976589
0 101110 0.632107023411

0010110110
1 01101101 0.279314888011
0 101101100 0.720685111989

101101100
0 1011011000 0.739564428312
1 1011011001 0.260435571688

1011011001
1 110110011 0.313588850174
0 10110010 0.686411149826

10110010
0 101100100 0.763585434174
1 101100101 0.236414565826

101100101
0 1011001010 0.700236966825
1 1011001011 0.299763033175

1011001011
1 110010111 0.316205533597
0 10 0.683794466403

110010111
0 1100101110 0.664041994751
1 1111 0.335958005249

1100101110
1 1011101 0.272727272727
0 1001011100 0.727272727273

1001011100
1 111001 0.243045387994
0 111000 0.756954612006

111000
0 1110000 0.778220999541
1 1110001 0.221779000459

1110001
0 11100010 0.736406863759
1 1100011 0.263593136241

11100010
0 111000100 0.780741156654
1 1000101 0.219258843346

1110000
0 11100000 0.80421846462
1 11100001 0.19578153538

11100001
0 111000010 0.762263015348
1 111000011 0.237736984652

111000011
0 1110000110 0.721518987342
1 1110000111 0.278481012658

1110000111
1 1111 0.254545454545
0 1100001110 0.745454545455

1110000110
1 1100001101 0.243859649123
0 1100 0.756140350877

111000010
0 1110000100 0.803000394789
1 1110000101 0.196999605211

1110000101
1 1011 0.258517034068
0 1010 0.741482965932

1110000100
1 0001001 0.183874139626
0 1100001000 0.816125860374

1100001000
1 10001 0.146782141257
0 1000010000 0.853217858743

1000010000
1 100001 0.11922337324
0 100000 0.88077662676

100000
0 1000000 0.899245338915
1 1000001 0.100754661085

100001
0 1000010 0.803386021425
1 1000011 0.196613978575

1000011
0 10000110 0.737255200793
1 10000111 0.262744799207

10000111
0 100001110 0.704466357309
1 1111 0.295533642691

100001110
0 1000011100 0.729930012351
1 1000011101 0.270069987649

1000011101
1 00111011 0.288109756098
0 111010 0.711890243902

00111011
0 001110110 0.667283950617
1 001110111 0.332716049383

001110111
0 0011101110 0.688311688312
1 1111 0.311688311688

1000010
0 10000100 0.82604155011
1 10000101 0.17395844989

10000101
0 100001010 0.759433962264
1 100001011 0.240566037736

100001011
0 1000010110 0.726827094474
1 1000010111 0.273172905526

1000010111
1 1111 0.352365415987
0 01110 0.647634584013

1000010110
1 01101 0.236051502146
0 0000101100 0.763948497854

0000101100
1 11001 0.229044695131
0 0001011000 0.770955304869

0001011000
1 0010110001 0.193110647182
0 0010110000 0.806889352818

0010110000
1 101100001 0.173787944181
0 0101100000 0.826212055819

0101100000
1 1000001 0.156389151262
0 1011000000 0.843610848738

1011000000
1 110000001 0.132502695579
0 0000000 0.867497304421

101100001
0 1011000010 0.768303571429
1 1011000011 0.231696428571

1011000011
1 111 0.267822736031
0 0110000110 0.732177263969

1011000010
1 110000101 0.208599651365
0 0110000100 0.791400348635

0110000100
1 1100001001 0.172498767866
0 1100001000 0.827501232134

1100001001
1 011 0.200842696629
0 1000010010 0.799157303371

110000101
0 1100001010 0.748753738784
1 1100001011 0.251246261216

1100001011
1 1000010111 0.321428571429
0 00010110 0.678571428571

00010110
0 000101100 0.753268115315
1 000101101 0.246731884685

000101101
0 0001011010 0.716842105263
1 0001011011 0.283157894737

0001011011
1 0010110111 0.283767038414
0 0010110110 0.716232961586

0001011010
1 0010110101 0.274596182085
0 110100 0.725403817915

0010110101
1 01101011 0.317174515235
0 0101101010 0.682825484765

000101100
0 0001011000 0.770716009654
1 0001011001 0.229283990346

0001011001
1 10110011 0.268170426065
0 010110010 0.731829573935

010110010
0 0101100100 0.762295081967
1 0101100101 0.237704918033

0101100101
1 1011001011 0.298850574713
0 1011001010 0.701149425287

1011001010
1 0010101 0.284263959391
0 10100 0.715736040609

10100
0 101000 0.802757904079
1 101001 0.197242095921

101001
0 1010010 0.753114196345
1 1010011 0.246885803655

1010011
0 10100110 0.723716381418
1 10100111 0.276283618582

10100111
0 101001110 0.686242960579
1 1111 0.313757039421

101001110
0 1010011100 0.718640093787
1 1010011101 0.281359906213

1010011101
1 11011 0.366666666667
0 100111010 0.633333333333

100111010
0 1001110100 0.721329046088
1 1001110101 0.278670953912

1001110101
1 011101011 0.311538461538
0 101010 0.688461538462

10100110
0 101001100 0.740479115479
1 101001101 0.259520884521

101001101
0 1010011010 0.694674556213
1 1010011011 0.305325443787

1010011011
1 0100110111 0.325581395349
0 110 0.674418604651

0100110111
1 1111 0.361290322581
0 1001101110 0.638709677419

1010011010
1 0100110101 0.27597955707
0 0100110100 0.72402044293

0100110100
1 1001101001 0.236233480176
0 1001101000 0.763766519824

1001101000
1 010001 0.197790636507
0 11010000 0.802209363493

1001101001
1 11010011 0.268166089965
0 10010 0.731833910035

101001100
0 1010011000 0.772293654085
1 1010011001 0.227706345915

1010011001
1 10011 0.27868852459
0 0110010 0.72131147541

0110010
0 01100100 0.774594144582
1 01100101 0.225405855418

01100101
0 011001010 0.710987996307
1 011001011 0.289012003693

011001011
0 0110010110 0.711395101171
1 0110010111 0.288604898829

0110010111
1 1111 0.335793357934
0 01110 0.664206642066

0110010110
1 101 0.232035928144
0 100101100 0.767964071856

011001010
0 0110010100 0.741558441558
1 0110010101 0.258441558442

0110010101
1 1100101011 0.262981574539
0 1100101010 0.737018425461

1100101010
1 1001010101 0.266040688576
0 010100 0.733959311424

010100
0 0101000 0.812764594474
1 0101001 0.187235405526

0101001
0 01010010 0.755224990703
1 01010011 0.244775009297

01010011
0 010100110 0.726526891522
1 010100111 0.273473108478

010100111
0 0101001110 0.68
1 1111 0.32

0101001110
1 1010011101 0.27614379085
0 1010011100 0.72385620915

010100110
0 0101001100 0.737348389795
1 0101001101 0.262651610205

0101001101
1 1010011011 0.308917197452
0 1010011010 0.691082802548

01010010
0 010100100 0.776935197952
1 010100101 0.223064802048

010100101
0 0101001010 0.732008830022
1 0101001011 0.267991169978

0101001011
1 1010010111 0.289950576606
0 0110 0.710049423394

1010010111
1 1111 0.37037037037
0 0100101110 0.62962962963

0101001010
1 1010010101 0.235826296743
0 1010010100 0.764173703257

1010010100
1 101001 0.174757281553
0 100101000 0.825242718447

100101000
0 1001010000 0.822224871825
1 010001 0.177775128175

1001010000
1 10100001 0.152117169374
0 10100000 0.847882830626

10100000
0 101000000 0.866983740309
1 1000001 0.133016259691

010100100
0 0101001000 0.796298643681
1 0101001001 0.203701356319

0101001001
1 010010011 0.253889234599
0 1010010010 0.746110765401

1010010010
1 00100101 0.227158948686
0 100100100 0.772841051314

00100101
0 001001010 0.745050878816
1 001001011 0.254949121184

001001011
0 0010010110 0.715166908563
1 0010010111 0.284833091437

0010010111
1 111 0.305732484076
0 101110 0.694267515924

001001010
0 0010010100 0.781226719642
1 0010010101 0.218773280358

0010010101
1 0101011 0.284903518729
0 100101010 0.715096481271

100101010
0 1001010100 0.746157224418
1 1001010101 0.253842775582

1001010101
1 10101011 0.335640138408
0 01010 0.664359861592

1001010100
1 0010101001 0.195997645674
0 0101000 0.804002354326

0101000
0 01010000 0.831674177133
1 010001 0.168325822867

01010000
0 010100000 0.851974700756
1 010100001 0.148025299244

010100001
0 0101000010 0.789839944328
1 0101000011 0.210160055672

0101000011
1 1010000111 0.271523178808
0 110 0.728476821192

0101000010
1 010000101 0.186255506608
0 1010000100 0.813744493392

1010000100
1 0001001 0.162689804772
0 100001000 0.837310195228

100001000
0 1000010000 0.86317029422
1 010001 0.13682970578

010000101
0 0100001010 0.762360010926
1 0100001011 0.237639989074

0100001011
1 1000010111 0.259195402299
0 1000010110 0.740804597701

0100001010
1 000010101 0.216051594411
0 010100 0.783948405589

000010101
0 0000101010 0.749376152761
1 0000101011 0.250623847239

0000101011
1 0001010111 0.291341991342
0 001010110 0.708658008658

001010110
0 0010101100 0.725836780745
1 0010101101 0.274163219255

0010101101
1 11 0.314128943759
0 011010 0.685871056241

0010101100
1 011001 0.245595854922
0 0101011000 0.754404145078

0101011000
1 10110001 0.227296049256
0 1010110000 0.772703950744

1010110000
1 0101100001 0.200766650695
0 101100000 0.799233349305

101100000
0 1011000000 0.841940689933
1 1000001 0.158059310067

0101100001
1 11 0.233558696988
0 011000010 0.766441303012

0001010111
1 1111 0.334894613583
0 01110 0.665105386417

0000101010
1 0001010101 0.23309685826
0 10100 0.76690314174

0001010101
1 0010101011 0.280579131303
0 0101010 0.719420868697

0101010
0 01010100 0.761867759254
1 01010101 0.238132240746

01010101
0 010101010 0.715218036191
1 010101011 0.284781963809

010101011
0 0101010110 0.654166666667
1 0101010111 0.345833333333

0101010111
1 1111 0.343373493976
0 1010101110 0.656626506024

0101010110
1 101 0.281847133758
0 0101100 0.718152866242

0101100
0 01011000 0.763635142397
1 01011001 0.236364857603

01011001
0 010110010 0.728047740835
1 010110011 0.271952259165

010110011
0 0101100110 0.701149425287
1 0101100111 0.298850574713

0101100111
1 1111 0.321678321678
0 1011001110 0.678321678322

0101100110
1 011001101 0.265275707899
0 11001100 0.734724292101

11001100
0 110011000 0.748612652608
1 110011001 0.251387347392

110011001
0 1100110010 0.756070640177
1 1100110011 0.243929359823

1100110011
1 0111 0.316742081448
0 1100110 0.683257918552

1100110
0 11001100 0.736261491318
1 11001101 0.263738508682

11001101
0 110011010 0.698683191325
1 110011011 0.301316808675

110011011
0 1100110110 0.701799485861
1 1100110111 0.298200514139

1100110111
1 111 0.327586206897
0 110 0.672413793103

1100110110
1 1101101 0.289377289377
0 1001101100 0.710622710623

1001101100
1 11011001 0.271929824561
0 11011000 0.728070175439

11011000
0 110110000 0.771478088636
1 110110001 0.228521911364

110110001
0 1101100010 0.715059588299
1 1100011 0.284940411701

1101100010
1 1000101 0.218181818182
0 11000100 0.781818181818

11000100
0 110001000 0.807503187033
1 110001001 0.192496812967

110001001
0 1100010010 0.76821192053
1 1100010011 0.23178807947

1100010011
1 11 0.24693877551
0 100110 0.75306122449

1100010010
1 0101 0.216748768473
0 1000100100 0.783251231527

1000100100
1 1001001 0.195604021128
0 01001000 0.804395978872

01001000
0 010010000 0.844906909748
1 010001 0.155093090252

1001001
0 10010010 0.761136943153
1 10010011 0.238863056847

10010011
0 100100110 0.722762951334
1 100100111 0.277237048666

100100111
0 1001001110 0.684031710079
1 1111 0.315968289921

1001001110
1 10011101 0.309602649007
0 11100 0.690397350993

100100110
0 1001001100 0.75325803649
1 1001001101 0.24674196351

1001001101
1 010011011 0.278169014085
0 011010 0.721830985915

010011011
0 0100110110 0.684317718941
1 0100110111 0.315682281059

0100110110
1 01101 0.270833333333
0 1001101100 0.729166666667

1001001100
1 1001 0.219146482122
0 010011000 0.780853517878

010011000
0 0100110000 0.807797132362
1 0100110001 0.192202867638

0100110001
1 1100011 0.249691738594
0 1001100010 0.750308261406

1001100010
1 0101 0.225767609874
0 11000100 0.774232390126

0100110000
1 1001100001 0.168695907291
0 1001100000 0.831304092709

1001100001
1 0011000011 0.230417754569
0 1000010 0.769582245431

0011000011
1 10000111 0.272274143302
0 110000110 0.727725856698

110001000
0 1100010000 0.833897158322
1 010001 0.166102841678

110110000
0 1101100000 0.803273427471
1 1101100001 0.196726572529

1101100001
1 11000011 0.226753670473
0 1011000010 0.773246329527

11000011
0 110000110 0.72683596431
1 110000111 0.27316403569

110000111
0 1100001110 0.711055276382
1 1111 0.288944723618

1101100000
1 1 0.163004394726
0 1011000000 0.836995605274

11011001
0 110110010 0.720514653324
1 110110011 0.279485346676

110110011
0 1101100110 0.6726342711
1 1101100111 0.3273657289

1101100111
1 1111 0.3203125
0 001110 0.6796875

001110
0 0011100 0.737812272617
1 0011101 0.262187727383

0011101
0 00111010 0.700277520814
1 00111011 0.299722479186

00111010
0 001110100 0.725759577279
1 001110101 0.274240422721

001110101
0 0011101010 0.722543352601
1 0011101011 0.277456647399

0011101011
1 1010111 0.315972222222
0 0110 0.684027777778

0011101010
1 0111010101 0.252
0 111010100 0.748

111010100
0 1110101000 0.758710801394
1 1110101001 0.241289198606

1110101001
1 101010011 0.231046931408
0 1101010010 0.768953068592

1101010010
1 1010100101 0.243243243243
0 100100 0.756756756757

100100
0 1001000 0.81414732734
1 1001001 0.18585267266

1001000
0 10010000 0.838814606838
1 010001 0.161185393162

10010000
0 100100000 0.856233161891
1 100100001 0.143766838109

0111010101
1 1110101011 0.333333333333
0 101010 0.666666666667

001110100
0 0011101000 0.759737895886
1 0011101001 0.240262104114

0011101001
1 0011 0.272727272727
0 0111010010 0.727272727273

0111010010
1 1110100101 0.269696969697
0 100 0.730303030303

100
0 1000 0.851229296479
1 1001 0.148770703521

1000
0 10000 0.868842633037
1 10001 0.131157366963

10001
0 100010 0.787667946257
1 100011 0.212332053743

100011
0 1000110 0.736830777509
1 1000111 0.263169222491

1000111
0 10001110 0.700470251482
1 1111 0.299529748518

10001110
0 100011100 0.731757151197
1 100011101 0.268242848803

100011101
0 1000111010 0.734494015234
1 1000111011 0.265505984766

1000111011
1 11 0.323770491803
0 110 0.676229508197

100011100
0 1000111000 0.744315915437
1 1000111001 0.255684084563

1000111001
1 1110011 0.280811232449
0 1110010 0.719188767551

1000111000
1 110001 0.221329046088
0 0001110000 0.778670953912

110001
0 1100010 0.751494587171
1 1100011 0.248505412829

1100010
0 11000100 0.787070880814
1 1000101 0.212929119186

1000110
0 10001100 0.759821819775
1 10001101 0.240178180225

10001101
0 100011010 0.727880814837
1 100011011 0.272119185163

100011011
0 1000110110 0.702793296089
1 1000110111 0.297206703911

1000110111
1 11 0.300751879699
0 001101110 0.699248120301

1000110110
1 01101 0.300476947536
0 01101100 0.699523052464

01101100
0 011011000 0.742088607595
1 011011001 0.257911392405

011011001
0 0110110010 0.722903885481
1 0110110011 0.277096114519

0110110011
1 00111 0.339483394834
0 1101100110 0.660516605166

1101100110
1 11001101 0.281368821293
0 001100 0.718631178707

001100
0 0011000 0.80307974989
1 0011001 0.19692025011

0011001
0 00110010 0.755100619734
1 00110011 0.244899380266

00110011
0 001100110 0.717372760876
1 001100111 0.282627239124

001100111
0 0011001110 0.648893360161
1 1111 0.351106639839

0011001110
1 0110011101 0.279069767442
0 11100 0.720930232558

001100110
0 0011001100 0.739595719382
1 0011001101 0.260404280618

0011001101
1 0110011011 0.307458143075
0 0110011010 0.692541856925

0110011010
1 100110101 0.265079365079
0 00110100 0.734920634921

00110100
0 001101000 0.776959022286
1 001101001 0.223040977714

001101001
0 0011010010 0.754633360193
1 0011010011 0.245366639807

0011010011
1 100111 0.293924466338
0 0110 0.706075533662

0011010010
1 110100101 0.232781633743
0 110100100 0.767218366257

110100100
0 1101001000 0.799925622908
1 1101001001 0.200074377092

1101001001
1 1 0.258364312268
0 010010010 0.741635687732

010010010
0 0100100100 0.78882868937
1 0100100101 0.21117131063

0100100101
1 11 0.270006108735
0 1001010 0.729993891265

1001010
0 10010100 0.767266055046
1 10010101 0.232733944954

10010101
0 100101010 0.718070009461
1 100101011 0.281929990539

100101011
0 1001010110 0.697986577181
1 1001010111 0.302013422819

1001010111
1 1111 0.322222222222
0 010101110 0.677777777778

1001010110
1 1101 0.270833333333
0 010101100 0.729166666667

010101100
0 0101011000 0.753382296096
1 0101011001 0.246617703904

0101011001
1 1010110011 0.261755485893
0 1010110010 0.738244514107

1010110010
1 101 0.254777070064
0 1100100 0.745222929936

1100100
0 11001000 0.786994774095
1 11001001 0.213005225905

11001001
0 110010010 0.744409937888
1 110010011 0.255590062112

110010011
0 1100100110 0.705953827461
1 1100100111 0.294046172539

1100100111
1 1111 0.318181818182
0 001110 0.681818181818

1100100110
1 1001101 0.25817555938
0 1001001100 0.74182444062

110010010
0 1100100100 0.769294952023
1 1100100101 0.230705047977

1100100101
1 1011 0.28390596745
0 001010 0.71609403255

1100100100
1 1001001 0.206073752711
0 1001001000 0.793926247289

1001001000
1 010001 0.169377541445
0 10010000 0.830622458555

11001000
0 110010000 0.814995376986
1 010001 0.185004623014

110010000
0 1100100000 0.842512376238
1 1100100001 0.157487623762

1100100001
1 1000011 0.201702685003
0 1001000010 0.798297314997

1010110011
1 1100111 0.291845493562
0 101100110 0.708154506438

10010100
0 100101000 0.80227664052
1 100101001 0.19772335948

100101001
0 1001010010 0.760522496372
1 1001010011 0.239477503628

1001010011
1 0010100111 0.254545454545
0 10100110 0.745454545455

0010100111
1 1111 0.324483775811
0 0101001110 0.675516224189

1001010010
1 0100101 0.239185750636
0 10100100 0.760814249364

10100100
0 101001000 0.797220646625
1 101001001 0.202779353375

101001001
0 1010010010 0.744988344988
1 1010010011 0.255011655012

1010010011
1 100100111 0.244972577697
0 0110 0.755027422303

0100100100
1 01001001 0.19378577269
0 1001001000 0.80621422731

01001001
0 010010010 0.766462329444
1 010010011 0.233537670556

010010011
0 0100100110 0.728619813717
1 0100100111 0.271380186283

0100100111
1 1111 0.315132605304
0 1001001110 0.684867394696

0100100110
1 001101 0.242882045322
0 1001001100 0.757117954678

110100101
0 1101001010 0.72190692395
1 1101001011 0.27809307605

1101001011
1 1010010111 0.273469387755
0 10010110 0.726530612245

10010110
0 100101100 0.742678419107
1 100101101 0.257321580893

100101101
0 1001011010 0.722651933702
1 1001011011 0.277348066298

1001011011
1 10110111 0.278884462151
0 010110110 0.721115537849

010110110
0 0101101100 0.706592386258
1 0101101101 0.293407613742

0101101101
1 1011 0.310126582278
0 1011011010 0.689873417722

0101101100
1 1011011001 0.256241787122
0 11011000 0.743758212878

1001011010
1 010110101 0.246177370031
0 10100 0.753822629969

1101001010
1 1010010101 0.238993710692
0 0010100 0.761006289308

0010100
0 00101000 0.819931812221
1 00101001 0.180068187779

00101001
0 001010010 0.75774347024
1 001010011 0.24225652976

001010011
0 0010100110 0.728256513026
1 0010100111 0.271743486974

0010100110
1 101001101 0.26362135388
0 101001100 0.73637864612

001010010
0 0010100100 0.782419272168
1 0010100101 0.217580727832

0010100101
1 0101001011 0.265017667845
0 1001010 0.734982332155

0010100100
1 0101001001 0.202587618736
0 0101001000 0.797412381264

0101001000
1 010001 0.180993314231
0 1010010000 0.819006685769

00101000
0 001010000 0.837192937564
1 010001 0.162807062436

001010000
0 0010100000 0.856931815287
1 0010100001 0.143068184713

0010100001
1 0101000011 0.208474274524
0 0101000010 0.791525725476

0010100000
1 1000001 0.124985138509
0 0101000000 0.875014861491

0101000000
1 1010000001 0.114130283938
0 0000000 0.885869716062

001101000
0 0011010000 0.801411057136
1 010001 0.198588942864

0011010000
1 0110100001 0.169432818589
0 0110100000 0.830567181411

0110100000
1 1000001 0.147779379012
0 1101000000 0.852220620988

100110101
0 1001101010 0.708520179372
1 1001101011 0.291479820628

1001101011
1 0011010111 0.338461538462
0 10110 0.661538461538

0110011011
1 100110111 0.322580645161
0 10110 0.677419354839

0011001100
1 0110011001 0.245980707395
0 0110011000 0.754019292605

0110011000
1 00110001 0.21811556481
0 1100110000 0.78188443519

0110011001
1 110011 0.247208931419
0 00110010 0.752791068581

00110010
0 001100100 0.778218369605
1 001100101 0.221781630395

001100101
0 0011001010 0.714760914761
1 0011001011 0.285239085239

0011001011
1 111 0.278425655977
0 0010110 0.721574344023

0010110
0 00101100 0.7507963897
1 00101101 0.2492036103

00101101
0 001011010 0.718242343542
1 001011011 0.281757656458

001011010
0 0010110100 0.732295142751
1 0010110101 0.267704857249

0010110100
1 1101001 0.227341772152
0 0101101000 0.772658227848

0101101000
1 010001 0.199322689889
0 11010000 0.800677310111

00101100
0 001011000 0.765049058605
1 001011001 0.234950941395

001011001
0 0010110010 0.727614747931
1 0010110011 0.272385252069

0010110011
1 100111 0.301104972376
0 100110 0.698895027624

0010110010
1 101100101 0.232161323681
0 01100100 0.767838676319

01100100
0 011001000 0.793730407524
1 011001001 0.206269592476

011001001
0 0110010010 0.745549283543
1 0110010011 0.254450716457

0110010011
1 100111 0.288395904437
0 100100110 0.711604095563

0110010010
1 1100100101 0.224228305183
0 1100100100 0.775771694817

001011000
0 0010110000 0.803119584055
1 0010110001 0.196880415945

0010110001
1 100011 0.238849765258
0 0101100010 0.761150234742

0101100010
1 1000101 0.22342239909
0 1011000100 0.77657760091

0011001010
1 010101 0.249563699825
0 0110010100 0.750436300175

0110010100
1 101001 0.200233508465
0 101000 0.799766491535

101000
0 1010000 0.823814146644
1 010001 0.176185853356

001100100
0 0011001000 0.792747955919
1 0011001001 0.207252044081

0011001001
1 0110010011 0.259005145798
0 10010010 0.740994854202

0011001000
1 010001 0.175934230194
0 0110010000 0.824065769806

0110010000
1 100001 0.15435410648
0 100100000 0.84564589352

00110010
0 001100100 0.778218369605
1 001100101 0.221781630395

00111
0 001110 0.707107086506
1 1111 0.292892913494

0110110010
1 1101100101 0.236209335219
0 1101100100 0.763790664781

1101100100
1 1001 0.184993531695
0 1011001000 0.815006468305

1011001000
1 010001 0.19152854512
0 0110010000 0.80847145488

1101100101
1 11 0.302127659574
0 1011001010 0.697872340426

011011000
0 0110110000 0.775053304904
1 0110110001 0.224946695096

0110110001
1 1100011 0.29541864139
0 101100010 0.70458135861

0110110000
1 01100001 0.192113709308
0 1101100000 0.807886290692

100011010
0 1000110100 0.74269005848
1 1000110101 0.25730994152

1000110101
1 0001101011 0.280844155844
0 0001101010 0.719155844156

0001101010
1 10101 0.238550578762
0 011010100 0.761449421238

011010100
0 0110101000 0.769029850746
1 0110101001 0.230970149254

0110101001
1 010011 0.26817447496
0 10010 0.73182552504

010011
0 0100110 0.734227495486
1 0100111 0.265772504514

0100110
0 01001100 0.757535305276
1 01001101 0.242464694724

01001101
0 010011010 0.715444798609
1 010011011 0.284555201391

01001100
0 010011000 0.782693377852
1 010011001 0.217306622148

010011001
0 0100110010 0.731967562953
1 0100110011 0.268032437047

0100110011
1 1001100111 0.283439490446
0 0110 0.716560509554

1001100111
1 1111 0.370967741935
0 011001110 0.629032258065

0100110010
1 01100101 0.224489795918
0 1100100 0.775510204082

0110101000
1 010001 0.192139737991
0 101010000 0.807860262009

101010000
0 1010100000 0.830998059927
1 1010100001 0.169001940073

1010100001
1 11 0.216198979592
0 101000010 0.783801020408

1010100000
1 1 0.145265888457
0 101000000 0.854734111543

0001101011
1 0011010111 0.273247496423
0 0011010110 0.726752503577

1000110100
1 1101001 0.234533183352
0 001101000 0.765466816648

10001100
0 00011000 0.790581451225
1 100011001 0.209418548775

100011001
0 1000110010 0.743460302891
1 1000110011 0.256539697109

1000110011
1 001100111 0.293381037567
0 001100110 0.706618962433

1000110010
1 0001100101 0.233950617284
0 0001100100 0.766049382716

0001100101
1 0011001011 0.280428954424
0 0011001010 0.719571045576

10000
0 100000 0.884887284568
1 100001 0.115112715432

1110100101
1 011 0.28880866426
0 1010 0.71119133574

0011
0 00110 0.761369217169
1 00111 0.238630782831

0011100
0 00111000 0.758382642998
1 00111001 0.241617357002

00111001
0 001110010 0.722721088435
1 001110011 0.277278911565

001110011
0 0011100110 0.674190382728
1 0011100111 0.325809617272

0011100111
1 1111 0.364457831325
0 110 0.635542168675

0011100110
1 0111001101 0.27365356623
0 0111001100 0.72634643377

0111001101
1 1011 0.318181818182
0 11010 0.681818181818

001110010
0 0011100100 0.744352409639
1 0011100101 0.255647590361

0011100101
1 001011 0.290132547865
0 0111001010 0.709867452135

0111001010
1 010101 0.286969253294
0 1110010100 0.713030746706

1110010100
1 1100101001 0.233524355301
0 1100101000 0.766475644699

1100101000
1 010001 0.180577427822
0 1010000 0.819422572178

1100101001
1 0011 0.260869565217
0 001010010 0.739130434783

001011
0 0010110 0.722685851319
1 0010111 0.277314148681

0010111
0 00101110 0.686786579038
1 1111 0.313213420962

00101110
0 001011100 0.723243515487
1 001011101 0.276756484513

001011101
0 0010111010 0.699727024568
1 0010111011 0.300272975432

0010111011
1 0111 0.306060606061
0 0101110110 0.693939393939

0101110110
1 1101 0.317073170732
0 101100 0.682926829268

001011100
0 0010111000 0.74860724234
1 0010111001 0.25139275766

0010111001
1 01110011 0.270083102493
0 01110010 0.729916897507

01110010
0 011100100 0.742440604752
1 011100101 0.257559395248

011100101
0 0111001010 0.715932914046
1 0111001011 0.284067085954

0111001011
1 1110010111 0.280442804428
0 10110 0.719557195572

0010111000
1 0101110001 0.227441860465
0 0101110000 0.772558139535

0101110000
1 011100001 0.195295162006
0 011100000 0.804704837994

011100000
0 0111000000 0.837658418829
1 1000001 0.162341581171

0011100100
1 111001001 0.227617602428
0 111001000 0.772382397572

111001000
0 1110010000 0.799670510708
1 010001 0.200329489292

111001001
0 1110010010 0.741548527808
1 1110010011 0.258451472192

1110010011
1 1100100111 0.308016877637
0 1100100110 0.691983122363

1101100110
1 11001101 0.281368821293
0 001100 0.718631178707

110110010
0 1101100100 0.766865079365
1 1101100101 0.233134920635

1101101
0 11011010 0.69433106576
1 11011011 0.30566893424

11011011
0 110110110 0.718100890208
1 110110111 0.281899109792

110110111
0 1101101110 0.621052631579
1 1111 0.378947368421

1101101110
1 011101 0.330508474576
0 1011011100 0.669491525424

1011011100
1 0110111001 0.297794117647
0 10111000 0.702205882353

11011010
0 110110100 0.738079686479
1 110110101 0.261920313521

110110101
0 1101101010 0.703241895262
1 1101101011 0.296758104738

1101101011
1 1010111 0.310924369748
0 1011010110 0.689075630252

1101101010
1 1011010101 0.241134751773
0 1011010100 0.758865248227

1011010100
1 0101001 0.243971631206
0 0101000 0.756028368794

1011010101
1 01011 0.31223628692
0 101010 0.68776371308

110110100
0 1101101000 0.735398230088
1 1101101001 0.264601769912

1101101001
1 011010011 0.247491638796
0 11010010 0.752508361204

11010010
0 110100100 0.753221288515
1 110100101 0.246778711485

110011010
0 1100110100 0.735033259424
1 1100110101 0.264966740576

1100110101
1 1001101011 0.276150627615
0 01010 0.723849372385

1100110100
1 1001 0.224736048265
0 1101000 0.775263951735

1100110010
1 1001100101 0.226277372263
0 1001100100 0.773722627737

1001100100
1 0011001001 0.216666666667
0 0011001000 0.783333333333

1001100101
1 001011 0.301851851852
0 0011001010 0.698148148148

110011000
0 1100110000 0.781690140845
1 1100110001 0.218309859155

1100110001
1 0011 0.246179966044
0 1001100010 0.753820033956

011001101
0 0110011010 0.693069306931
1 0110011011 0.306930693069

01011000
0 010110000 0.794968774738
1 010110001 0.205031225262

010110001
0 0101100010 0.754611754612
1 1100011 0.245388245388

010110000
0 0101100000 0.819982296968
1 0101100001 0.180017703032

010101010
0 0101010100 0.768560763169
1 0101010101 0.231439236831

0101010101
1 10101011 0.26523297491
0 101010 0.73476702509

0101010100
1 1010101001 0.220723151646
0 010101000 0.779276848354

010101000
0 0101010000 0.811247803163
1 010001 0.188752196837

0101010000
1 1010100001 0.169410745234
0 1010100000 0.830589254766

01010100
0 010101000 0.791376912378
1 010101001 0.208623087622

010101001
0 0101010010 0.748444444444
1 0101010011 0.251555555556

0101010011
1 010100111 0.282685512367
0 100110 0.717314487633

010100000
0 0101000000 0.87123373797
1 1000001 0.12876626203

0010010100
1 1001 0.199459631278
0 101000 0.800540368722

010010011
0 0100100110 0.728619813717
1 0100100111 0.271380186283

0101001000
1 010001 0.180993314231
0 1010010000 0.819006685769

0101000
0 01010000 0.831674177133
1 010001 0.168325822867

1001010101
1 10101011 0.335640138408
0 01010 0.664359861592

1100101011
1 001010111 0.303964757709
0 1010110 0.696035242291

1010110
0 10101100 0.72251414713
1 10101101 0.27748585287

10101101
0 101011010 0.686088856519
1 101011011 0.313911143481

101011011
0 1010110110 0.737819025522
1 1010110111 0.262180974478

1010110111
1 1111 0.309734513274
0 01110 0.690265486726

101011010
0 1010110100 0.750530785563
1 1010110101 0.249469214437

1010110101
1 1 0.289361702128
0 01101010 0.710638297872

01101010
0 011010100 0.752597584948
1 011010101 0.247402415052

1010110100
1 1001 0.234794908062
0 01101000 0.765205091938

01101000
0 011010000 0.79928967429
1 010001 0.20071032571

011010000
0 0110100000 0.827246125501
1 0110100001 0.172753874499

10101100
0 101011000 0.759160839161
1 101011001 0.240839160839

101011001
0 1010110010 0.729384436702
1 1010110011 0.270615563298

101011000
0 1010110000 0.768975681651
1 1010110001 0.231024318349

1010110001
1 1100011 0.263157894737
0 01100010 0.736842105263

01100010
0 011000100 0.789240689058
1 1000101 0.210759310942

011000100
0 0110001000 0.808316059017
1 0110001001 0.191683940983

0110001001
1 0011 0.222010178117
0 1100010010 0.777989821883

0110010100
1 101001 0.200233508465
0 101000 0.799766491535

01100100
0 011001000 0.793730407524
1 011001001 0.206269592476

1010010
0 10100100 0.770766540367
1 10100101 0.229233459633

10100101
0 101001010 0.729179910998
1 101001011 0.270820089002

101001011
0 1010010110 0.714788732394
1 1010010111 0.285211267606

1010010110
1 101 0.238095238095
0 101100 0.761904761905

101000
0 1010000 0.823814146644
1 010001 0.176185853356

0101100100
1 1011001001 0.21044546851
0 11001000 0.78955453149

1011001001
1 110010011 0.240072202166
0 110010010 0.759927797834

1100001010
1 10101 0.209054593875
0 10100 0.790945406125

0010110001
1 100011 0.238849765258
0 0101100010 0.761150234742

100001010
0 1000010100 0.785431959345
1 1000010101 0.214568040655

1000010101
1 11 0.255263157895
0 101010 0.744736842105

1000010100
1 0000101001 0.191229331416
0 101000 0.808770668584

0000101001
1 1010011 0.240625922645
0 0001010010 0.759374077355

0001010010
1 100101 0.212130937099
0 0010100100 0.787869062901

10001
0 100010 0.787667946257
1 100011 0.212332053743

11100000
0 111000000 0.83326007326
1 1000001 0.16673992674

111000000
0 0000000 0.858273254792
1 1110000001 0.141726745208

1110000001
1 000011 0.203473945409
0 1100000010 0.796526054591

1100000010
1 000101 0.172072072072
0 100 0.827927927928

000101
0 0001010 0.785147606455
1 0001011 0.214852393545

0001010
0 00010100 0.803220373935
1 00010101 0.196779626065

00010101
0 000101010 0.747707623788
1 000101011 0.252292376212

000101011
0 0001010110 0.70439598477
1 0001010111 0.29560401523

0001010110
1 0010101101 0.275184275184
0 10101100 0.724815724816

000101010
0 0001010100 0.766059331932
1 0001010101 0.233940668068

0001010100
1 0101001 0.205519134014
0 10101000 0.794480865986

10101000
0 101010000 0.8091043865
1 010001 0.1908956135

00010100
0 000101000 0.823880533151
1 000101001 0.176119466849

000101001
0 0001010010 0.757045675413
1 0001010011 0.242954324587

0001010011
1 10100111 0.276
0 0010100110 0.724

000101000
0 0001010000 0.840452881145
1 010001 0.159547118855

0001010000
1 0010100001 0.141140120501
0 0010100000 0.858859879499

000011
0 0000110 0.779246333286
1 0000111 0.220753666714

0000111
0 00001110 0.717586348443
1 1111 0.282413651557

00001110
0 000011100 0.74650649669
1 000011101 0.25349350331

000011101
0 0000111010 0.701805286912
1 0000111011 0.298194713088

0000111011
1 10111 0.323243243243
0 10110 0.676756756757

0000111010
1 0001110101 0.269637115296
0 1110100 0.730362884704

0001110101
1 0011101011 0.266066838046
0 11101010 0.733933161954

0000110
0 00001100 0.79967107449
1 00001101 0.20032892551

00001101
0 000011010 0.741437930177
1 000011011 0.258562069823

000011011
0 0000110110 0.707825529185
1 0000110111 0.292174470815

0000110111
1 1111 0.319429198683
0 01101110 0.680570801317

0000110110
1 01101101 0.290439510648
0 0001101100 0.709560489352

0001101100
1 011001 0.251744765703
0 1011000 0.748255234297

01101101
0 011011010 0.696774193548
1 011011011 0.303225806452

011011011
0 0110110110 0.708510638298
1 0110110111 0.291489361702

0110110111
1 111 0.386861313869
0 1101101110 0.613138686131

0110110110
1 1101101 0.285285285285
0 1101100 0.714714714715

1101100
0 11011000 0.74273630011
1 11011001 0.25726369989

011011010
0 0110110100 0.744444444444
1 0110110101 0.255555555556

0110110101
1 1101101011 0.304347826087
0 101101010 0.695652173913

101101010
0 1011010100 0.748407643312
1 1011010101 0.251592356688

000011010
0 0000110100 0.768482272676
1 0000110101 0.231517727324

0000110100
1 0001101001 0.216416824334
0 01101000 0.783583175666

0001101001
1 0011010011 0.238445378151
0 011010010 0.761554621849

011010010
0 0110100100 0.764246682279
1 0110100101 0.235753317721

0110100101
1 1011 0.273178807947
0 1101001010 0.726821192053

00001100
0 00011000 0.814425493903
1 000011001 0.185574506097

000011001
0 0000110010 0.763909101086
1 0000110011 0.236090898914

0000110011
1 1100111 0.275960170697
0 0001100110 0.724039829303

0001100110
1 0011001101 0.265868886576
0 0011001100 0.734131113424

1011001010
1 0010101 0.284263959391
0 10100 0.715736040609

101100100
0 1011001000 0.796771826853
1 1011001001 0.203228173147

110110011
0 1101100110 0.6726342711
1 1101100111 0.3273657289

1011011000
1 0110110001 0.225766871166
0 110110000 0.774233128834

01101101
0 011011010 0.696774193548
1 011011011 0.303225806452

0100101100
1 1011001 0.253284287966
0 11000 0.746715712034

11000
0 110000 0.806159628334
1 110001 0.193840371666

110000
0 1100000 0.83111450698
1 1100001 0.16888549302

1100001
0 11000010 0.776550878
1 11000011 0.223449122

11000010
0 110000100 0.801915670979
1 110000101 0.198084329021

110000100
0 1100001000 0.824652136436
1 1100001001 0.175347863564

1100000
0 11000000 0.854387085716
1 1000001 0.145612914284

01001010
0 010010100 0.77725164283
1 010010101 0.22274835717

010010101
0 0100101010 0.710629067245
1 0100101011 0.289370932755

0100101011
1 0111 0.301349325337
0 10110 0.698650674663

0100101010
1 1001010101 0.249084249084
0 01010100 0.750915750916

010010100
0 0100101000 0.80591818973
1 0100101001 0.19408181027

0100101001
1 010011 0.232543241512
0 1001010010 0.767456758488

0100101000
1 010001 0.176951558161
0 01010000 0.823048441839

0100100
0 01001000 0.821395775941
1 01001001 0.178604224059

0010011
0 00100110 0.737404272471
1 00100111 0.262595727529

00100111
0 001001110 0.702225633154
1 1111 0.297774366846

001001110
0 0010011100 0.718761384335
1 0010011101 0.281238615665

0010011101
1 0100111011 0.309585492228
0 0111010 0.690414507772

00100110
0 001001100 0.762594515806
1 001001101 0.237405484194

001001101
0 0010011010 0.722179585572
1 0010011011 0.277820414428

0010011011
1 0100110111 0.312154696133
0 100110110 0.687845303867

100110110
0 1001101100 0.72380952381
1 1001101101 0.27619047619

1001101101
1 11011 0.287356321839
0 0011011010 0.712643678161

0011011010
1 10110101 0.266839378238
0 110110100 0.733160621762

0010011010
1 100110101 0.260892667375
0 0110100 0.739107332625

001001100
0 0010011000 0.785688687134
1 0010011001 0.214311312866

0010011001
1 0100110011 0.264771460424
0 0100110010 0.735228539576

0010011000
1 0100110001 0.187015356546
0 100110000 0.812984643454

100110000
0 1001100000 0.828366569572
1 1001100001 0.171633430428

101110000
0 1011100000 0.797036082474
1 1011100001 0.202963917526

1011100001
1 011 0.238095238095
0 0111000010 0.761904761905

0111000010
1 1110000101 0.199541284404
0 1110000100 0.800458715596

1011100000
1 1000001 0.169361358124
0 111000000 0.830638641876

00010110
0 000101100 0.753268115315
1 000101101 0.246731884685

1010000100
1 0001001 0.162689804772
0 100001000 0.837310195228

1101101100
1 1011011001 0.269794721408
0 011011000 0.730205278592

1011011010
1 110101 0.227272727273
0 0110110100 0.772727272727

0101011010
1 010110101 0.250737463127
0 10110100 0.749262536873

10110100
0 101101000 0.760230849948
1 101101001 0.239769150052

101101001
0 1011010010 0.753829321663
1 1011010011 0.246170678337

1011010011
1 0110100111 0.266666666667
0 10100110 0.733333333333

101101000
0 1011010000 0.792960662526
1 010001 0.207039337474

010101100
0 0101011000 0.753382296096
1 0101011001 0.246617703904

0101010
0 01010100 0.761867759254
1 01010101 0.238132240746

010100
0 0101000 0.812764594474
1 0101001 0.187235405526

1110110100
1 1101001 0.251533742331
0 1101101000 0.748466257669

0011101100
1 0111011001 0.25902864259
0 111011000 0.74097135741

111011000
0 1110110000 0.763265306122
1 1110110001 0.236734693878

1110110001
1 00011 0.262068965517
0 100010 0.737931034483

00011
0 000110 0.771020723334
1 000111 0.228979276666

000111
0 0001110 0.713771418155
1 1111 0.286228581845

0001110
0 00011100 0.743280342208
1 00011101 0.256719657792

00011101
0 000111010 0.709276299428
1 000111011 0.290723700572

000111011
0 0001110110 0.676646706587
1 0001110111 0.323353293413

0001110111
1 1111 0.304232804233
0 101110 0.695767195767

0001110110
1 0011101101 0.260429835651
0 11101100 0.739570164349

11101100
0 111011000 0.744228432564
1 111011001 0.255771567436

111011001
0 1110110010 0.714964370546
1 1110110011 0.285035629454

1110110011
1 01100111 0.3
0 110 0.7

1110110010
1 100101 0.225913621262
0 1101100100 0.774086378738

000111010
0 0001110100 0.727208976157
1 0001110101 0.272791023843

00011100
0 000111000 0.760436351142
1 000111001 0.239563648858

000111001
0 0001110010 0.728576550735
1 0001110011 0.271423449265

0001110011
1 0011100111 0.318361955086
0 0011100110 0.681638044914

000111000
0 0001110000 0.792047893369
1 0001110001 0.207952106631

0001110001
1 1100011 0.246061922868
0 11100010 0.753938077132

000110
0 0001100 0.792285830288
1 0001101 0.207714169712

0001100
0 00011000 0.810187557651
1 00011001 0.189812442349

00011001
0 000110010 0.759899208063
1 000110011 0.240100791937

000110011
0 0001100110 0.720389805097
1 0001100111 0.279610194903

0001100111
1 1111 0.344504021448
0 01110 0.655495978552

000110010
0 0001100100 0.779133112269
1 0001100101 0.220866887731

1110110000
1 101100001 0.207486631016
0 1100000 0.792513368984

0111011001
1 110110011 0.308219178082
0 10110010 0.691780821918

0100111010
1 1001110101 0.277372262774
0 110100 0.722627737226

010011100
0 0100111000 0.751353441609
1 0100111001 0.248646558391

0100111001
1 1001110011 0.293934681182
0 01110010 0.706065318818

1001110011
1 011100111 0.347328244275
0 011100110 0.652671755725

011100110
0 0111001100 0.725856697819
1 0111001101 0.274143302181

0010010010
1 100100101 0.207019824504
0 0100100100 0.792980175496

001001000
0 0010010000 0.85084425304
1 010001 0.14915574696

0010010000
1 100001 0.138298200673
0 0100100000 0.861701799327

0100100000
1 1000001 0.120711600509
0 1001000000 0.879288399491

100001000
0 1000010000 0.86317029422
1 010001 0.13682970578

00101
0 001010 0.77500080935
1 001011 0.22499919065

0100100000
1 1000001 0.120711600509
0 1001000000 0.879288399491

101001001
0 1010010010 0.744988344988
1 1010010011 0.255011655012

00101
0 001010 0.77500080935
1 001011 0.22499919065

0101101000
1 010001 0.199322689889
0 11010000 0.800677310111

1010101100
1 1011001 0.249619482496
0 0101011000 0.750380517504

1
0 10 0.811064214652
1 11 0.188935785348

1110101010
1 1010101 0.251824817518
0 1101010100 0.748175182482

1101010100
1 10101001 0.237388724036
0 1010101000 0.762611275964

1010101000
1 010001 0.191521961185
0 0101010000 0.808478038815

111010100
0 1110101000 0.758710801394
1 1110101001 0.241289198606

001010110
0 0010101100 0.725836780745
1 0010101101 0.274163219255

0010100
0 00101000 0.819931812221
1 00101001 0.180068187779

1100001011
1 1000010111 0.321428571429
0 00010110 0.678571428571

0110000100
1 1100001001 0.172498767866
0 1100001000 0.827501232134

01100000
0 011000000 0.860094602886
1 1000001 0.139905397114

011000000
0 0000000 0.87868746836
1 0110000001 0.12131253164

0110000001
1 0011 0.190819423369
0 10 0.809180576631

0110001
0 01100010 0.756809905317
1 1100011 0.243190094683

010011001
0 0100110010 0.731967562953
1 0100110011 0.268032437047

0101001101
1 1010011011 0.308917197452
0 1010011010 0.691082802548

10101000
0 101010000 0.8091043865
1 010001 0.1908956135

1001101011
1 0011010111 0.338461538462
0 10110 0.661538461538

0100110100
1 1001101001 0.236233480176
0 1001101000 0.763766519824

0001001100
1 010011001 0.213048063884
0 011000 0.786951936116

011000
0 0110000 0.814396755661
1 0110001 0.185603244339

00010010
0 000100100 0.815461026311
1 000100101 0.184538973689

000100101
0 0001001010 0.749767981439
1 0001001011 0.250232018561

0001001011
1 010010111 0.286509040334
0 0010010110 0.713490959666

0001001010
1 10010101 0.217855485069
0 010010100 0.782144514931

000100100
0 0001001000 0.831876296238
1 0001001001 0.168123703762

0001001001
1 10010011 0.226264834478
0 10010 0.773735165522

0001001000
1 010001 0.14507526746
0 0010010000 0.85492473254

10110000
0 101100000 0.815698535462
1 101100001 0.184301464538

1100101101
1 11 0.25
0 1001011010 0.75

111001010
0 1110010100 0.721820062048
1 1110010101 0.278179937952

1110010101
1 100101011 0.260223048327
0 01010 0.739776951673

11100100
0 111001000 0.767965587045
1 111001001 0.232034412955

1010111000
1 110001 0.218997361478
0 101110000 0.781002638522

101010110
0 1010101100 0.721978021978
1 1010101101 0.278021978022

10101010
0 101010100 0.76183298161
1 101010101 0.23816701839

101010101
0 1010101010 0.741772151899
1 1010101011 0.258227848101

1010101011
1 0101010111 0.313725490196
0 0101010110 0.686274509804

1010101010
1 1010101 0.238907849829
0 01010100 0.761092150171

1010100
0 10101000 0.784712242524
1 10101001 0.215287757476

0001101011
1 0011010111 0.273247496423
0 0011010110 0.726752503577

100001100
0 00011000 0.795114050479
1 1000011001 0.204885949521

1000011001
1 110011 0.259552042161
0 0000110010 0.740447957839

111
0 1110 0.692302414929
1 1111 0.307697585071

1001000010
1 00101 0.184771033014
0 10000100 0.815228966986

101001001
0 1010010010 0.744988344988
1 1010010011 0.255011655012

01010011
0 010100110 0.726526891522
1 010100111 0.273473108478

0010101000
1 010001 0.187927626577
0 101010000 0.812072373423

00101011
0 001010110 0.702881311129
1 001010111 0.297118688871

1010010100
1 101001 0.174757281553
0 100101000 0.825242718447

1010100100
1 101001001 0.207515423444
0 101001000 0.792484576556

0101010011
1 010100111 0.282685512367
0 100110 0.717314487633

1010101000
1 010001 0.191521961185
0 0101010000 0.808478038815

0110101011
1 11 0.285140562249
0 110 0.714859437751

0011010100
1 0110101001 0.226329113924
0 110101000 0.773670886076

110101000
0 1101010000 0.802864938608
1 010001 0.197135061392

1101010000
1 100001 0.167799490229
0 1010100000 0.832200509771

00110100
0 001101000 0.776959022286
1 001101001 0.223040977714

1010011011
1 0100110111 0.325581395349
0 110 0.674418604651

1101001100
1 1010011001 0.226851851852
0 1010011000 0.773148148148

11010010
0 110100100 0.753221288515
1 110100101 0.246778711485

1001011100
1 111001 0.243045387994
0 111000 0.756954612006

10010110
0 100101100 0.742678419107
1 100101101 0.257321580893

1001010
0 10010100 0.767266055046
1 10010101 0.232733944954

100100
0 1001000 0.81414732734
1 1001001 0.18585267266

1001011000
1 10110001 0.209851205747
0 0010110000 0.790148794253

11
0 110 0.7341904306
1 111 0.2658095694

1001001010
1 010010101 0.222501571339
0 0010010100 0.777498428661

0010010011
1 0100111 0.279338842975
0 100110 0.720661157025

1001001000
1 010001 0.169377541445
0 10010000 0.830622458555

1100100101
1 1011 0.28390596745
0 001010 0.71609403255

1110010011
1 1100100111 0.308016877637
0 1100100110 0.691983122363

0011100101
1 001011 0.290132547865
0 0111001010 0.709867452135

100000110
0 1000001100 0.774356811472
1 1000001101 0.225643188528

1000001101
1 1011 0.257943925234
0 011010 0.742056074766

1000001100
1 00011001 0.192992011619
0 00011000 0.807007988381

10000010
0 100000100 0.8379650434
1 100000101 0.1620349566

100000101
0 1000001010 0.770252517881
1 1000001011 0.229747482119

1000001011
1 0111 0.273189326557
0 110 0.726810673443

1000001010
1 0101 0.19840818647
0 000010100 0.80159181353

000010100
0 0000101000 0.827096840063
1 0000101001 0.172903159937

0000101000
1 010001 0.158190346871
0 0001010000 0.841809653129

100000100
0 1000001000 0.858227490827
1 1000001001 0.141772509173

1000001001
1 0011 0.209038423253
0 010010 0.790961576747

1000001000
1 010001 0.130594928799
0 010000 0.869405071201

010000
0 0100000 0.893148695298
1 0100001 0.106851304702

0100001
0 01000010 0.809902428125
1 01000011 0.190097571875

01000011
0 010000110 0.740229209521
1 010000111 0.259770790479

010000111
0 0100001110 0.702488687783
1 1111 0.297511312217

010000110
0 0100001100 0.768426624322
1 0100001101 0.231573375678

0100001101
1 00011011 0.264
0 1000011010 0.736

0100001100
1 011001 0.201825383158
0 011000 0.798174616842

01000010
0 010000100 0.831658811358
1 010000101 0.168341188642

010000100
0 0100001000 0.847482929257
1 0100001001 0.152517070743

0100001001
1 11 0.220047127062
0 1000010010 0.779952872938

0100001000
1 010001 0.134655532359
0 10000 0.865344467641

0100000
0 01000000 0.905658485947
1 1000001 0.0943415140532

01000000
0 0000000 0.916851760296
1 010000001 0.0831482397042

010000001
0 0100000010 0.835492841084
1 0100000011 0.164507158916

0100000011
1 1000000111 0.231792843014
0 0000110 0.768207156986

0100000010
1 1000000101 0.148567786708
0 1000000100 0.851432213292

1000000100
1 0001001 0.133405488444
0 01000 0.866594511556

01000
0 010000 0.879347266982
1 010001 0.120652733018

1000000101
1 0001011 0.221898660454
0 0001010 0.778101339546

1100100001
1 1000011 0.201702685003
0 1001000010 0.798297314997

1001001
0 10010010 0.761136943153
1 10010011 0.238863056847

1100101
0 11001010 0.71316648531
1 11001011 0.28683351469

11001011
0 110010110 0.710925644917
1 110010111 0.289074355083

110010110
0 1100101100 0.75667022412
1 1100101101 0.24332977588

11001010
0 110010100 0.73573390296
1 110010101 0.26426609704

110010101
0 1100101010 0.737875288684
1 1100101011 0.262124711316

110010100
0 1100101000 0.790128577354
1 1100101001 0.209871422646

0110111000
1 1110001 0.25
0 1101110000 0.75

1101110000
1 1011100001 0.223266745006
0 1011100000 0.776733254994

100110110
0 1001101100 0.72380952381
1 1001101101 0.27619047619

10011010
0 100110100 0.735390091961
1 100110101 0.264609908039

100110100
0 1001101000 0.766841468334
1 1001101001 0.233158531666

1001100
0 10011000 0.774155428889
1 10011001 0.225844571111

10011001
0 100110010 0.738688827331
1 100110011 0.261311172669

100110011
0 1001100110 0.70789163722
1 1001100111 0.29210836278

1001100110
1 11001101 0.242928452579
0 11001100 0.757071547421

100110010
0 1001100100 0.775
1 1001100101 0.225

10011000
0 100110000 0.801472568914
1 100110001 0.198527431086

100110001
0 1001100010 0.751243781095
1 1100011 0.248756218905

10010
0 100100 0.794553468592
1 100101 0.205446531408

00110000
0 001100000 0.844503129484
1 001100001 0.155496870516

001100001
0 0011000010 0.785370419898
1 0011000011 0.214629580102

0011000010
1 101 0.19547079857
0 110000100 0.80452920143

001100000
0 0011000000 0.864526136951
1 1000001 0.135473863049

0011000000
1 0110000001 0.118652274216
0 0000000 0.881347725784

1110000111
1 1111 0.254545454545
0 1100001110 0.745454545455

0111000010
1 1110000101 0.199541284404
0 1110000100 0.800458715596

011100000
0 0111000000 0.837658418829
1 1000001 0.162341581171

110001
0 1100010 0.751494587171
1 1100011 0.248505412829

100111001
0 1001110010 0.704288939052
1 1001110011 0.295711060948

1001110010
1 11100101 0.238782051282
0 0011100100 0.761217948718

0011101
0 00111010 0.700277520814
1 00111011 0.299722479186

11
0 110 0.7341904306
1 111 0.2658095694

1000100110
1 001101 0.234205488194
0 0001001100 0.765794511806

100010010
0 1000100100 0.791503708699
1 1000100101 0.208496291301

1000100101
1 1011 0.255498059508
0 1001010 0.744501940492

10001000
0 100010000 0.851978937373
1 010001 0.148021062627

100010000
0 1000100000 0.8684363839
1 1000100001 0.1315636161

1000100001
1 011 0.190026954178
0 1000010 0.809973045822

0101110000
1 011100001 0.195295162006
0 011100000 0.804704837994

011010110
0 0110101100 0.709611451943
1 0110101101 0.290388548057

0110101101
1 1 0.31338028169
0 1101011010 0.68661971831

0110101100
1 1101011001 0.230547550432
0 1101011000 0.769452449568

1101011000
1 1010110001 0.240522875817
0 10110000 0.759477124183

1101011001
1 0110011 0.295964125561
0 1010110010 0.704035874439

01101010
0 011010100 0.752597584948
1 011010101 0.247402415052

0110011011
1 100110111 0.322580645161
0 10110 0.677419354839

1011001100
1 011001 0.24633431085
0 110011000 0.75366568915

10110010
0 101100100 0.763585434174
1 101100101 0.236414565826

1011000
0 10110000 0.788811007269
1 10110001 0.211188992731

110101101
0 1101011010 0.675191815857
1 1101011011 0.324808184143

1101011011
1 10111 0.220472440945
0 10110110 0.779527559055

10110110
0 101101100 0.705957719411
1 101101101 0.294042280589

101101010
0 1011010100 0.748407643312
1 1011010101 0.251592356688

10110100
0 101101000 0.760230849948
1 101101001 0.239769150052

0001101100
1 011001 0.251744765703
0 1011000 0.748255234297

00011010
0 000110100 0.763034847816
1 000110101 0.236965152184

000110101
0 0001101010 0.739761727476
1 0001101011 0.260238272524

000110100
0 0001101000 0.77985894323
1 0001101001 0.22014105677

0001101000
1 010001 0.198813936249
0 0011010000 0.801186063751

1101000010
1 101 0.188790560472
0 1010000100 0.811209439528

110100000
0 1101000000 0.85003375446
1 1000001 0.14996624554

011101001
0 0111010010 0.723684210526
1 0111010011 0.276315789474

0111010011
1 1110100111 0.261904761905
0 1110100110 0.738095238095

1110100110
1 001101 0.274074074074
0 101001100 0.725925925926

0110011100
1 100111001 0.251874062969
0 1100111000 0.748125937031

1100111000
1 1001110001 0.236806495264
0 1110000 0.763193504736

1001110001
1 1 0.245704467354
0 0011100010 0.754295532646

01100110
0 011001100 0.737055250217
1 011001101 0.262944749783

011001100
0 0110011000 0.753924646782
1 0110011001 0.246075353218

0110010
0 01100100 0.774594144582
1 01100101 0.225405855418

011000
0 0110000 0.814396755661
1 0110001 0.185603244339

10101101
0 101011010 0.686088856519
1 101011011 0.313911143481

011101010
0 0111010100 0.755577109602
1 0111010101 0.244422890398

01110100
0 011101000 0.761194029851
1 011101001 0.238805970149

011101000
0 0111010000 0.787065703474
1 010001 0.212934296526

1110011100
1 1100111001 0.238095238095
0 1100111000 0.761904761905

1100111001
1 1001110011 0.300411522634
0 10 0.699588477366

11100110
0 111001100 0.734353268428
1 111001101 0.265646731572

111001101
0 1110011010 0.712041884817
1 1110011011 0.287958115183

1110011011
1 11 0.236363636364
0 0110110 0.763636363636

0110110
0 01101100 0.709846499438
1 01101101 0.290153500562

1110011010
1 101 0.264705882353
0 100110100 0.735294117647

111001100
0 1110011000 0.735795454545
1 1110011001 0.264204545455

1110011001
1 1100110011 0.236559139785
0 110010 0.763440860215

110010
0 1100100 0.766893262987
1 1100101 0.233106737013

1110010
0 11100100 0.745941864855
1 11100101 0.254058135145

111000
0 1110000 0.778220999541
1 1110001 0.221779000459

00011101
0 000111010 0.709276299428
1 000111011 0.290723700572

1010000110
1 0001101 0.257301808067
0 01100 0.742698191933

101000010
0 1010000100 0.8131614654
1 1010000101 0.1868385346

10100000
0 101000000 0.866983740309
1 1000001 0.133016259691

1
0 10 0.811064214652
1 11 0.188935785348

1110101001
1 101010011 0.231046931408
0 1101010010 0.768953068592

0101110100
1 1101001 0.241935483871
0 1011101000 0.758064516129

1011101000
1 010001 0.228048780488
0 11010000 0.771951219512

1101011100
1 11001 0.271812080537
0 010111000 0.728187919463

11010110
0 110101100 0.716461203771
1 110101101 0.283538796229

110101100
0 1101011000 0.774291497976
1 1101011001 0.225708502024

1101010
0 11010100 0.748972803757
1 11010101 0.251027196243

11010101
0 110101010 0.706157443492
1 110101011 0.293842556508

110101011
0 1101010110 0.74801061008
1 1101010111 0.25198938992

1101010111
1 11 0.252631578947
0 1010101110 0.747368421053

1101010110
1 10101101 0.269503546099
0 1010101100 0.730496453901

110101010
0 1101010100 0.743929359823
1 1101010101 0.256070640177

1101010101
1 0101011 0.241379310345
0 01010 0.758620689655

11010100
0 110101000 0.765935214211
1 110101001 0.234064785789

110101001
0 1101010010 0.743303571429
1 1101010011 0.256696428571

1101010011
1 11 0.269565217391
0 010100110 0.730434782609

110100
0 1101000 0.767844128079
1 1101001 0.232155871921

1011011100
1 0110111001 0.297794117647
0 10111000 0.702205882353

10110110
0 101101100 0.705957719411
1 101101101 0.294042280589

1011010
0 10110100 0.737330754352
1 10110101 0.262669245648

101100
0 1011000 0.75804388468
1 1011001 0.24195611532

11
0 110 0.7341904306
1 111 0.2658095694

0110111010
1 10101 0.224489795918
0 110100 0.775510204082

011011100
0 0110111000 0.704965920156
1 0110111001 0.295034079844

0110110
0 01101100 0.709846499438
1 01101101 0.290153500562

011010
0 0110100 0.751660293822
1 0110101 0.248339706178

01100
0 011000 0.79326355974
1 011001 0.20673644026

111
0 1110 0.692302414929
1 1111 0.307697585071

1100111010
1 01110101 0.282258064516
0 1001110100 0.717741935484

110011100
0 1100111000 0.752545824847
1 1100111001 0.247454175153

1100110
0 11001100 0.736261491318
1 11001101 0.263738508682

110010
0 1100100 0.766893262987
1 1100101 0.233106737013

11000
0 110000 0.806159628334
1 110001 0.193840371666

0011101
0 00111010 0.700277520814
1 00111011 0.299722479186

011100110
0 0111001100 0.725856697819
1 0111001101 0.274143302181

01110010
0 011100100 0.742440604752
1 011100101 0.257559395248

1001110110
1 1101101 0.248275862069
0 0011101100 0.751724137931

100111010
0 1001110100 0.721329046088
1 1001110101 0.278670953912

10011100
0 100111000 0.75168161435
1 100111001 0.24831838565

100111000
0 1001110000 0.782997762864
1 1001110001 0.217002237136

1001110000
1 1100001 0.19
0 11100000 0.81

101110010
0 1011100100 0.737595419847
1 1011100101 0.262404580153

1011100101
1 111001011 0.269090909091
0 11001010 0.730909090909

10111000
0 101110000 0.771755345599
1 101110001 0.228244654401

100010110
0 1000101100 0.738903394256
1 1000101101 0.261096605744

1000101101
1 1011 0.276666666667
0 0001011010 0.723333333333

1000101100
1 1011001 0.230270906949
0 001011000 0.769729093051

10001010
0 100010100 0.771971011534
1 100010101 0.228028988466

100010101
0 1000101010 0.740823634736
1 1000101011 0.259176365264

1000101011
1 0111 0.312607944732
0 1010110 0.687392055268

1000101010
1 001010101 0.23746223565
0 1010100 0.76253776435

100010100
0 1000101000 0.807219357398
1 1000101001 0.192780642602

1000101001
1 0011 0.253772290809
0 1010010 0.746227709191

1000101000
1 010001 0.166748566749
0 01010000 0.833251433251

01110000
0 011100000 0.813850687623
1 011100001 0.186149312377

1110111001
1 1110011 0.304347826087
0 110010 0.695652173913

01110110
0 011101100 0.727331189711
1 011101101 0.272668810289

011101101
0 0111011010 0.698113207547
1 0111011011 0.301886792453

0111011011
1 10111 0.265625
0 1110110110 0.734375

1110110110
1 1101101101 0.317880794702
0 1101101100 0.682119205298

0111011010
1 1110110101 0.260135135135
0 10110100 0.739864864865

011101100
0 0111011000 0.741821396994
1 0111011001 0.258178603006

0111011000
1 110001 0.240762812872
0 1110110000 0.759237187128

0111010
0 01110100 0.726183685111
1 01110101 0.273816314889

011100
0 0111000 0.752381873579
1 0111001 0.247618126421

0110
0 01100 0.772757029094
1 01101 0.227242970906

1011101100
1 11001 0.256097560976
0 0111011000 0.743902439024

0111
0 01110 0.699484689327
1 1111 0.300515310673

1110111010
1 101110101 0.236641221374
0 10100 0.763358778626

111011100
0 1110111000 0.738636363636
1 1110111001 0.261363636364

1110111000
1 101110001 0.210256410256
0 1101110000 0.789743589744

1110110
0 11101100 0.715341156019
1 11101101 0.284658843981

11101101
0 111011010 0.688549618321
1 111011011 0.311450381679

111011011
0 1110110110 0.740196078431
1 1110110111 0.259803921569

1110110111
1 1111 0.358490566038
0 1101101110 0.641509433962

111010
0 1110100 0.72404055962
1 1110101 0.27595944038

11100
0 111000 0.747020139745
1 111001 0.252979860255

1110100110
1 001101 0.274074074074
0 101001100 0.725925925926

111010010
0 1110100100 0.725198412698
1 1110100101 0.274801587302

1110100100
1 1101001001 0.179206566347
0 101001000 0.820793433653

11101000
0 111010000 0.782578069969
1 010001 0.217421930031

111010000
0 1110100000 0.820882088209
1 1110100001 0.179117911791

1110100001
1 1101000011 0.187604690117
0 1101000010 0.812395309883

101011100
0 1010111000 0.728846153846
1 1010111001 0.271153846154

1010110
0 10101100 0.72251414713
1 10101101 0.27748585287

101010
0 1010100 0.758447085691
1 1010101 0.241552914309

10100
0 101000 0.802757904079
1 101001 0.197242095921

0011011100
1 11001 0.294039735099
0 0110111000 0.705960264901

00110110
0 001101100 0.711451996826
1 001101101 0.288548003174

001101101
0 0011011010 0.707607699358
1 0011011011 0.292392300642

0011011011
1 0110110111 0.291536050157
0 10110 0.708463949843

001101100
0 0011011000 0.74312267658
1 0011011001 0.25687732342

0011011001
1 0110110011 0.261939218524
0 110010 0.738060781476

0011011000
1 0110110001 0.224612306153
0 0110110000 0.775387693847

0011010
0 00110100 0.756697946416
1 00110101 0.243302053584

001100
0 0011000 0.80307974989
1 0011001 0.19692025011

00111
0 001110 0.707107086506
1 1111 0.292892913494

1100000010
1 000101 0.172072072072
0 100 0.827927927928

1
0 10 0.811064214652
1 11 0.188935785348

1001100001
1 0011000011 0.230417754569
0 1000010 0.769582245431

100110001
0 1001100010 0.751243781095
1 1100011 0.248756218905

110011001
0 1100110010 0.756070640177
1 1100110011 0.243929359823

11001101
0 110011010 0.698683191325
1 110011011 0.301316808675

11
0 110 0.7341904306
1 111 0.2658095694

1101110010
1 1100101 0.28125
0 1011100100 0.71875

110111000
0 1101110000 0.763913824057
1 1101110001 0.236086175943

1101110001
1 1100011 0.285171102662
0 11100010 0.714828897338

101110110
0 1011101100 0.691983122363
1 1011101101 0.308016877637

1011100
0 10111000 0.735686848363
1 10111001 0.264313151637

10110
0 101100 0.734878339781
1 101101 0.265121660219

1010
0 10100 0.778006079949
1 10101 0.221993920051

100
0 1000 0.851229296479
1 1001 0.148770703521

1101110110
1 1 0.287671232877
0 011101100 0.712328767123

110111010
0 1101110100 0.771764705882
1 1101110101 0.228235294118

1101110101
1 01011 0.298969072165
0 01010 0.701030927835

1101110100
1 1011101001 0.219512195122
0 11101000 0.780487804878

1011101001
1 11010011 0.285714285714
0 0111010010 0.714285714286

11011100
0 110111000 0.716398713826
1 110111001 0.283601286174

110110
0 1101100 0.711500719613
1 1101101 0.288499280387

11010
0 110100 0.743882603824
1 110101 0.256117396176

1100
0 11000 0.78223764802
1 11001 0.21776235198

0101110110
1 1101 0.317073170732
0 101100 0.682926829268

010111010
0 0101110100 0.709246901811
1 0101110101 0.290753098189

01011100
0 010111000 0.743353783231
1 010111001 0.256646216769

010111001
0 0101110010 0.725099601594
1 0101110011 0.274900398406

0101110011
1 0111 0.304347826087
0 1100110 0.695652173913

0101110010
1 0101 0.254120879121
0 1011100100 0.745879120879

010110
0 0101100 0.743804956035
1 0101101 0.256195043965

0101101
0 01011010 0.709633385335
1 01011011 0.290366614665

01011011
0 010110110 0.723304231028
1 010110111 0.276695768972

010110111
0 0101101110 0.648058252427
1 1111 0.351941747573

0101101110
1 1011011101 0.277153558052
0 011011100 0.722846441948

01010
0 010100 0.788371173861
1 010101 0.211628826139

0100
0 01000 0.863999637207
1 01001 0.136000362793

01001
0 010010 0.784536896042
1 010011 0.215463103958

0011
0 00110 0.761369217169
1 00111 0.238630782831

1000001
0 10000010 0.817893413289
1 10000011 0.182106586711

0100001
0 01000010 0.809902428125
1 01000011 0.190097571875

11101001
0 111010010 0.729377713459
1 111010011 0.270622286541

01110101
0 011101010 0.715972222222
1 011101011 0.284027777778

111011
0 1110110 0.681374000592
1 1110111 0.318625999408

0100011100
1 000111001 0.250805585392
0 1000111000 0.749194414608

01000110
0 010001100 0.761175337187
1 010001101 0.238824662813

010001101
0 0100011010 0.733763614361
1 0100011011 0.266236385639

0100011011
1 10111 0.3
0 1000110110 0.7

0100011010
1 1000110101 0.2572842221
0 110100 0.7427157779

010001100
0 00011000 0.791165675231
1 0100011001 0.208834324769

0100011001
1 00110011 0.254545454545
0 1000110010 0.745454545455

0100010
0 01000100 0.817057646845
1 1000101 0.182942353155

01000100
0 010001000 0.833963943913
1 010001001 0.166036056087

010001001
0 0100010010 0.776273458445
1 0100010011 0.223726541555

0100010011
1 100111 0.282204913122
0 0110 0.717795086878

0100010010
1 0100101 0.206182006562
0 1000100100 0.793817993438

010001000
0 0100010000 0.856258340005
1 010001 0.143741659995

0100010000
1 1 0.126885675103
0 1000100000 0.873114324897

0110010000
1 100001 0.15435410648
0 100100000 0.84564589352

0011001001
1 0110010011 0.259005145798
0 10010010 0.740994854202

0001100101
1 0011001011 0.280428954424
0 0011001010 0.719571045576

10011
0 100110 0.726251044119
1 100111 0.273748955881

0000001101
1 011011 0.254885197851
0 000011010 0.745114802149

000000010
0 0000000100 0.893383358632
1 0000000101 0.106616641368

0000000101
1 0000001011 0.194415796755
0 0000001010 0.805584203245

0000001010
1 00010101 0.184547926958
0 0000010100 0.815452073042

0000010100
1 0000101001 0.16986969715
0 0000101000 0.83013030285

0000001011
1 0000010111 0.269837691614
0 00010110 0.730162308386

0000010111
1 1111 0.300991501416
0 0000101110 0.699008498584

0000101110
1 001011101 0.271193589203
0 011100 0.728806410797

0000000100
1 1 0.0992216088352
0 0000001000 0.900778391165

0000001000
1 010001 0.0939946012663
0 0000010000 0.906005398734

0000010000
1 0000100001 0.0880516476562
0 0000100000 0.911948352344

0000100000
1 1000001 0.0827192536946
0 0001000000 0.917280746305

0001000000
1 0010000001 0.0758793072666
0 0000000 0.924120692733

0010000001
1 00011 0.161704509674
0 0100000010 0.838295490326

0000100001
1 001000011 0.180928638205
0 0001000010 0.819071361795

0001000010
1 10000101 0.160834344561
0 100 0.839165655439

001000011
0 0010000110 0.745946604901
1 0010000111 0.254053395099

0010000111
1 1111 0.289827255278
0 0100001110 0.710172744722

0010000110
1 0100001101 0.225527046903
0 0100001100 0.774472953097

1110000001
1 000011 0.203473945409
0 1100000010 0.796526054591

1000001
0 10000010 0.817893413289
1 10000011 0.182106586711

011100001
0 0111000010 0.766930518909
1 0111000011 0.233069481091

11001
0 110010 0.739246202888
1 110011 0.260753797112

00011101
0 000111010 0.709276299428
1 000111011 0.290723700572

1000000110
1 01101 0.204644138191
0 0001100 0.795355861809

100000010
0 1000000100 0.847571982363
1 1000000101 0.152428017637

0000000
0 0000000 0.990628671117
1 00000001 0.00937130660711

1000001
0 10000010 0.817893413289
1 10000011 0.182106586711

0100001
0 01000010 0.809902428125
1 01000011 0.190097571875

010001
0 0100010 0.797407230174
1 0100011 0.202592769826

1110001001
1 0010011 0.260147601476
0 010010 0.739852398524

1000101
0 10001010 0.751822576932
1 10001011 0.248177423068

001110000
0 0011100000 0.8195785777
1 0011100001 0.1804214223

0011100001
1 0111000011 0.231143552311
0 111000010 0.768856447689

11001
0 110010 0.739246202888
1 110011 0.260753797112

1010011101
1 11011 0.366666666667
0 100111010 0.633333333333

11
0 110 0.7341904306
1 111 0.2658095694

0110100110
1 101001101 0.240336134454
0 1100 0.759663865546

011010010
0 0110100100 0.764246682279
1 0110100101 0.235753317721

01101000
0 011010000 0.79928967429
1 010001 0.20071032571

1
0 10 0.811064214652
1 11 0.188935785348

11011
0 110110 0.699652142073
1 110111 0.300347857927

1110101100
1 1001 0.214285714286
0 1101011000 0.785714285714

11
0 110 0.7341904306
1 111 0.2658095694

1011101010
1 101 0.224199288256
0 0111010100 0.775800711744

101110100
0 1011101000 0.764925373134
1 1011101001 0.235074626866

011
0 0110 0.749355754125
1 0111 0.250644245875

1111011100
1 1001 0.292207792208
0 11000 0.707792207792

11110110
0 111101100 0.690348525469
1 111101101 0.309651474531

111101101
0 1111011010 0.670995670996
1 1111011011 0.329004329004

1111011011
1 110110111 0.25
0 10110 0.75

1111011010
1 10101 0.309677419355
0 110110100 0.690322580645

111101100
0 1111011000 0.749514563107
1 1111011001 0.250485436893

1111011001
1 0011 0.232558139535
0 10010 0.767441860465

1111011000
1 110110001 0.227979274611
0 1110110000 0.772020725389

1111010
0 11110100 0.719589257504
1 11110101 0.280410742496

11110101
0 111101010 0.730985915493
1 111101011 0.269014084507

111101011
0 1111010110 0.623036649215
1 1111010111 0.376963350785

1111010111
1 11 0.305555555556
0 1110101110 0.694444444444

1111010110
1 1110101101 0.352941176471
0 101100 0.647058823529

111101010
0 1111010100 0.71098265896
1 1111010101 0.28901734104

1111010101
1 1 0.293333333333
0 110101010 0.706666666667

1111010100
1 1001 0.230352303523
0 101000 0.769647696477

11110100
0 111101000 0.742041712404
1 111101001 0.257958287596

111101001
0 1111010010 0.740425531915
1 1111010011 0.259574468085

1111010011
1 1110100111 0.311475409836
0 1110100110 0.688524590164

1111010010
1 0101 0.284482758621
0 10100100 0.715517241379

111101000
0 1111010000 0.772928994083
1 010001 0.227071005917

1111010000
1 01 0.178947368421
0 1110100000 0.821052631579

111100
0 1111000 0.734006338772
1 1111001 0.265993661228

1111001
0 11110010 0.703442188879
1 11110011 0.296557811121

11110011
0 111100110 0.706845238095
1 111100111 0.293154761905

111100111
0 1111001110 0.659898477157
1 1111 0.340101522843

1111001110
1 101 0.3
0 11100 0.7

111100110
0 1111001100 0.751578947368
1 1111001101 0.248421052632

1111001101
1 1 0.220338983051
0 110011010 0.779661016949

1111001100
1 1001 0.263305322129
0 110011000 0.736694677871

11110010
0 111100100 0.754077791719
1 111100101 0.245922208281

111100101
0 1111001010 0.724489795918
1 1111001011 0.275510204082

1111001011
1 11 0.314814814815
0 1110010110 0.685185185185

1111001010
1 101 0.257042253521
0 1110010100 0.742957746479

111100100
0 1111001000 0.765391014975
1 1111001001 0.234608985025

1111001001
1 1110010011 0.269503546099
0 110010010 0.730496453901

1111001000
1 010001 0.185869565217
0 110010000 0.814130434783

1111000
0 11110000 0.760754837678
1 11110001 0.239245162322

11110001
0 111100010 0.72192513369
1 1100011 0.27807486631

111100010
0 1111000100 0.774074074074
1 1000101 0.225925925926

1111000100
1 1110001001 0.197368421053
0 1110001000 0.802631578947

11110000
0 111100000 0.779482867353
1 111100001 0.220517132647

111100001
0 1111000010 0.752144899905
1 1111000011 0.247855100095

1111000011
1 111 0.261538461538
0 1110000110 0.738461538462

1111000010
1 0101 0.191381495564
0 110000100 0.808618504436

111100000
0 1111000000 0.821467098166
1 1000001 0.178532901834

1111000000
1 1 0.144451739987
0 0000000 0.855548260013

110001110
0 1100011100 0.706462212486
1 1100011101 0.293537787514

1100011101
1 00111011 0.287313432836
0 11010 0.712686567164

1100011100
1 111001 0.26976744186
0 111000 0.73023255814

11000110
0 110001100 0.755582377791
1 110001101 0.244417622209

110001101
0 1100011010 0.70987654321
1 1100011011 0.29012345679

1100011011
1 11 0.289361702128
0 10110 0.710638297872

1100011010
1 0110101 0.257391304348
0 1000110100 0.742608695652

110001100
0 00011000 0.788738019169
1 1100011001 0.211261980831

1100011001
1 110011 0.262759924386
0 0110010 0.737240075614

0001100010
1 1000101 0.202503565204
0 0011000100 0.797496434796

000110000
0 0001100000 0.84818077365
1 0001100001 0.15181922635

0001100001
1 0011000011 0.210561722166
0 011000010 0.789438277834

0001100000
1 1000001 0.13179204672
0 0011000000 0.86820795328

1000001
0 10000010 0.817893413289
1 10000011 0.182106586711

0000000
0 0000000 0.990628671117
1 00000001 0.00937130660711

1000101
0 10001010 0.751822576932
1 10001011 0.248177423068

1100011
0 11000110 0.718248807976
1 11000111 0.281751192024

010001
0 0100010 0.797407230174
1 0100011 0.202592769826

1111
0 11110 0.676142697882
1 1111 0.323857302118

