0011111
0 1111110 0.660965412391
1 0111111 0.339034587609

0111111
0 1111110 0.656488549618
1 1111111 0.343511450382

0101111
0 1011110 0.675988813424
1 1011111 0.324011186576

1010111
0 1101110 0.677689799721
1 0101111 0.322310200279

1100111
0 1101110 0.657920310982
1 1001111 0.342079689018

1111110
0 1111100 0.675572519084
1 1111101 0.324427480916

1111011
0 1110110 0.691380908248
1 1110111 0.308619091752

1110111
0 1101110 0.674721189591
1 1101111 0.325278810409

1001111
0 011110 0.678476527901
1 0011111 0.321523472099

1111101
0 1111010 0.685402684564
1 1111011 0.314597315436

1111001
0 1110010 0.703442188879
1 1110011 0.296557811121

1110011
0 1100110 0.688697318008
1 1100111 0.311302681992

1101011
0 1010110 0.698227848101
1 1010111 0.301772151899

1011110
0 1111100 0.701899256813
1 0111101 0.298100743187

1101101
0 1011010 0.69433106576
1 1011011 0.30566893424

1101111
0 011110 0.670955882353
1 1011111 0.329044117647

0000111
0 1101110 0.717586348443
1 1001111 0.282413651557

1011011
0 1110110 0.721682847896
1 1110111 0.278317152104

0111101
0 1111010 0.708970649029
1 1111011 0.291029350971

1100011
0 1000110 0.718248807976
1 1100111 0.281751192024

1101110
0 1011100 0.709074327405
1 1111101 0.290925672595

1110101
0 1101010 0.720930232558
1 1101011 0.279069767442

1111100
0 1111000 0.727377300613
1 1111001 0.272622699387

0111001
0 1110010 0.7234375
1 1110011 0.2765625

1110110
0 1101100 0.715341156019
1 1101101 0.284658843981

1010011
0 1100110 0.723716381418
1 1100111 0.276283618582

1001101
0 1011010 0.710881484606
1 1111011 0.289118515394

1001011
0 1010110 0.713966707268
1 1010111 0.286033292732

011110
0 1111100 0.709603841537
1 0111101 0.290396158463

1111010
0 1110100 0.719589257504
1 1110101 0.280410742496

0101101
0 1011010 0.709633385335
1 1011011 0.290366614665

1000011
0 00110 0.737255200793
1 0000111 0.262744799207

1000101
0 001010 0.751822576932
1 1001011 0.248177423068

1000110
0 0001100 0.759821819775
1 1001101 0.240178180225

1011100
0 0111000 0.735686848363
1 0111001 0.264313151637

1101010
0 1010100 0.748972803757
1 1010101 0.251027196243

1101100
0 1011000 0.74273630011
1 1101001 0.25726369989

1111000
0 1110000 0.760754837678
1 1110001 0.239245162322

1110010
0 1100100 0.745941864855
1 1100101 0.254058135145

1110100
0 1101000 0.755007977309
1 1101001 0.244992022691

1110001
0 1100010 0.736406863759
1 1100011 0.263593136241

1010101
0 1001010 0.712720240653
1 1101011 0.287279759347

1100101
0 1001010 0.71316648531
1 1001011 0.28683351469

1100110
0 1001100 0.736261491318
1 1001101 0.263738508682

1011010
0 0110100 0.737330754352
1 1110101 0.262669245648

1101001
0 1010010 0.747174550021
1 1010011 0.252825449979

1010110
0 1001100 0.72251414713
1 0101101 0.27748585287

1011111
0 1111110 0.642429426861
1 0111111 0.357570573139

1111111
0 1111110 0.642857142857
1 1111111 0.357142857143

000011
0 00110 0.779246333286
1 0000111 0.220753666714

000101
0 001010 0.785147606455
1 1001011 0.214852393545

00110
0 0001100 0.784020297147
1 1001101 0.215979702853

001001
0 010010 0.792518049787
1 1010011 0.207481950213

001010
0 1010100 0.796399181252
1 1010101 0.203600818748

0001100
0 1011000 0.810187557651
1 1101001 0.189812442349

0100001
0 1000010 0.809902428125
1 1000011 0.190097571875

0111000
0 1110000 0.785241370444
1 1110001 0.214758629556

010010
0 1100100 0.802278136688
1 1100101 0.197721863312

010001
0 1100010 0.797407230174
1 1100011 0.202592769826

1011000
0 0110000 0.788811007269
1 1110001 0.211188992731

1010100
0 0101000 0.784712242524
1 1101001 0.215287757476

1000001
0 010 0.817893413289
1 000011 0.182106586711

1000010
0 0100 0.82604155011
1 000101 0.17395844989

1100100
0 1001000 0.786994774095
1 1001001 0.213005225905

1101000
0 1010000 0.794785800165
1 1010001 0.205214199835

1110000
0 1100000 0.80421846462
1 1100001 0.19578153538

1100010
0 1000100 0.787070880814
1 1000101 0.212929119186

0011
0 00110 0.761369217169
1 0000111 0.238630782831

0101
0 001010 0.765225281234
1 1001011 0.234774718766

1001001
0 010010 0.761136943153
1 1010011 0.238863056847

1001010
0 1010100 0.767266055046
1 1010101 0.232733944954

1001100
0 1011000 0.774155428889
1 1101001 0.225844571111

1100001
0 1000010 0.776550878
1 1000011 0.223449122

1010010
0 1100100 0.770766540367
1 1100101 0.229233459633

0110100
0 1101000 0.772690763052
1 1101001 0.227309236948

1010001
0 1100010 0.766051886431
1 1100011 0.233948113569

001
0 010 0.844165385817
1 0011 0.155834614183

0101000
0 1010000 0.831674177133
1 1010001 0.168325822867

0110000
0 1100000 0.838692007635
1 1100001 0.161307992365

010
0 0100 0.847508980686
1 0101 0.152491019314

1001000
0 0010000 0.838814606838
1 010001 0.161185393162

1010000
0 0100000 0.846544133292
1 0100001 0.153455866708

1100000
0 1000000 0.854387085716
1 1000001 0.145612914284

0100
0 01000 0.863999637207
1 001001 0.136000362793

1000
0 10000 0.868842633037
1 010001 0.131157366963

1000100
0 1000 0.828766633281
1 001001 0.171233366719

0001000
0 0010000 0.894122631774
1 010001 0.105877368226

0010000
0 0100000 0.899598193456
1 0100001 0.100401806544

0100000
0 1000000 0.905658485947
1 1000001 0.0943415140532

1000000
0 0000000 0.911812962333
1 001 0.0881870376672

0000000
0 0000000 0.990628671117
1 0000001 0.00937130660711

0000100
0 0001000 0.889378897322
1 001001 0.110621102678

01000
0 0010000 0.879347266982
1 010001 0.120652733018

10000
0 0100000 0.884887284568
1 0100001 0.115112715432

0000010
0 0000100 0.884715960726
1 000101 0.115284039274

0000001
0 0000010 0.881417390758
1 000011 0.118582609242

