1111
1 1111 0.323857302118
0 11110 0.676142697882

10111
1 1111 0.320338983051
0 1110 0.679661016949

11110
1 11101 0.297691673537
0 11100 0.702308326463

11101
1 11011 0.302381805158
0 11010 0.697618194842

11011
1 10111 0.300347857927
0 10110 0.699652142073

011
1 10111 0.250644245875
0 0110 0.749355754125

1110
1 11101 0.276682192052
0 11100 0.723317807948

10011
1 10111 0.273748955881
0 10110 0.726251044119

11001
1 10011 0.260753797112
0 10010 0.739246202888

11100
1 11001 0.252979860255
0 11000 0.747020139745

0110
1 01101 0.227242970906
0 1100 0.772757029094

11010
1 10101 0.256117396176
0 10100 0.743882603824

01101
1 1011 0.275206943077
0 11010 0.724793056923

0011
1 00111 0.238630782831
0 00110 0.761369217169

10110
1 1101 0.265121660219
0 1100 0.734878339781

0101
1 1011 0.234774718766
0 01010 0.765225281234

10101
1 1011 0.269137394735
0 1010 0.730862605265

01001
1 10011 0.215463103958
0 10010 0.784536896042

1100
1 11001 0.21776235198
0 11000 0.78223764802

00110
1 01101 0.215979702853
0 1100 0.784020297147

01010
1 10101 0.211628826139
0 10100 0.788371173861

01
1 011 0.171028191227
0 010 0.828971808773

10001
1 10011 0.212332053743
0 10 0.787667946257

10010
1 10101 0.205446531408
0 100 0.794553468592

11000
1 10001 0.193840371666
0 10000 0.806159628334

10100
1 1001 0.197242095921
0 1000 0.802757904079

00001
1 0011 0.133228588724
0 00010 0.866771411276

0100
1 01001 0.136000362793
0 1000 0.863999637207

1000
1 10001 0.131157366963
0 10000 0.868842633037

10000
1 10001 0.115112715432
0 e 0.884887284568

00010
1 00101 0.129682931566
0 0100 0.870317068434

00111
1 10111 0.292892913494
0 1110 0.707107086506

1101
1 11011 0.2830711824
0 11010 0.7169288176

1011
1 10111 0.288404641231
0 10110 0.711595358769

1001
1 10011 0.225817514618
0 10010 0.774182485382

1010
1 10101 0.221993920051
0 10100 0.778006079949

00101
1 1011 0.22499919065
0 01010 0.77500080935

010
1 0101 0.152491019314
0 0100 0.847508980686

0001
1 0011 0.143603590914
0 00010 0.856396409086

001
1 0011 0.155834614183
0 0010 0.844165385817

10
1 10101 0.167395032949
0 100 0.832604967051

100
1 1001 0.148770703521
0 1000 0.851229296479

0010
1 00101 0.140019914991
0 0100 0.859980085009

e
1 10001 0.023219
0 0 0.976781

0
1 01 0.0192797566701
0 00 0.980720222854

00
1 001 0.0163679924131
0 000 0.983631986709

0000
1 00001 0.012483780664
0 0000 0.987516197806

000
1 0001 0.0141647637072
0 0000 0.985835215067

