10001011011
1 00010110111 0.506027323868
0 00010110110 0.493972676132

11111110111
1 11111101111 0.517488295235
0 110 0.482511704765

11011010111
1 10110101111 0.49776523171
0 110 0.50223476829

1011011111
1 10110111111 0.502087800474
0 10110111110 0.497912199526

00010110111
1 0101101111 0.501852832186
0 110 0.498147167814

01001011011
1 10010110111 0.495785924989
0 110 0.504214075011

11101011011
1 10111 0.514507484753
0 110 0.485492515247

01110111011
1 110111 0.504041764904
0 110 0.495958235096

01100101011
1 010111 0.492409867173
0 110 0.507590132827

10111011111
1 10111111 0.499200365547
0 110 0.500799634453

00110010111
1 01100101111 0.500282007896
0 110 0.499717992104

11111101111
1 1111011111 0.505648939102
0 110 0.494351060898

10010101111
1 011111 0.503276262947
0 110 0.496723737053

00101110111
1 1101111 0.498207082026
0 110 0.501792917974

00111110111
1 01111101111 0.50501002004
0 110 0.49498997996

00101001011
1 10010111 0.497167415511
0 110 0.502832584489

10101101011
1 1010111 0.502758913413
0 110 0.497241086587

10111010011
1 01110100111 0.488014032352
0 110 0.511985967648

10110101111
1 01011111 0.510791366906
0 110 0.489208633094

11010010111
1 100101111 0.511899702507
0 110 0.488100297493

11010111111
1 0101111111 0.507713884993
0 110 0.492286115007

00110111111
1 01111111 0.495798319328
0 110 0.504201680672

11001010011
1 10100111 0.497805762259
0 110 0.502194237741

00111010111
1 01110101111 0.509166974283
0 110 0.490833025717

01001010111
1 0010101111 0.510625
0 110 0.489375

00110100111
1 01001111 0.510943792681
0 110 0.489056207319

00101111111
1 01011111111 0.509755550572
0 110 0.490244449428

11110100111
1 101001111 0.521327014218
0 110 0.478672985782

111101011
1 1111010111 0.503201294589
0 1111010110 0.496798705411

11111111011
1 1111110111 0.510711225364
0 110 0.489288774636

10101010111
1 01010101111 0.510886298658
0 110 0.489113701342

10011111111
1 00111111111 0.498140495868
0 00111111110 0.501859504132

1111111011
1 11111110111 0.511552550014
0 111110110 0.488447449986

01111111011
1 11111110111 0.512371420628
0 0110 0.487628579372

1101101011
1 11011010111 0.504929326523
0 11011010110 0.495070673477

01101101011
1 11011010111 0.512926292629
0 1010110 0.487073707371

0101101111
1 1011011111 0.513099955967
0 11001011110 0.486900044033

101101111
1 1011011111 0.508434702777
0 1011011110 0.491565297223

11011101111
1 10111011111 0.508482563619
0 1011110 0.491517436381

0010111011
1 00101110111 0.510935531891
0 00101110110 0.489064468109

1101011011
1 00101110111 0.509520182788
0 1010110110 0.490479817212

10011111011
1 00111110111 0.503328626185
0 111110110 0.496671373815

10010111011
1 00101110111 0.506553911205
0 01110110 0.493446088795

01101001011
1 11010010111 0.501595744681
0 10010110 0.498404255319

10011011111
1 00110111111 0.496585735964
0 11110 0.503414264036

0100101011
1 01001010111 0.499843798813
0 01001010110 0.500156201187

00100101011
1 01001010111 0.506547359232
0 1001010110 0.493452640768

1001010111
1 10010101111 0.509147653896
0 010101110 0.490852346104

1011010111
1 10110101111 0.500337457818
0 10110101110 0.499662542182

0011101011
1 00111010111 0.492336584479
0 0111010110 0.507663415521

10011001011
1 00110010111 0.507877399026
0 11110010110 0.492122600974

1101011111
1 11010111111 0.494623655914
0 11010111110 0.505376344086

11010101011
1 10101010111 0.490892531876
0 10101010110 0.509107468124

01001111111
1 10011111111 0.497839950627
0 10011111110 0.502160049373

10011010011
1 00110100111 0.491861166136
0 00110100110 0.508138833864

1111010011
1 11110100111 0.495856524428
0 11110100110 0.504143475572

010110111
1 0101101111 0.510021896581
0 0101101110 0.489978103419

10010110111
1 101101111 0.516861362134
0 00101101110 0.483138637866

10110111
1 101101111 0.509158900348
0 101101110 0.490841099652

1101110111
1 11011101111 0.501358535145
0 11011101110 0.498641464855

11101110111
1 11011101111 0.49969205502
0 11101110 0.50030794498

100101011
1 1001010111 0.500646551724
0 1001010110 0.499353448276

00100111111
1 01001111111 0.508382369268
0 01111110 0.491617630732

101101011
1 1011010111 0.504368546465
0 1011010110 0.495631453535

0100111111
1 01001111111 0.50810076304
0 01001111110 0.49189923696

011101111
1 0111011111 0.504660692574
0 0111011110 0.495339307426

11101111
1 111011111 0.504187327824
0 111011110 0.495812672176

0011101111
1 0111011111 0.506714147934
0 111011110 0.493285852066

1011011
1 10110111 0.501692878186
0 10110110 0.498307121814

01010011011
1 110111 0.495414402174
0 0110110 0.504585597826

01111011011
1 1110110111 0.50646136926
0 11110110110 0.49353863074

011011
1 0110111 0.501424945247
0 0110110 0.498575054753

11010011011
1 10111 0.501156127476
0 10100110110 0.498843872524

1010011011
1 10100110111 0.498043548313
0 10100110110 0.501956451687

00111011011
1 01110110111 0.501233045623
0 0110110 0.498766954377

01011011
1 010110111 0.501308790003
0 1010110110 0.498691209997

11001011011
1 10010110111 0.488481324089
0 10111110110 0.511518675911

10010011111
1 00100111111 0.505979144743
0 0111110 0.494020855257

11010011111
1 0100111111 0.498576434516
0 0111110 0.501423565484

01110111
1 011101111 0.49880952381
0 011101110 0.50119047619

001110111
1 0011101111 0.496830077405
0 10011101110 0.503169922595

1110111
1 11101111 0.50122198749
0 11101110 0.49877801251

01001001011
1 010111 0.503741152679
0 010010110 0.496258847321

10101110111
1 01011101111 0.506609903652
0 011101110 0.493390096348

01001011
1 010010111 0.502053416389
0 010010110 0.497946583611

01111
1 011111 0.503921380172
0 011110 0.496078619828

111011
1 1110111 0.51214907008
0 1110110 0.48785092992

11101101011
1 10111 0.498850094083
0 10111110110 0.501149905917

010111011
1 0101110111 0.502477198514
0 0101110110 0.497522801486

101011011
1 1010110111 0.503873501008
0 1010110110 0.496126498992

10101011011
1 01010110111 0.498342312474
0 1010110110 0.501657687526

10111
1 101111 0.504674815288
0 101110 0.495325184712

10001110111
1 00011101111 0.493002657219
0 101110 0.506997342781

01010111011
1 110111 0.493071839693
0 0101110110 0.506928160307

10111111011
1 110111 0.501828153565
0 1111110110 0.498171846435

11011
1 110111 0.50747793739
0 110110 0.49252206261

101001011
1 1010010111 0.501350789692
0 1010010110 0.498649210308

0101001011
1 01010010111 0.499545316763
0 01010010110 0.500454683237

1010110111
1 10101101111 0.5100042123
0 10101101110 0.4899957877

0101110111
1 01011101111 0.502408963585
0 101110 0.497591036415

01010110111
1 10101101111 0.511531269478
0 101110 0.488468730522

101111
1 1011111 0.50567830946
0 1011110 0.49432169054

0111101111
1 11011111 0.49834365548
0 01111011110 0.50165634452

00111101111
1 011111 0.511067193676
0 01111011110 0.488932806324

00011101111
1 0111011111 0.511318720805
0 1011110 0.488681279195

0110111011
1 01101110111 0.503431853201
0 01101110110 0.496568146799

0111111011
1 01111110111 0.505410938871
0 1111110110 0.494589061129

110111
1 1101111 0.503680923692
0 1101110 0.496319076308

00101011011
1 0110111 0.498653965624
0 1010110110 0.501346034376

010111
1 0101111 0.505604177392
0 0101110 0.494395822608

01010010111
1 10100101111 0.500202265372
0 0100101110 0.499797734628

1010010111
1 10100101111 0.505906735751
0 10100101110 0.494093264249

0111011
1 01110111 0.516731083951
0 01110110 0.483268916049

11010111011
1 10101110111 0.495620101429
0 01110110 0.504379898571

10011110111
1 00111101111 0.502782193959
0 00111101110 0.497217806041

00110111011
1 10111 0.498499624906
0 01110110 0.501500375094

01011
1 010111 0.504345374763
0 010110 0.495654625237

011011111
1 0110111111 0.500035378193
0 0110111110 0.499964621807

1111
1 11111 0.50464551053
0 11110 0.49535448947

1011111111
1 10111111111 0.505135603001
0 10111111110 0.494864396999

10111111
1 101111111 0.506600903748
0 101111110 0.493399096252

1010111111
1 10101111111 0.503682213792
0 10101111110 0.496317786208

11110111111
1 11101111111 0.497584541063
0 11101111110 0.502415458937

10110111111
1 11101111111 0.50483254664
0 111110 0.49516745336

0110111111
1 11101111111 0.501485778973
0 1111110 0.498514221027

01011101111
1 0111011111 0.494870651204
0 11110 0.505129348796

10101101111
1 011111 0.515176543465
0 11110 0.484823456535

001001011
1 010010111 0.502847413844
0 0010010110 0.497152586156

11111
1 111111 0.505356308935
0 111110 0.494643691065

10111111111
1 111111 0.505140507197
0 1111110 0.494859492803

101111111
1 1011111111 0.505159447327
0 11011111110 0.494840552673

10101111111
1 11111 0.503322995126
0 11011111110 0.496677004874

101011111
1 1010111111 0.502382420539
0 1010111110 0.497617579461

01100101111
1 1011111 0.508788827354
0 11001011110 0.491211172646

11101111111
1 11011111111 0.515099223469
0 11011111110 0.484900776531

11011011111
1 1111 0.504761904762
0 10111110 0.495238095238

1011111
1 10111111 0.50425186531
0 10111110 0.49574813469

1111011111
1 11110111111 0.495983086681
0 11110111110 0.504016913319

111011111
1 11110111111 0.502731941864
0 01110111110 0.497268058136

11011111
1 11110111111 0.501556960074
0 110111110 0.498443039926

0111011111
1 0110111111 0.507004550727
0 01110111110 0.492995449273

011111
1 0111111 0.505364244095
0 0111110 0.494635755905

01101110111
1 101111 0.503617139677
0 11011101110 0.496382860323

01111110111
1 101111 0.506365740741
0 11101110 0.493634259259

00100100111
1 1111 0.503471142887
0 01001110 0.496528857113

1101111
1 11011111 0.506488233733
0 11011110 0.493511766267

111101111
1 1111011111 0.503441424821
0 1111011110 0.496558575179

01111101111
1 011111 0.511218403863
0 1111011110 0.488781596137

00101111011
1 1110111 0.503789567543
0 11110110 0.496210432457

10010001011
1 0010111 0.516650438169
0 0100010110 0.483349561831

1110110111
1 11101101111 0.511374768695
0 00101101110 0.488625231305

01011001011
1 0010111 0.504682622268
0 10110010110 0.495317377732

1001011
1 10010111 0.502740919825
0 10010110 0.497259080175

1010001011
1 10100010111 0.515954732387
0 10100010110 0.484045267613

10001001011
1 00010010111 0.508435056919
0 0010010110 0.491564943081

001011
1 0010111 0.509316437486
0 0010110 0.490683562514

01111011
1 011110111 0.501452749328
0 011110110 0.498547250672

011111011
1 0111110111 0.508524994559
0 0111110110 0.491475005441

101111011
1 011110111 0.501916147114
0 1011110110 0.498083852886

1111011
1 11110111 0.505004253163
0 11110110 0.494995746837

0110111
1 01101111 0.506935433762
0 01101110 0.493064566238

10100110111
1 01101111 0.504667714206
0 01001101110 0.495332285794

10110110111
1 01101111 0.507372654155
0 101110 0.492627345845

10011101011
1 0111010111 0.50110864745
0 10111110110 0.49889135255

1110010011
1 11100100111 0.491452991453
0 11100100110 0.508547008547

010010011
1 0100100111 0.486670724285
0 0100100110 0.513329275715

01010010011
1 00100111 0.48301476583
0 10100100110 0.51698523417

01110010011
1 11100100111 0.492169488831
0 00100110 0.507830511169

0010011
1 00100111 0.493851201185
0 00100110 0.506148798815

10010010011
1 0100111 0.488442931374
0 00100110 0.511557068626

00101011
1 001010111 0.499739190117
0 001010110 0.500260809883

11110010011
1 100100111 0.490390284165
0 11100100110 0.509609715835

0101111
1 01011111 0.504923851223
0 01011110 0.495076148777

10100101111
1 01011111 0.499385497747
0 001011110 0.500614502253

010010111
1 0100101111 0.503980236069
0 0100101110 0.496019763931

11110010111
1 1100101111 0.514701986755
0 101110 0.485298013245

111111
1 1111111 0.505348541986
0 1111110 0.494651458014

11011111111
1 1111111 0.512378640777
0 11111110 0.487621359223

0111111
1 01111111 0.507142452777
0 01111110 0.492857547223

010001011
1 0100010111 0.517173617293
0 0100010110 0.482826382707

11100101011
1 01010111 0.509597131407
0 1001010110 0.490402868593

0010010011
1 00100100111 0.48937680645
0 100100110 0.51062319355

00111011
1 001110111 0.526040252841
0 001110110 0.473959747159

01000111011
1 10001110111 0.528921231807
0 10001110110 0.471078768193

00100111011
1 110111 0.534486395275
0 001110110 0.465513604725

11010100111
1 1111 0.514307068119
0 101001110 0.485692931881

10110010011
1 0100111 0.490192344315
0 100100110 0.509807655685

10010011
1 100100111 0.49555790333
0 100100110 0.50444209667

110010011
1 1100100111 0.50420426822
0 1100100110 0.49579573178

0010011111
1 00100111111 0.505982809954
0 10100111110 0.494017190046

010011111
1 0100111111 0.507344752612
0 10100111110 0.492655247388

11111101011
1 10111 0.509573304158
0 111010110 0.490426695842

00010011111
1 1111 0.505988023952
0 10100111110 0.494011976048

00010010111
1 101111 0.501213919612
0 00101110 0.498786080388

10100010111
1 0101111 0.499883639749
0 00101110 0.500116360251

1101101111
1 11011011111 0.503355704698
0 1011011110 0.496644295302

11101101111
1 1011111 0.501064282673
0 1011011110 0.498935717327

01101101111
1 011111 0.50630828305
0 1011011110 0.49369171695

110110111
1 1101101111 0.508222682422
0 1101101110 0.491777317578

01110110111
1 11101101111 0.513577546929
0 1101101110 0.486422453071

00011101011
1 1010111 0.488567469253
0 111010110 0.511432530747

11110101011
1 11101010111 0.496082139962
0 11101010110 0.503917860038

101011
1 1010111 0.49966885987
0 1010110 0.50033114013

01010101011
1 1010111 0.505496828753
0 10101010110 0.494503171247

011101011
1 0111010111 0.496063921908
0 0111010110 0.503936078092

1011101011
1 10111010111 0.502977862681
0 111010110 0.497022137319

1111101011
1 11111010111 0.505127854506
0 11111010110 0.494872145494

01101011
1 011010111 0.501849391317
0 011010110 0.498150608683

1101011
1 11111010111 0.499955533157
0 11010110 0.500044466843

0101101011
1 011010111 0.50385576192
0 01011010110 0.49614423808

10010111
1 100101111 0.505074510023
0 11100101110 0.494925489977

0010111
1 00101111 0.50355323848
0 00101110 0.49644676152

1110010111
1 1100101111 0.50669236535
0 11100101110 0.49330763465

110010111
1 1100101111 0.506210118505
0 1100101110 0.493789881495

0101011
1 01010111 0.499398163699
0 01010110 0.500601836301

01011011011
1 10110111 0.510602205259
0 1110110110 0.489397794741

111011011
1 1110110111 0.503094025519
0 1110110110 0.496905974481

11111011011
1 0110111 0.508901670775
0 1110110110 0.491098329225

11011011
1 110110111 0.502110220809
0 1110110110 0.497889779191

0111011011
1 01110110111 0.50004556639
0 1110110110 0.49995443361

1111001011
1 11110010111 0.498547279451
0 11110010110 0.501452720549

11111001011
1 1110010111 0.497898055702
0 11110010110 0.502101944298

11001011
1 110010111 0.503456386427
0 11110010110 0.496543613573

011110111
1 0111101111 0.502860867676
0 10111101110 0.497139132324

11110111
1 111101111 0.505071139304
0 111101110 0.494928860696

0111110111
1 01111101111 0.502354116136
0 111101110 0.497645883864

010011011
1 0100110111 0.50097799511
0 0100110110 0.49902200489

110111011
1 1101110111 0.503269916766
0 101110110 0.496730083234

11110111011
1 01110111 0.50173657494
0 101110110 0.49826342506

1010111011
1 10101110111 0.494296156828
0 101110110 0.505703843172

10110111011
1 01101110111 0.50637156271
0 101110110 0.49362843729

0100010011
1 01000100111 0.491418695779
0 01000100110 0.508581304221

00100010011
1 0100111 0.492224807151
0 01000100110 0.507775192849

01101111
1 011011111 0.509499260968
0 011011110 0.490500739032

0111010111
1 01110101111 0.510513369833
0 01110101110 0.489486630167

11101010111
1 10101111 0.511537676128
0 0101110 0.488462323872

1010111
1 10101111 0.507570846119
0 10101110 0.492429153881

11100100111
1 1001001111 0.510724637681
0 01001110 0.489275362319

0100100111
1 01001001111 0.508454227114
0 01001110 0.491545772886

00100111
1 001001111 0.504914566547
0 001001110 0.495085433453

01000100111
1 10001001111 0.507503743167
0 10001001110 0.492496256833

0100111
1 01001111 0.509068784857
0 01001110 0.490931215143

001010111
1 0010101111 0.510575179915
0 0010101110 0.489424820085

01110100111
1 01001111 0.513577934792
0 101001110 0.486422065208

11111010111
1 110101111 0.508391987006
0 110101110 0.491608012994

10111010111
1 01110101111 0.512957998213
0 110101110 0.487042001787

10011010111
1 110101111 0.504228121927
0 10110101110 0.495771878073

100100111
1 1001001111 0.503113113841
0 1001001110 0.496886886159

011010111
1 0110101111 0.50175313059
0 10110101110 0.49824686941

1100100111
1 11001001111 0.498097430357
0 1001001110 0.501902569643

0100110111
1 01001101111 0.503221083455
0 01001101110 0.496778916545

1011111011
1 10111110111 0.511443462497
0 10111110110 0.488556537503

11111011
1 111110111 0.508532053826
0 111110110 0.491467946174

11011111011
1 111110111 0.516166550361
0 1110110 0.483833449639

00101011111
1 010111111 0.511332344842
0 111110 0.488667655158

01011111
1 010111111 0.506769993086
0 11010111110 0.493230006914

10110100111
1 01101001111 0.52367013223
0 1101001110 0.47632986777

0110100111
1 01101001111 0.519016519401
0 01101001110 0.480983480599

100101111
1 01001011111 0.503404373097
0 1001011110 0.496595626903

0100101111
1 01001011111 0.499673202614
0 001011110 0.500326797386

00010101011
1 0101010111 0.496280799628
0 1010110 0.503719200372

010101011
1 0101010111 0.494750801194
0 10101010110 0.505249198806

10111011
1 101110111 0.502862760974
0 101110110 0.497137239026

00101111
1 11001011111 0.50343119704
0 001011110 0.49656880296

1100101111
1 11001011111 0.507259425999
0 11001011110 0.492740574001

1111111
1 11111111 0.503592604222
0 11111110 0.496407395778

0101111111
1 01011111111 0.506519558676
0 11011111110 0.493480441324

01111111
1 011111111 0.502511627907
0 10011111110 0.497488372093

01011101011
1 111010111 0.500329453108
0 10111110110 0.499670546892

0100010111
1 01000101111 0.501786178228
0 01000101110 0.498213821772

11101011
1 111010111 0.498624397385
0 111010110 0.501375602615

01111101011
1 111010111 0.500683620454
0 11111010110 0.499316379546

10010101011
1 00101010111 0.486093281985
0 1010110 0.513906718015

10101011
1 101010111 0.499043485709
0 11101010110 0.500956514291

01010111
1 010101111 0.509066449931
0 010101110 0.490933550069

00010100111
1 101001111 0.504622558083
0 01001110 0.495377441917

10100111
1 101001111 0.512800112923
0 101001110 0.487199887077

110101111
1 1101011111 0.506767445948
0 1101011110 0.493232554052

01110101111
1 1101011111 0.501554243084
0 11101011110 0.498445756916

1001001111
1 10010011111 0.503346655752
0 10010011110 0.496653344248

10101111
1 101011111 0.506343844909
0 1101011110 0.493656155091

11110101111
1 101011111 0.512013256007
0 11101011110 0.487986743993

1101010011
1 11010100111 0.485561719115
0 11010100110 0.514438280885

01101010011
1 11010100111 0.48664471277
0 1010100110 0.51335528723

01001001111
1 010011111 0.50098386462
0 10010011110 0.49901613538

01001010011
1 01110100111 0.493289628301
0 10010100110 0.506710371699

0010101111
1 00101011111 0.507962126103
0 1101011110 0.492037873897

0110101111
1 01011111 0.508841985168
0 1101011110 0.491158014832

10001010011
1 00010100111 0.493121902874
0 01010100110 0.506878097126

11101010011
1 10100111 0.484761045987
0 010100110 0.515238954013

11001001111
1 11111 0.505611619353
0 0010011110 0.494388380647

01001111
1 010011111 0.500823329438
0 010011110 0.499176670562

001001111
1 0010011111 0.503678343048
0 0010011110 0.496321656952

10001001111
1 00010011111 0.504150943396
0 0010011110 0.495849056604

001010011
1 0010100111 0.493706443658
0 0010100110 0.506293556342

01010011
1 010100111 0.491219562883
0 010100110 0.508780437117

10101010011
1 01010100111 0.492850241546
0 010100110 0.507149758454

0101010011
1 01010100111 0.490888878148
0 01010100110 0.509111121852

101010011
1 1010100111 0.488318575216
0 1010100110 0.511681424784

11011010011
1 10110100111 0.491262741835
0 10110100110 0.508737258165

01001101111
1 10011011111 0.511298613132
0 10011011110 0.488701386868

111110111
1 111101111 0.507236095346
0 1111101110 0.492763904654

10111110111
1 01111101111 0.500886132034
0 1111101110 0.499113867966

01001111011
1 10011110111 0.500646701821
0 10011110110 0.499353298179

01001101011
1 10011010111 0.497505136484
0 10011010110 0.502494863516

010111111
1 0101111111 0.51009038713
0 0101111110 0.48990961287

01101001111
1 11010011111 0.496052306933
0 1010011110 0.503947693067

011010011
1 0110100111 0.492060491493
0 0110100110 0.507939508507

01011010011
1 10100111 0.493009985735
0 0110100110 0.506990014265

111111011
1 1111110111 0.508539035591
0 1111110110 0.491460964409

00111111011
1 1111110111 0.51177904143
0 0110 0.48822095857

01001011111
1 10010111111 0.510573359494
0 11001011110 0.489426640506

101110111
1 1011101111 0.501897642323
0 11011101110 0.498102357677

11011011011
1 0110110111 0.486702753589
0 110110 0.513297246411

011001011
1 0110010111 0.506038200863
0 0110010110 0.493961799137

011011011
1 0110110111 0.500865830851
0 0110110110 0.499134169149

0111101011
1 1111010111 0.50115942029
0 111010110 0.49884057971

01000101011
1 10001010111 0.498796529527
0 01010110 0.501203470473

0101010111
1 01010101111 0.504355595265
0 10101110 0.495644404735

11001011111
1 10010111111 0.512536055026
0 0010111110 0.487463944974

11111111
1 111111111 0.504658157277
0 111111110 0.495341842723

01011111111
1 111111111 0.498569856986
0 0111111110 0.501430143014

011111111
1 0111111111 0.502628656053
0 0111111110 0.497371343947

0110101011
1 01101010111 0.50941011236
0 01101010110 0.49058988764

001011011
1 0010110111 0.498411556674
0 0010110110 0.501588443326

10110101011
1 1101010111 0.502683363148
0 01010110 0.497316636852

110101011
1 1101010111 0.503633677991
0 11101010110 0.496366322009

111010111
1 1110101111 0.508985067072
0 1110101110 0.491014932928

01000101111
1 10001011111 0.503462559058
0 10001011110 0.496537440942

00101010111
1 1010101111 0.497617426821
0 0101110 0.502382573179

101010111
1 1010101111 0.507495136743
0 11010101110 0.492504863257

010101111
1 0101011111 0.50594582691
0 0101011110 0.49405417309

0010100111
1 00101001111 0.509728978457
0 101001110 0.490271021543

010100111
1 0101001111 0.508696469703
0 101001110 0.491303530297

01010100111
1 10101001111 0.501181567546
0 01001110 0.498818432454

1010100111
1 10101001111 0.507478741932
0 101001110 0.492521258068

101001111
1 1010011111 0.498298383464
0 1010011110 0.501701616536

1011101111
1 10111011111 0.501489459212
0 10111011110 0.498510540788

1101001011
1 11010010111 0.503261683242
0 11010010110 0.496738316758

1111110111
1 11111101111 0.512064343164
0 11111101110 0.487935656836

10010111111
1 00101111111 0.517626827171
0 00101111110 0.482373172829

1011011011
1 10110110111 0.499274958171
0 10110110110 0.500725041829

1110111011
1 11101110111 0.503150500981
0 11101110110 0.496849499019

11101001011
1 1010010111 0.504382042568
0 11010010110 0.495617957432

0110010111
1 01100101111 0.505661755753
0 01101101110 0.494338244247

0110110111
1 01101101111 0.504217950491
0 01101101110 0.495782049509

1111010111
1 11110101111 0.506291946309
0 11110101110 0.493708053691

10001010111
1 0010101111 0.512063741443
0 00010101110 0.487936258557

01010101111
1 0101011111 0.491585473871
0 10101011110 0.508414526129

00111111111
1 01111111111 0.511820821236
0 110 0.488179178764

10100111011
1 01001110111 0.50893388922
0 110110 0.49106611078

111111111
1 1111111111 0.506650192601
0 1111111110 0.493349807399

0100111011
1 01001110111 0.521323379014
0 01001110110 0.478676620986

0111111111
1 01111111111 0.507513258692
0 01111111110 0.492486741308

01101010111
1 11010101111 0.509787703336
0 110 0.490212296664

1001001011
1 10010010111 0.498665571751
0 10010010110 0.501334428249

0010110111
1 00101101111 0.510042092604
0 00101101110 0.489957907396

11010010011
1 10100100111 0.485409597673
0 0100100110 0.514590402327

1010010011
1 10100100111 0.484171583778
0 10100100110 0.515828416222

1011001011
1 10110010111 0.504649653979
0 10110010110 0.495350346021

11011001011
1 10110010111 0.50461399955
0 0110010110 0.49538600045

1100101011
1 11001010111 0.501507201072
0 11001010110 0.498492798928

1101010111
1 11010101111 0.510793054904
0 11010101110 0.489206945096

1110101111
1 11101011111 0.505320735952
0 11101011110 0.494679264048

10001011111
1 00010111111 0.511248232421
0 00010111110 0.488751767579

0101011111
1 01010111111 0.509684439608
0 11111101110 0.490315560392

1010101111
1 11101011111 0.503833145434
0 10101011110 0.496166854566

1111011011
1 11110110111 0.507683863886
0 11110110110 0.492316136114

00101001111
1 10100111111 0.499488752556
0 11110 0.500511247444

11101111011
1 11011110111 0.512492126811
0 1110110 0.487507873189

1101111011
1 11011110111 0.50706231454
0 1011110110 0.49293768546

1010011111
1 10100111111 0.508562245769
0 10100111110 0.491437754231

0111001011
1 01110010111 0.503028659253
0 11110010110 0.496971340747

1110100111
1 11101001111 0.516721477359
0 101001110 0.483278522641

0101001111
1 10100111111 0.498128725223
0 10010011110 0.501871274777

10101001111
1 10100111111 0.496517613808
0 1010011110 0.503482386192

0010001011
1 00100010111 0.518721879051
0 00100010110 0.481278120949

01001110111
1 10011101111 0.503187837175
0 10011101110 0.496812162825

01111111111
1 11111111111 0.512917271408
0 1111110 0.487082728592

1111111111
1 11111111111 0.505809783388
0 11111111110 0.494190216612

0110010011
1 01100100111 0.516895883548
0 10100100110 0.483104116452

10011011011
1 00110110111 0.503472222222
0 00110110110 0.496527777778

00111101011
1 11 0.506576325229
0 1111010110 0.493423674771

11010001011
1 11 0.517465990316
0 10111110110 0.482534009684

10010010111
1 11 0.502264306299
0 0100101110 0.497735693701

10101001011
1 11 0.50209292591
0 01010010110 0.49790707409

00010010011
1 11 0.490594695642
0 0100100110 0.509405304358

11001001011
1 11 0.493433395872
0 10010110 0.506566604128

11101011111
1 11 0.497146231057
0 1010111110 0.502853768943

00101101111
1 11 0.510728601745
0 11001011110 0.489271398255

10100100111
1 11 0.51310571622
0 01001110 0.48689428378

01011111011
1 11 0.506958250497
0 11110110 0.493041749503

11001010111
1 11 0.507569011576
0 010101110 0.492430988424

10110010111
1 11 0.509749303621
0 1100101110 0.490250696379

10111011011
1 11 0.498327759197
0 1110110110 0.501672240803

00111001011
1 11 0.509125840538
0 11110010110 0.490874159462

11010101111
1 11 0.516536518144
0 1101011110 0.483463481856

01010111111
1 11 0.5
0 0101111110 0.5

00010111111
1 11 0.515715363339
0 00101111110 0.484284636661

01010001011
1 e 0.514312558722
0 0100010110 0.485687441278

00100010111
1 e 0.504189944134
0 01000101110 0.495810055866

10100101011
1 e 0.493726349333
0 01001010110 0.506273650667

11110110111
1 e 0.508108108108
0 101101110 0.491891891892

10100111111
1 e 0.507850301175
0 111110 0.492149698825

01101111011
1 e 0.5
0 1011110110 0.5

01110010111
1 e 0.501258087707
0 11100101110 0.498741912293

11011110111
1 e 0.498829588015
0 10111101110 0.501170411985

11101001111
1 e 0.500440614903
0 1010011110 0.499559385097

011110100
1 0111101001 0.499569935159
0 111101000 0.500430064841

101100100
1 1011001001 0.501959109861
0 1111001000 0.498040890139

01001000100
1 0010001001 0.513725208393
0 001000 0.486274791607

001000100
1 0010001001 0.515766986577
0 010001000 0.484233013423

10011010100
1 00110101001 0.502723457452
0 110101000 0.497276542548

101110100
1 1011101001 0.502004034265
0 11101101000 0.497995965735

1011110100
1 10111101001 0.50231638124
0 111101000 0.49768361876

1101000100
1 11010001001 0.510099381431
0 11101101000 0.489900618569

011100100
1 0111001001 0.498681184191
0 1111001000 0.501318815809

111010100
1 1110101001 0.503171704551
0 11010101000 0.496828295449

0111010100
1 01110101001 0.503998145787
0 11101101000 0.496001854213

01111010100
1 1110101001 0.503054989817
0 11110101000 0.496945010183

1101010100
1 11010101001 0.502533248892
0 11010101000 0.497466751108

01001010100
1 0010101001 0.501056067588
0 11010101000 0.498943932412

01010100
1 010101001 0.501642457527
0 11010101000 0.498357542473

1010100
1 10101001 0.502182824895
0 11010101000 0.497817175105

1110110100
1 11101101001 0.502227943361
0 11101101000 0.497772056639

110110100
1 1101101001 0.504311059526
0 11101101000 0.495688940474

10110110100
1 01101101001 0.507578779418
0 10101101000 0.492421220582

10110100
1 101101001 0.503355437137
0 101101000 0.496644562863

11110110100
1 01101001 0.507130124777
0 11101101000 0.492869875223

0110100
1 01101001 0.502870418694
0 10101101000 0.497129581306

00100110100
1 01101001 0.502316508169
0 01001101000 0.497683491831

01100100100
1 01001001 0.507133187546
0 11001001000 0.492866812454

0100100
1 01001001 0.500541851584
0 11101001000 0.499458148416

00010100100
1 00101001001 0.497413633844
0 11101001000 0.502586366156

00100
1 001001 0.508463397718
0 001000 0.491536602282

01010100100
1 10101001001 0.498619442064
0 1111001000 0.501380557936

010100100
1 0101001001 0.500537339097
0 1111001000 0.499462660903

00100100100
1 01001001 0.502895458702
0 11101101000 0.497104541298

10011100100
1 001001 0.499954983344
0 1111001000 0.500045016656

11001000100
1 10010001001 0.516394341485
0 001000 0.483605658515

01000100
1 10010001001 0.516147449985
0 010001000 0.483852550015

11010100
1 110101001 0.502765027927
0 110101000 0.497234972073

10111010100
1 110101001 0.509964230966
0 11101101000 0.490035769034

01110100100
1 11101001001 0.494334184843
0 11101001000 0.505665815157

10100100
1 101001001 0.49871001032
0 11101001000 0.50128998968

0110100100
1 01101001001 0.497949291573
0 11101001000 0.502050708427

101000100
1 1010001001 0.516430218964
0 001000 0.483569781036

01011100100
1 111001001 0.506524659374
0 001000 0.493475340626

11111100100
1 111001001 0.50299547622
0 1111001000 0.49700452378

100100100
1 1001001001 0.506223264132
0 11001001000 0.493776735868

111100100
1 1111001001 0.503345841151
0 1111001000 0.496654158849

011010100
1 0110101001 0.502213974083
0 110101000 0.497786025917

10100110100
1 01001101001 0.501779359431
0 01001101000 0.498220640569

10001000100
1 00010001001 0.516786632391
0 010001000 0.483213367609

0111100100
1 01111001001 0.503964258747
0 1111001000 0.496035741253

11101100100
1 11011001001 0.497610345797
0 1111001000 0.502389654203

0100100100
1 01001001001 0.508676841154
0 11101101000 0.491323158846

00100100
1 001001001 0.502566958222
0 11001001000 0.497433041778

1011010100
1 10110101001 0.50192159877
0 110101000 0.49807840123

0010110100
1 00101101001 0.503121557106
0 11101101000 0.496878442894

01000100100
1 10001001001 0.497876034852
0 001000 0.502123965148

10010100
1 100101001 0.502255789028
0 00101000 0.497744210972

0101010100
1 01010101001 0.498765066192
0 11010101000 0.501234933808

11110100
1 111101001 0.499819719418
0 111101000 0.500180280582

111110100
1 1111101001 0.500064960374
0 111101000 0.499935039626

101010100
1 1010101001 0.50058685446
0 11010101000 0.49941314554

00010110100
1 0101101001 0.497356929442
0 11101101000 0.502643070558

010110100
1 0101101001 0.502470241905
0 10101101000 0.497529758095

1111110100
1 11111101001 0.499742831426
0 111101000 0.500257168574

10001010100
1 00010101001 0.501693989071
0 11101101000 0.498306010929

01101000100
1 e 0.51981384854
0 11101101000 0.48018615146

10111110100
1 01111101001 0.500966330994
0 111101000 0.499033669006

01001110100
1 10011101001 0.500468823254
0 11101101000 0.499531176746

0111101001
1 1111010011 0.531355539368
0 01111010010 0.468644460632

1011001001
1 10110010011 0.52549412059
0 10110010010 0.47450587941

0010001001
1 00100010011 0.504883778437
0 00100010010 0.495116221563

00110101001
1 1101010011 0.528063943162
0 010 0.471936056838

1011101001
1 10111010011 0.535511141262
0 10111010010 0.464488858738

10111101001
1 1111010011 0.528186528497
0 11010010 0.471813471503

11010001001
1 0010011 0.530143678161
0 010010 0.469856321839

0111001001
1 01110010011 0.532264206829
0 01110010010 0.467735793171

1110101001
1 11101010011 0.529583114464
0 11101010010 0.470416885536

01110101001
1 11101010011 0.524794972024
0 1010010 0.475205027976

11010101001
1 10101010011 0.524259609326
0 010010 0.475740390674

0010101001
1 0101010011 0.530885750963
0 00101010010 0.469114249037

010101001
1 0101010011 0.52921164373
0 0101010010 0.47078835627

10101001
1 101010011 0.529790617546
0 101010010 0.470209382454

01101101001
1 11011010011 0.523874151758
0 011010010 0.476125848242

101101001
1 11011010011 0.531416653466
0 1011010010 0.468583346534

11101101001
1 11011010011 0.529179810726
0 1010010 0.470820189274

1101101001
1 11011010011 0.526823387583
0 11011010010 0.473176612417

01101001
1 011010011 0.53130231001
0 011010010 0.46869768999

10101001001
1 010010011 0.53165304716
0 1010010010 0.46834695284

0101001001
1 01010010011 0.526694975905
0 1010010010 0.473305024095

01001001
1 010010011 0.529344296098
0 010010010 0.470655703902

00101001001
1 01010010011 0.52203295686
0 0010010 0.47796704314

001001
1 0010011 0.526780371591
0 0010010 0.473219628409

10010001001
1 0100010011 0.50691292876
0 0100010010 0.49308707124

110101001
1 1101010011 0.530413023153
0 1101010010 0.469586976847

11101001001
1 11010010011 0.520523190775
0 1010010010 0.479476809225

101001001
1 1010010011 0.526051289631
0 1010010010 0.473948710369

01101001001
1 11010010011 0.532384874579
0 010010010 0.467615125421

1010001001
1 0100010011 0.519134877176
0 10100010010 0.480865122824

111001001
1 1110010011 0.53007802668
0 1110010010 0.46992197332

1001001001
1 10010010011 0.53289410866
0 10010010010 0.46710589134

1111001001
1 11110010011 0.526868360564
0 11110010010 0.473131639436

0110101001
1 01101010011 0.531539708266
0 01101010010 0.468460291734

01001101001
1 10011010011 0.531104199067
0 10011010010 0.468895800933

00010001001
1 11 0.502014624683
0 00100010010 0.497985375317

01111001001
1 11 0.527406667499
0 1110010010 0.472593332501

11011001001
1 e 0.520780590717
0 10110010010 0.479219409283

01001001001
1 0010011 0.526310870175
0 0010 0.473689129825

001001001
1 0010010011 0.532956787288
0 0010010010 0.467043212712

10110101001
1 101010011 0.533537519142
0 0010 0.466462480858

00101101001
1 01011010011 0.532429614181
0 0010 0.467570385819

10001001001
1 00010010011 0.533038550165
0 00010010010 0.466961449835

100101001
1 01001010011 0.531265508685
0 1001010010 0.468734491315

01010101001
1 10101010011 0.53065266911
0 01010010 0.46934733089

111101001
1 1111010011 0.530216086828
0 1111010010 0.469783913172

1111101001
1 1111010011 0.529098467134
0 11111010010 0.470901532866

1010101001
1 10101010011 0.52754982415
0 10101010010 0.47245017585

0101101001
1 01011010011 0.535686993734
0 01011010010 0.464313006266

11111101001
1 11 0.529782580728
0 0010 0.470217419272

00010101001
1 11 0.523690229822
0 01010010 0.476309770178

10011101111
1 0111011111 0.499220272904
0 1110 0.500779727096

11111111111
1 111111111 0.498865570051
0 1110 0.501134429949

01100100111
1 11001001111 0.486147938191
0 01110 0.513852061809

00110110111
1 e 0.499092558984
0 1110 0.500907441016

00111001010
1 110010101 0.474828496042
0 01110010100 0.525171503958

10011001010
1 00110010101 0.475719088532
0 00110010100 0.524280911468

01111001010
1 11110010101 0.476464612259
0 11110010100 0.523535387741

01110010100
1 1100101001 0.48608137045
0 11100101000 0.51391862955

10110010100
1 1100101001 0.489037056033
0 01100101000 0.510962943967

00110010100
1 01100101001 0.496259351621
0 01100101000 0.503740648379

11110010100
1 11100101001 0.491729564798
0 11100101000 0.508270435202

10
1 101 0.523137399048
0 100 0.476862600952

11
1 111 0.499427975161
0 110 0.500572024839

e
1 1 0.5000001
0 0 0.4999999

00100100010
1 01000101 0.486047333098
0 01001000100 0.513952666902

10100100010
1 01001000101 0.483691272816
0 01001000100 0.516308727184

00100010
1 01001000101 0.482205260001
0 001000100 0.517794739999

0010100010
1 00101000101 0.480253632233
0 11001000100 0.519746367767

11100100010
1 11001000101 0.484886877828
0 11001000100 0.515113122172

11010100010
1 01000101 0.479244532803
0 11001000100 0.520755467197

0100010
1 01000101 0.473973379861
0 01000100 0.526026620139

01010100010
1 10101000101 0.482271856111
0 11001000100 0.517728143889

01000100010
1 10001000101 0.479946524064
0 10001000100 0.520053475936

11110100010
1 11101000101 0.480208235625
0 1101000100 0.519791764375

010100010
1 0101000101 0.480515088681
0 11001000100 0.519484911319

0110100010
1 01101000101 0.484990074081
0 01101000100 0.515009925919

00110100010
1 01000101 0.48611019028
0 01101000100 0.51388980972

10110100010
1 11101000101 0.484345803302
0 01101000100 0.515654196698

01111101001
1 010011 0.528400892037
0 1010010 0.471599107963

10011101001
1 010011 0.530210772834
0 0010 0.469789227166

01100100
1 011001001 0.510616757333
0 1111001000 0.489383242667

11100100100
1 11001001001 0.500605157807
0 11001001000 0.499394842193

11110100100
1 1001001 0.499020088192
0 11101001000 0.500979911808

100100
1 1001001 0.502966195101
0 1111001000 0.497033804899

1111010100
1 11110101001 0.501811709364
0 11110101000 0.498188290636

1001010100
1 10010101001 0.50362035225
0 11010101000 0.49637964775

1010110100
1 10101101001 0.501849630074
0 10101101000 0.498150369926

0011100100
1 00111001001 0.495860470251
0 1111001000 0.504139529749

1100100
1 11001001 0.505415374189
0 1111001000 0.494584625811

10011110100
1 00111101001 0.494780793319
0 111101000 0.505219206681

0100010100
1 01000101001 0.491865300405
0 11110101000 0.508134699595

0010100
1 00101001 0.496743690718
0 00101000 0.503256309282

11001010100
1 0101001 0.506284916201
0 11010101000 0.493715083799

010100
1 0101001 0.499288523273
0 11110101000 0.500711476727

00111110100
1 101001 0.499352211734
0 111101000 0.500647788266

11111010100
1 101001 0.500571428571
0 11110101000 0.499428571429

10100
1 101001 0.482936182121
0 101000 0.517063817879

10101100100
1 01001 0.508254173199
0 1111001000 0.491745826801

01011010100
1 01001 0.496180176605
0 110101000 0.503819823395

0100
1 01001 0.494388080808
0 11101101000 0.505611919192

01001100100
1 10011001001 0.520675868912
0 11101101000 0.479324131088

010010100
1 0100101001 0.508941517641
0 0100101000 0.491058482359

0010010100
1 00100101001 0.508789469299
0 0100101000 0.491210530701

1111010110
1 11110101101 0.749327290752
0 1111101100 0.250672709248

00010110110
1 101 0.747830802603
0 1111101100 0.252169197397

10110111110
1 101 0.76722574796
0 111100 0.23277425204

00111111110
1 1101 0.745162618361
0 1111111100 0.254837381639

110
1 1101 0.76013497128
0 1111011100 0.23986502872

0111011110
1 01110111101 0.755181818182
0 111100 0.244818181818

111011110
1 1110111101 0.752583620402
0 111100 0.247416379598

11110110110
1 101101 0.744425863991
0 11101101100 0.255574136009

0110110
1 01101101 0.753896485811
0 11101101100 0.246103514189

10100110110
1 01101 0.751925898753
0 01001101100 0.248074101247

00110110110
1 101101101 0.759293338241
0 11101101100 0.240706661759

10110110
1 101101101 0.753367845167
0 101101100 0.246632154833

10011101110
1 00111011101 0.74906219151
0 1011100 0.25093780849

011101110
1 0111011101 0.750324922691
0 1011100 0.249675077309

010010110
1 0100101101 0.752463190524
0 0100101100 0.247536809476

0100010110
1 01000101101 0.755348384179
0 011011100 0.244651615821

011110
1 0111101 0.752356411474
0 0111100 0.247643588526

01101110
1 011011101 0.753521126761
0 011011100 0.246478873239

011110110
1 0111101101 0.750346033365
0 111101100 0.249653966635

01000101110
1 10001011101 0.746952610651
0 11101011100 0.253047389349

01111011110
1 0111101 0.740453631927
0 111100 0.259546368073

0111110110
1 01111101101 0.747711839386
0 1111101100 0.252288160614

01101110110
1 01101 0.75317348378
0 1111101100 0.24682651622

01001010110
1 101101 0.743285446596
0 10010101100 0.256714553404

10111110110
1 101101 0.748608534323
0 1111101100 0.251391465677

10010010110
1 101101 0.751023751024
0 0100101100 0.248976248976

0101101110
1 01011011101 0.753065199954
0 1011011100 0.246934800046

0100101110
1 01001011101 0.745987825125
0 1011011100 0.254012174875

10101101110
1 011011101 0.759080163335
0 1011011100 0.240919836665

0101110
1 01011101 0.751067343022
0 11101011100 0.248932656978

1110101110
1 11101011101 0.751443298969
0 11101011100 0.248556701031

10100101110
1 01011101 0.746434563758
0 1011011100 0.253565436242

01001101110
1 10011011101 0.748600058945
0 1011100 0.251399941055

1011110
1 10111101 0.752250948369
0 10111100 0.247749051631

0101110110
1 01011101101 0.748896684395
0 1111101100 0.251103315605

1111110110
1 11111101101 0.740254051686
0 1111101100 0.259745948314

111110110
1 1111101101 0.743962416502
0 1111101100 0.256037583498

00101110110
1 1101101 0.74736595645
0 1111101100 0.25263404355

1110110
1 11101101 0.751721338803
0 11101100 0.248278661197

110110
1 1101101 0.752680416548
0 1101100 0.247319583452

1010110110
1 10101101101 0.756470588235
0 1111101100 0.243529411765

0010110110
1 00101101101 0.754182600382
0 1111101100 0.245817399618

00101101110
1 11011101 0.746195385371
0 1011011100 0.253804614629

101101110
1 1011011101 0.756502589132
0 1011011100 0.243497410868

101110
1 1011101 0.751592161196
0 1011100 0.248407838804

01110101110
1 1011101 0.753444642568
0 11101011100 0.246555357432

1101110
1 11011101 0.75215124479
0 11011100 0.24784875521

01011110
1 010111101 0.751726164243
0 010111100 0.248273835757

1010010110
1 10100101101 0.753698687227
0 0100101100 0.246301312773

10110010110
1 100101101 0.743069198865
0 11100101100 0.256930801135

001010110
1 0010101101 0.745143233454
0 10010101100 0.254856766546

01010010110
1 100101101 0.760549162124
0 0100101100 0.239450837876

0110
1 01101 0.726088562283
0 01100 0.273911437717

11100100110
1 01101 0.740616246499
0 11001001100 0.259383753501

0100100110
1 01001001101 0.739530471899
0 11001001100 0.260469528101

10100100110
1 01001101 0.737085792102
0 11001001100 0.262914207898

10101110
1 101011101 0.752896430661
0 0101011100 0.247103569339

00111101110
1 1011101 0.752997601918
0 1111011100 0.247002398082

01110110
1 011101101 0.754713355909
0 011101100 0.245286644091

01101010110
1 01101 0.758946464357
0 11010101100 0.241053535643

1001011110
1 10010111101 0.757106231189
0 1111011100 0.242893768811

001011110
1 0010111101 0.756654449318
0 1111011100 0.243345550682

10010110
1 100101101 0.750374537129
0 100101100 0.249625462871

10100010110
1 00101101 0.753860465116
0 011011100 0.246139534884

1001010110
1 10010101101 0.747949935261
0 10010101100 0.252050064739

1111111110
1 11111111101 0.756776664702
0 1111111100 0.243223335298

10111111110
1 111101 0.750932835821
0 1111111100 0.249067164179

11110
1 111101 0.753169301744
0 111100 0.246830698256

101111110
1 1011111101 0.7504489405
0 11111100 0.2495510595

01111110
1 11011111101 0.751474079179
0 011111100 0.248525920821

11101111110
1 11011111101 0.74874041621
0 11111100 0.25125958379

010110
1 0101101 0.75137509635
0 0100101100 0.24862490365

0110111110
1 01101111101 0.762666289273
0 111100 0.237333710727

10101111110
1 1111101 0.758992805755
0 11111100 0.241007194245

111110
1 1111101 0.75396954063
0 1111100 0.24603045937

0110010110
1 00100101101 0.743544966945
0 11100101100 0.256455033055

0010010110
1 00100101101 0.751062824752
0 0100101100 0.248937175248

1111110
1 11111101 0.751816277622
0 11111100 0.248183722378

11111111110
1 11111101 0.757910014514
0 1111111100 0.242089985486

0010110
1 00101101 0.752604329112
0 11100101100 0.247395670888

11111110
1 111111101 0.752148837209
0 111111100 0.247851162791

11011111110
1 10111111101 0.75
0 111111100 0.25

10011111110
1 00111111101 0.752560426055
0 111111100 0.247439573945

1010111110
1 10101111101 0.763208291089
0 1111011100 0.236791708911

11001011110
1 111101 0.744403837369
0 1111011100 0.255596162631

11011010110
1 0101101 0.750719769674
0 1111011100 0.249280230326

10111110
1 101111101 0.758501562124
0 101111100 0.241498437876

11110111110
1 101111101 0.750838926174
0 111100 0.249161073826

01110111110
1 11101111101 0.754389140271
0 111100 0.245610859729

110111110
1 1101111101 0.757221500588
0 111100 0.242778499412

0111110
1 01111101 0.756169507211
0 01111100 0.243830492789

00010111110
1 101111101 0.759337190952
0 1111011100 0.240662809048

001001110
1 0010011101 0.758960004617
0 10010011100 0.241039995383

10001001110
1 00010011101 0.75
0 10010011100 0.25

1101001110
1 11010011101 0.754102203469
0 1111111100 0.245897796531

00100110
1 001001101 0.743040744923
0 11001001100 0.256959255077

11011101110
1 10111011101 0.749585406302
0 1011100 0.250414593698

11101110
1 111011101 0.751128090136
0 111011100 0.248871909864

01001110
1 010011101 0.755649192382
0 10010011100 0.244350807618

01101001110
1 010011101 0.756522896699
0 1111111100 0.243477103301

1011110110
1 10111101101 0.749081304548
0 111101100 0.250918695452

11011110
1 110111101 0.752816099228
0 110111100 0.247183900772

1111011110
1 11110111101 0.748499571306
0 111100 0.251500428694

11110110
1 111101101 0.747166361974
0 111101100 0.252833638026

100100110
1 1001001101 0.740842992122
0 11001001100 0.259157007878

010101110
1 0101011101 0.756579322943
0 0101011100 0.243420677057

0010101110
1 00101011101 0.758558760804
0 0101011100 0.241441239196

001110110
1 0011101101 0.756954671903
0 011101100 0.243045328097

10001110110
1 00011101101 0.758469800438
0 011101100 0.241530199562

1100100110
1 11001001101 0.742165106058
0 11001001100 0.257834893942

101001110
1 1010011101 0.752627281587
0 1111111100 0.247372718413

0110110110
1 01101101101 0.754648903691
0 11101101100 0.245351096309

111010110
1 1110101101 0.749597261377
0 1111101100 0.250402738623

111111110
1 1111111101 0.752832284339
0 1111111100 0.247167715661

11001010110
1 10101101 0.752967525196
0 10010101100 0.247032474804

11111010110
1 10101101 0.749101961868
0 1111101100 0.250898038132

01010110
1 010101101 0.749098330864
0 10010101100 0.250901669136

1011010110
1 10110101101 0.754693223443
0 1111011100 0.245306776557

011010110
1 0110101101 0.75410899654
0 1111011100 0.24589100346

11101010110
1 1010101101 0.746536267319
0 11010101100 0.253463732681

1010110
1 10101101 0.750240996792
0 11010101100 0.249759003208

10101010110
1 01010101101 0.760218579235
0 11010101100 0.239781420765

10100111110
1 01001111101 0.754547312487
0 111011100 0.245452687513

11100101110
1 1001011101 0.753852832646
0 1011011100 0.246147167354

00101110
1 001011101 0.749175317011
0 001011100 0.250824682989

1100101110
1 11001011101 0.756432444906
0 1011011100 0.243567555094

0111010110
1 01110101101 0.749746153245
0 1111101100 0.250253846755

1101101110
1 11011011101 0.760217983651
0 1011011100 0.239782016349

110101110
1 1101011101 0.749024785453
0 11101011100 0.250975214547

1001001110
1 10010011101 0.765138956607
0 10010011100 0.234861043393

10110101110
1 01101011101 0.743583971184
0 11101011100 0.256416028816

11010101110
1 10101011101 0.754196642686
0 0101011100 0.245803357314

10001011110
1 00100111101 0.756126173097
0 1111011100 0.243873826903

1011011110
1 10110111101 0.749620637329
0 1111011100 0.250379362671

11010110
1 110101101 0.751452454351
0 110101100 0.248547545649

01011010110
1 110101101 0.758318739054
0 1111011100 0.241681260946

1110110110
1 11101101101 0.748402027772
0 11101101100 0.251597972228

11110010110
1 11100101101 0.758230181722
0 11100101100 0.241769818278

01001111110
1 10011111101 0.753293667658
0 1111100 0.246706332342

10111101110
1 01111011101 0.741861531408
0 1111011100 0.258138468592

111101110
1 1111011101 0.752425778421
0 1111011100 0.247574221579

0100110110
1 01001101101 0.754777070064
0 01001101100 0.245222929936

101110110
1 1011101101 0.751570497906
0 1111101100 0.248429502094

01000100110
1 10001001101 0.746147634749
0 1111011100 0.253852365251

11010111110
1 0101111101 0.763898421414
0 1111011100 0.236101578586

011011110
1 0110111101 0.753123621932
0 1111011100 0.246876378068

10010011110
1 0111101 0.754605390731
0 10100111100 0.245394609269

1101011110
1 11010111101 0.744119743407
0 11010111100 0.255880256593

11101011110
1 0111101 0.733212706072
0 11010111100 0.266787293928

010100110
1 0101001101 0.74175687022
0 11010111100 0.25824312978

11010100110
1 01101 0.741912728006
0 11010111100 0.258087271994

0010100110
1 00101001101 0.740671720808
0 11010111100 0.259328279192

1010100110
1 10101001101 0.743009385999
0 11010111100 0.256990614001

01010100110
1 101001101 0.744042532992
0 11010111100 0.255957467008

10010100110
1 01001101 0.739030023095
0 11010111100 0.260969976905

010011110
1 0100111101 0.7525405693
0 10100111100 0.2474594307

0010011110
1 00100111101 0.753719856337
0 10100111100 0.246280143663

10110100110
1 01101 0.74290745451
0 11101001100 0.25709254549

11110100110
1 11101001101 0.743253189401
0 11101001100 0.256746810599

00110100110
1 1101001101 0.752203389831
0 11101001100 0.247796610169

10011011110
1 00110111101 0.759079182377
0 1111011100 0.240920817623

1111101110
1 11111011101 0.7588540167
0 1111011100 0.2411459833

01001110110
1 10011101101 0.754513406687
0 011101100 0.245486593313

0111111110
1 01111111101 0.748846211106
0 1111111100 0.251153788894

0101111110
1 01011111101 0.747737294036
0 11111100 0.252262705964

10011010110
1 00110101101 0.753115264798
0 1111011100 0.246884735202

10011110110
1 00111101101 0.752540346683
0 111101100 0.247459653317

0101011110
1 01010111101 0.749721417428
0 11010111100 0.250278582572

1010011110
1 10100111101 0.751508803432
0 10100111100 0.248491196568

0010111110
1 00101111101 0.755943716642
0 1111011100 0.244056283358

0110100110
1 01101001101 0.746309390894
0 11101001100 0.253690609106

10110110110
1 01 0.751837825796
0 11101101100 0.248162174204

00100010110
1 01 0.757249247346
0 011011100 0.242750752654

11101110110
1 01 0.755301455301
0 1111101100 0.244698544699

11110101110
1 01 0.747946757293
0 11101011100 0.252053242707

00101111110
1 01 0.735731414868
0 11111100 0.264268585132

01111111110
1 01 0.755608734669
0 1111111100 0.244391265331

10111011110
1 01 0.753160193059
0 111100 0.246839806941

01101101110
1 01 0.761506276151
0 1011011100 0.238493723849

11010010110
1 01 0.746393972013
0 0100101100 0.253606027987

11111101110
1 01 0.757952573742
0 1111011100 0.242047426258

00010101110
1 01 0.758509659614
0 0101011100 0.241490340386

10101011110
1 01 0.746875710066
0 11010111100 0.253124289934

00111100101
1 1111001011 0.37573550014
0 01111001010 0.62426449986

11110101101
1 11101011011 0.362691362691
0 1010 0.637308637309

00101
1 001011 0.324629062428
0 001010 0.675370937572

101
1 11101101011 0.33345022454
0 1010 0.666549134375

00100100101
1 1001001011 0.328135502084
0 001010 0.671864497916

01100100101
1 1001001011 0.327105449398
0 1001001010 0.672894550602

1101
1 11011 0.326238742845
0 11010 0.673761257155

01110111101
1 1111011 0.346695557963
0 11101111010 0.653304442037

1110111101
1 11101111011 0.351642672573
0 11101111010 0.648357327427

00111011101
1 01110111011 0.350988838849
0 1110111010 0.649011161151

0111011101
1 01110111011 0.35467686059
0 01110111010 0.64532313941

10011010101
1 11101011011 0.350914391731
0 00110101010 0.649085608269

0100101101
1 01001011011 0.3491246138
0 01001011010 0.6508753862

11111110101
1 111101011 0.358472823021
0 11101010 0.641527176979

01000101101
1 10001011011 0.343833471493
0 10001011010 0.656166528507

110110101
1 1101101011 0.350894010753
0 1101101010 0.649105989247

00110110101
1 01101101011 0.338283413038
0 1101010 0.661716586962

10110110101
1 01101101011 0.346223564955
0 01101010 0.653776435045

10001011101
1 0010111011 0.349332402478
0 010111010 0.650667597522

010010101
1 0100101011 0.357960263913
0 0100101010 0.642039736087

001110101
1 0011101011 0.37707876462
0 00011101010 0.62292123538

0110110101
1 01101101011 0.343245539507
0 01101101010 0.656754460493

11010111101
1 01111011 0.357918263091
0 10101111010 0.642081736909

0111101
1 01111011 0.354522629241
0 01111010 0.645477370759

0101001101
1 01010011011 0.360265548995
0 011010 0.639734451005

01111101101
1 011011 0.358736426456
0 11111011010 0.641263573544

01101
1 011011 0.355817198902
0 011010 0.644182801098

00101001101
1 1010011011 0.361161939616
0 011010 0.638838060384

10101001101
1 01010011011 0.359234160142
0 1010011010 0.640765839858

101001101
1 1010011011 0.361399480934
0 1010011010 0.638600519066

101101
1 1011011 0.35299382764
0 1011010 0.64700617236

01011011101
1 11101101011 0.354230066951
0 110111010 0.645769933049

01001011101
1 11101101011 0.361424332344
0 10111010 0.638575667656

011011101
1 0110111011 0.351155927201
0 10110111010 0.648844072799

1110110101
1 11101101011 0.356940298507
0 11101101010 0.643059701493

01011101
1 010111011 0.35179940185
0 010111010 0.64820059815

11101011101
1 11011 0.348607490739
0 010111010 0.651392509261

01101110101
1 11101101011 0.352313844982
0 011101010 0.647686155018

10101110101
1 11101101011 0.346200060078
0 1101010 0.653799939922

10011011101
1 00110111011 0.349868766404
0 10110111010 0.650131233596

10111101
1 101111011 0.354071733803
0 101111010 0.645928266197

01001001101
1 11011 0.360097479638
0 1010011010 0.639902520362

01110110101
1 11101101011 0.360799309239
0 01101010 0.639200690761

00111110101
1 11101101011 0.34219269103
0 101010 0.65780730897

10110010101
1 00101011 0.360319767442
0 0101010 0.639680232558

0010101
1 00101011 0.360718565246
0 00101010 0.639271531705

01110010101
1 11100101011 0.350824210394
0 0101010 0.649175789606

1111010101
1 11110101011 0.352006848012
0 11110101010 0.647993151988

11101110101
1 101011 0.357695614789
0 1011101010 0.642304385211

01110101
1 011101011 0.368347034347
0 011101010 0.631652965653

1101110101
1 1011101011 0.355384741189
0 11011101010 0.644615258811

101110101
1 1011101011 0.353176965512
0 1011101010 0.646823034488

110101
1 1101011 0.358480340064
0 1101010 0.641519659936

0110101
1 01101011 0.353527402912
0 01101010 0.646472597088

10101
1 101011 0.356795380877
0 101010 0.64320205066

010101
1 0101011 0.355218805
0 0101010 0.644776223289

11101101
1 111011011 0.352127885227
0 111011010 0.647872114773

01011101101
1 111011011 0.348443638561
0 10111011010 0.651556361439

11111101101
1 11111011011 0.361735700197
0 111011010 0.638264299803

1111101101
1 11111011011 0.360236803157
0 11111011010 0.639763196843

1101101
1 11011011 0.352057021652
0 11011010 0.647942978348

011101101
1 0111011011 0.349191700611
0 10111011010 0.650808299389

10101101101
1 01011011011 0.358970733776
0 01011011010 0.641029266224

00101101101
1 11011011 0.344953256219
0 01011011010 0.655046743781

01001101
1 010011011 0.360628852072
0 1010011010 0.639371147928

11011101
1 110111011 0.354381307545
0 110111010 0.645618692455

101011101
1 1010111011 0.350858786042
0 1010111010 0.649141213958

1011011101
1 10110111011 0.35192761605
0 10110111010 0.64807238395

1011101
1 10111011 0.353050473701
0 10111010 0.646949526299

1011110101
1 01011101011 0.346211464165
0 10111101010 0.653788535835

10111110101
1 11101011 0.367263349515
0 01111101010 0.632736650485

1110101
1 11101011 0.362045489852
0 11101010 0.637954510148

0111110101
1 01111101011 0.358388867111
0 01111101010 0.641611132889

11011010101
1 10101011 0.355653307266
0 0110101010 0.644346692734

10010111101
1 111011 0.353356890459
0 00101111010 0.646643109541

0010111101
1 00101111011 0.356229651394
0 00101111010 0.643770348606

010111101
1 01111011 0.354035567715
0 0101111010 0.645964432285

10100101101
1 1011011 0.342687309925
0 1001011010 0.657312690075

0111101101
1 01111011011 0.353106796117
0 01111011010 0.646893203883

100101101
1 11001011011 0.347208619001
0 1001011010 0.652791380999

00111010101
1 11101101011 0.344138980926
0 01110101010 0.655861019074

00101010101
1 11101101011 0.354228707564
0 01010101010 0.645771292436

0010101101
1 00101011011 0.355648843718
0 00101011010 0.644351156282

10101010101
1 01011 0.350947902672
0 01010101010 0.649052097328

11011110101
1 01011 0.338574938575
0 0111101010 0.661425061425

0101010101
1 01010101011 0.352590383899
0 01010101010 0.647409616101

0111010101
1 0101011 0.345248868778
0 01110101010 0.654751131222

11111010101
1 11110101011 0.353456307062
0 1110101010 0.646543692938

0101110101
1 01011101011 0.351095003085
0 01011101010 0.648904996915

10111010101
1 10101011 0.347151850146
0 01110101010 0.652848149854

10100110101
1 01001101011 0.355210845337
0 01001101010 0.644789154663

01101101
1 011011011 0.351967428934
0 011011010 0.648032571066

011110101
1 0111101011 0.346681404813
0 0111101010 0.653318595187

011010101
1 0110101011 0.35233570863
0 0110101010 0.64766429137

11010101
1 110101011 0.349675633238
0 1110101010 0.650324366762

111111101
1 1111111011 0.351142772336
0 1111111010 0.648857227664

10111111101
1 01111111011 0.36074062451
0 1111111010 0.63925937549

101010101
1 11010101011 0.351603453592
0 1010101010 0.648396546408

00111111101
1 01111111011 0.353293413174
0 01111111010 0.646706586826

10101111101
1 111011 0.344649446494
0 01011111010 0.655350553506

01010101
1 010101011 0.349672508067
0 010101010 0.650327491933

001010101
1 10010101011 0.347731763065
0 0010101010 0.652268236935

11001010101
1 10010101011 0.350245248314
0 10010101010 0.649754751686

1010101
1 10101011 0.349674018311
0 10101010 0.650325981689

10110101
1 101101011 0.353914422826
0 101101010 0.646085577174

10010101101
1 011011 0.357616849394
0 01011010 0.642383150606

11111111101
1 111011 0.344559081176
0 1111010 0.655440918824

111101
1 1111011 0.352542956861
0 1111010 0.647457043139

100101
1 1001011 0.349234711409
0 1001010 0.650765288591

1011111101
1 10111111011 0.349046821409
0 10111111010 0.650953178591

11011111101
1 0111111011 0.352699819465
0 0111111010 0.647300180535

0101101
1 01011011 0.353860403968
0 01011010 0.646139596032

01101111101
1 11011111011 0.347930970495
0 1111010 0.652069029505

1111101
1 11111011 0.350598264653
0 11111010 0.649401735347

00100101101
1 11001011011 0.356446540881
0 001011010 0.643553459119

11111101
1 111111011 0.349790416907
0 111111010 0.650209583093

00100010101
1 01000101011 0.36950562435
0 01000101010 0.630447112203

00101101
1 001011011 0.345690012433
0 001011010 0.654309987567

01111101
1 011111011 0.351418882741
0 011111010 0.648581117259

101111101
1 1011111011 0.349558398352
0 1011111010 0.650441601648

11101111101
1 1011111011 0.353713702028
0 11011111010 0.646286297972

1101111101
1 11011111011 0.351168109786
0 11011111010 0.648831890214

0010011101
1 00100111011 0.36051861146
0 00100111010 0.63948138854

00010011101
1 111011 0.355109351433
0 0100111010 0.644890648567

11010011101
1 11011 0.355144544607
0 0100111010 0.644855455393

001001101
1 010011011 0.359759872432
0 0010011010 0.640240127568

101101101
1 1011011011 0.350017569203
0 1011011010 0.649982430797

111011101
1 1110111011 0.356797995061
0 1110111010 0.643202004939

10111011101
1 1110111011 0.360447303922
0 01110111010 0.639552696078

010011101
1 0100111011 0.356367082149
0 0100111010 0.643632917851

110111101
1 1101111011 0.35411062542
0 1101111010 0.64588937458

10111101101
1 1111011011 0.358577341714
0 01111011010 0.641422658286

11110111101
1 11101111011 0.359488354334
0 1111010 0.640511645666

111101101
1 1111011011 0.356643014436
0 1111011010 0.643356985564

1001001101
1 11101011011 0.359130043691
0 10010011010 0.640869956309

11101001101
1 011011 0.367470270973
0 11010011010 0.632529729027

1101001101
1 11010011011 0.362751176106
0 11010011010 0.637248823894

0011101101
1 00111011011 0.350645841215
0 00111011010 0.649354158785

00011101101
1 11101101011 0.344842657343
0 00111011010 0.655157342657

0101011101
1 01010111011 0.353957594507
0 01010111010 0.646042405493

00101011101
1 10111011 0.3475880438
0 01010111010 0.6524119562

11001001101
1 010011011 0.358158995816
0 10010011010 0.641841004184

1010011101
1 10100111011 0.352545931759
0 10100111010 0.647454068241

1110101101
1 11101011011 0.363398253862
0 11101011010 0.636601746138

1100101001
1 11001010011 0.375026833631
0 11001010010 0.624973166369

11110101
1 111101011 0.351302585397
0 111101010 0.648697414603

0110010101
1 01100101011 0.352096208452
0 01100101010 0.647903791548

00110010101
1 01100101011 0.340989399293
0 11111101010 0.659010600707

1010110101
1 10101101011 0.354445614563
0 10101101010 0.645554385437

1111111101
1 11111111011 0.344349365595
0 11111111010 0.655650634405

10110101101
1 1101011011 0.35977551949
0 01101011010 0.64022448051

0010010101
1 00100101011 0.362013115272
0 00100101010 0.637986884728

10010101
1 100101011 0.35465871742
0 100101010 0.64534128258

0110101101
1 01011011 0.361342127904
0 01101011010 0.638657872096

1010101101
1 10101011011 0.365191070753
0 10101011010 0.634808929247

10010010101
1 11101101011 0.359181400529
0 00100101010 0.640818599471

1110010101
1 11100101011 0.350380607494
0 11100101010 0.649619392506

10101101
1 101011011 0.361422215403
0 101011010 0.638577784597

01010101101
1 11101101011 0.368115942029
0 0101011010 0.631884057971

010101101
1 10101011011 0.360355316687
0 0101011010 0.639644683313

10010110101
1 11101101011 0.359110473458
0 11111101010 0.640889526542

0101
1 01011 0.34044366769
0 11111101010 0.659555069523

11110010101
1 11100101011 0.349749283668
0 1100101010 0.650250716332

1111110101
1 11111101011 0.353202589122
0 11111101010 0.646797410878

00101110101
1 011101011 0.356259904913
0 11111101010 0.643740095087

01010110101
1 11101101011 0.353988707109
0 10101101010 0.646011292891

0100111101
1 01001111011 0.355309671946
0 01001111010 0.644690328054

01001111101
1 10011111011 0.354780990553
0 10011111010 0.645219009447

01111110101
1 11111101011 0.347636074692
0 1111101010 0.652363925308

111110101
1 1111101011 0.355777183167
0 1111101010 0.644222816833

1001011101
1 10010111011 0.355746089049
0 11111111010 0.644253910951

11101010101
1 11010101011 0.348936757802
0 11010101010 0.651063242198

001011101
1 0010111011 0.352777216724
0 0010111010 0.647222783276

11001011101
1 11011 0.349908480781
0 11111111010 0.650091519219

01001110101
1 10011101011 0.354610436026
0 10011101010 0.645389563974

01010010101
1 11101101011 0.358836503998
0 010 0.641163496002

01110101101
1 101011011 0.363787894572
0 010 0.636212105428

10101011101
1 01010111011 0.360585065435
0 010 0.639414934565

11011011101
1 11011 0.349462365591
0 010 0.650537634409

1101011101
1 11010111011 0.347568303822
0 010 0.652431696178

00100111101
1 01111011 0.352469556009
0 010 0.647530443991

10110111101
1 101111011 0.359233883525
0 010 0.640766116475

10010011101
1 00100111011 0.364175109922
0 010 0.635824890078

010110101
1 0101101011 0.356722200697
0 0101101010 0.643277799303

01101011101
1 1010111011 0.346109399076
0 010 0.653890600924

10001010101
1 00010101011 0.344683919558
0 010 0.655316080442

01011110101
1 01011101011 0.353298875038
0 010 0.646701124962

01100101001
1 01010011 0.373939393939
0 010 0.626060606061

01101101101
1 11011011011 0.344060316293
0 010 0.655939683707

10100010101
1 01000101011 0.365491651206
0 010 0.634508348794

01011010101
1 0110101011 0.350858369099
0 010 0.649141630901

1011010101
1 10110101011 0.35318275154
0 10110101010 0.64681724846

110101101
1 1101011011 0.362549800797
0 1101011010 0.637450199203

110010101
1 1100101011 0.351186041953
0 1100101010 0.648813958047

11100101101
1 11001011011 0.343870690888
0 11001011010 0.656129309112

11101101101
1 11011011011 0.350169341776
0 11011011010 0.649830658224

10011111101
1 00111111011 0.347249647391
0 00111111010 0.652750352609

01111011101
1 111011 0.3623046875
0 11110111010 0.6376953125

1111011101
1 11110111011 0.360215571167
0 11110111010 0.639784428833

01001101101
1 10011011011 0.355209347614
0 10011011010 0.644790652386

10001001101
1 11010001011 0.360643910358
0 00010011010 0.639356089642

1011101101
1 10111011011 0.347109356861
0 10111011010 0.652890643139

0101111101
1 01011111011 0.348043361267
0 01011111010 0.651956638733

10011110101
1 00111101011 0.347506925208
0 00111101010 0.652493074792

0010110101
1 11010001011 0.359140300415
0 00101101010 0.640859699585

0110111101
1 01101111011 0.357372889626
0 101111010 0.642627110374

11010010101
1 10100101011 0.34962406015
0 0100101010 0.65037593985

1010010101
1 10100101011 0.354340155258
0 10100101010 0.645659844742

01010111101
1 11 0.34631391201
0 10101111010 0.65368608799

00110111101
1 11 0.354248366013
0 01111010 0.645751633987

11111011101
1 11 0.358186302409
0 10111010 0.641813697591

10011101101
1 11 0.360045306527
0 10111011010 0.639954693473

01111111101
1 11 0.344135188867
0 1111111010 0.655864811133

01011111101
1 11 0.345592799503
0 10111111010 0.654407200497

00110101101
1 11 0.364012409514
0 01011010 0.635987590486

00111101101
1 11 0.343658988615
0 1111011010 0.656341011385

11110110101
1 11 0.351029661817
0 11111101010 0.648970338183

10100111101
1 11 0.357801818544
0 01001111010 0.642198181456

00010110101
1 11 0.359177785792
0 010 0.640822214208

11010110101
1 11 0.354939721309
0 0101101010 0.645060278691

00100110101
1 e 0.350216545548
0 1101010 0.649783454452

00101111101
1 e 0.351732991014
0 01011111010 0.648267008986

01101001101
1 e 0.356715425532
0 11010011010 0.643284574468

11100101001
1 e 0.376
0 11001010010 0.624

111010011
1 1110100111 0.371473678275
0 1110100110 0.628526321725

01101100101
1 e 0.378341194969
0 1011001010 0.621658805031

0111
1 01111 0.353956560418
0 01110 0.646043439582

11101001010
1 11010010101 0.352561379662
0 10010100 0.647438620338

001010
1 0010101 0.371412913145
0 0010100 0.628587086855

10010001010
1 00100010101 0.343310295454
0 0100010100 0.656689704546

11010001010
1 10100010101 0.353568025676
0 0100010100 0.646431974324

1010
1 10101 0.374464278844
0 10100 0.625535721156

01010001010
1 00100010101 0.352037864844
0 0100 0.647962135156

01001010
1 010010101 0.341518993788
0 010010100 0.658481006212

10101001010
1 0010101 0.336316397229
0 010010100 0.663683602771

01001001010
1 0010010101 0.348003414588
0 010010100 0.651996585412

001001010
1 0010010101 0.345225431634
0 0010010100 0.654774568366

11001001010
1 10010101 0.344611160145
0 0010010100 0.655388839855

1001001010
1 10010010101 0.346335583414
0 010010100 0.653664416586

0101001010
1 01010010101 0.330177514793
0 010010100 0.669822485207

01101001010
1 11010010101 0.339469808542
0 010010100 0.660530191458

101001010
1 1010010101 0.338274964788
0 010010100 0.661725035212

0110110010
1 01101100101 0.37998506348
0 101100100 0.62001493652

10110110010
1 01101100101 0.37901013715
0 1100100 0.62098986285

00110110010
1 01101100101 0.381618381618
0 0100 0.618381618382

01110100110
1 11101001101 0.368920521945
0 11101001100 0.631079478055

111010
1 1110101 0.342130110176
0 1110100 0.657869889824

11010
1 110101 0.363728428991
0 110100 0.636271571009

011110010
1 0111100101 0.378344547019
0 0111100100 0.621655452981

10111110010
1 1 0.374549073268
0 00100 0.625450926732

10001110010
1 00011100101 0.361110006759
0 1100100 0.638889993241

001110010
1 0011100101 0.36647396149
0 0011100100 0.63352603851

01101110010
1 1 0.373533834586
0 100100 0.626466165414

11110110010
1 1 0.373101952278
0 1100100 0.626898047722

0100110010
1 01001100101 0.340473853379
0 01001100100 0.659526146621

0010110010
1 00101100101 0.36976802824
0 101100100 0.63023197176

01010110010
1 01100101 0.376532204145
0 101100100 0.623467795855

10110010
1 101100101 0.375378484806
0 101100100 0.624621515194

101110010
1 01011100101 0.375610057454
0 00100 0.624389942546

01001110010
1 10011100101 0.374077204846
0 10011100100 0.625922795154

01011110010
1 10111100101 0.379408284024
0 00100 0.620591715976

1011110010
1 10111100101 0.375292091994
0 10011100100 0.624707908006

01111110010
1 1111100101 0.376983515637
0 00100 0.623016484363

0101110010
1 01011100101 0.377196127644
0 01011100100 0.622803872356

00101110010
1 11100101 0.376447876448
0 01011100100 0.623552123552

1111110010
1 1111100101 0.378117396594
0 11111100100 0.621882603406

1110010
1 11100101 0.373230149643
0 11111100100 0.626769850357

111110010
1 1111100101 0.37640993837
0 111100100 0.62359006163

11110010
1 111100101 0.377372817008
0 111100100 0.622627182992

01110010
1 011100101 0.37040333723
0 011100100 0.62959666277

11011110010
1 10111100101 0.370839733743
0 0111100100 0.629160266257

1110110010
1 00101100101 0.376985053713
0 11101100100 0.623014946287

010110010
1 0101100101 0.372693615869
0 101100100 0.627306384131

110110010
1 1101100101 0.378301330362
0 11101100100 0.621698669638

1101110010
1 11011100101 0.373913043478
0 00100 0.626086956522

0111110010
1 01111100101 0.374634300625
0 111100100 0.625365699375

0110010
1 01100101 0.359703711387
0 01100100 0.640296288613

11010110010
1 101100101 0.37412045319
0 01100100 0.62587954681

00100110010
1 1100101 0.378648150157
0 100100 0.621351849843

110010
1 1100101 0.366772168875
0 1100100 0.633227831125

10101110010
1 011100101 0.377930381246
0 1100100 0.622069618754

11101110010
1 1100101 0.374193548387
0 0100 0.625806451613

11111110010
1 111100101 0.379222338988
0 0100 0.620777661012

10010110010
1 101100101 0.37039972823
0 0100 0.62960027177

01110110010
1 1101100101 0.379614217174
0 0100 0.620385782826

1010110010
1 10101100101 0.375367244657
0 10101100100 0.624632755343

1001
1 010011 0.379528398457
0 11001010010 0.620471601543

01
1 011 0.338826225831
0 010 0.661173438793

10001110100
1 00011101001 0.374463304487
0 00011101000 0.625536695513

001
1 0011 0.344723449865
0 0010 0.655276550135

11100101000
1 1 1.0

01100101000
1 11001010001 1.0

11101101100
1 11011011001 1.0

101101100
1 1011011001 1.0

01001101100
1 10011011001 1.0

0111100
1 01111001 1.0

101111100
1 1011111001 1.0

0100011100
1 01000111001 1.0

0011100
1 00111001 1.0

011011100
1 0110111001 1.0

111101100
1 1111011001 1.0

01001100
1 010011001 1.0

11100101100
1 11001011001 1.0

10010101100
1 00101011001 1.0

1111101100
1 11111011001 1.0

1011100
1 10111001 1.0

10010011100
1 00100111001 1.0

010111100
1 0101111001 1.0

10111100
1 101111001 1.0

011111100
1 0111111001 1.0

11101011100
1 11010111001 1.0

001011100
1 0010111001 1.0

11111100
1 111111001 1.0

1111111100
1 11111111001 1.0

1111100
1 11111001 1.0

111100
1 1111001 1.0

1011011100
1 10110111001 1.0

110111100
1 1101111001 1.0

11101100
1 111011001 1.0

0100101100
1 01001011001 1.0

1101100
1 11011001 1.0

11011100
1 110111001 1.0

01111100
1 011111001 1.0

01100
1 011001 1.0

110101100
1 1101011001 1.0

11001001100
1 10010011001 1.0

1111011100
1 11110111001 1.0

0101011100
1 01010111001 1.0

111011100
1 1110111001 1.0

111111100
1 1111111001 1.0

100101100
1 1001011001 1.0

011101100
1 0111011001 1.0

11010101100
1 10101011001 1.0

10100111100
1 01001111001 1.0

11010111100
1 10101111001 1.0

11101001100
1 11010011001 1.0

11110100011
1 11101000111 1.0

11001001000
1 0010010001 1.0

11101001000
1 11010010001 1.0

001000
1 0010001 1.0

00101000
1 001010001 1.0

1111001000
1 11110010001 1.0

110101000
1 1101010001 1.0

11101101000
1 11011010001 1.0

11010101000
1 10101010001 1.0

010001000
1 0100010001 1.0

111101000
1 1111010001 1.0

11110101000
1 01010001 1.0

10101101000
1 01011010001 1.0

01001101000
1 10011010001 1.0

101101000
1 1011010001 1.0

1101000
1 11010001 1.0

11101000
1 111010001 1.0

101000
1 1010001 1.0

00011101000
1 00111010001 1.0

011101000
1 0111010001 1.0

0100101000
1 01001010001 1.0

01001100101
1 10011001011 0.394686263426
0 10011001010 0.605313736574

00011100101
1 001011 0.396124628427
0 00111001010 0.603875371573

0111100101
1 1111001011 0.389371381307
0 01111001010 0.610628618693

0011100101
1 00111001011 0.397302970549
0 00111001010 0.602697029451

1
1 11 0.403653719269
0 10 0.596346080731

10001110101
1 00011101011 0.387631773316
0 00011101010 0.612368226684

01011100101
1 11111001011 0.39670468948
0 10111001010 0.60329531052

10011100101
1 11101101011 0.398915335945
0 11001010 0.601084664055

10111100101
1 1001011 0.397345567754
0 11001010 0.602654432246

00101100101
1 001011 0.389703375384
0 11001010 0.610296624616

1100101
1 11001011 0.392243561616
0 11001010 0.607756438384

1111100101
1 11111001011 0.391926681083
0 11111001010 0.608073318917

11100101
1 11111001011 0.39423239675
0 111001010 0.60576760325

111100101
1 1111001011 0.390651601919
0 1111001010 0.609348398081

01100101
1 011001011 0.389984861955
0 011001010 0.610015138045

101100101
1 1011001011 0.386508964768
0 1011001010 0.613491035232

011100101
1 0111001011 0.396721781859
0 0111001010 0.603278218141

0101100101
1 01011001011 0.388063317719
0 01011001010 0.611936682281

1101100101
1 11011001011 0.38484192291
0 11011001010 0.61515807709

11011100101
1 11 0.395177838577
0 10111001010 0.604822161423

01111100101
1 e 0.398691430984
0 1111001010 0.601308569016

10101100101
1 e 0.386586863106
0 01011001010 0.613413136894

11010011
1 10110100111 0.416530307133
0 110100110 0.583469692867

111
1 1111 0.41675727693
0 1110 0.58324272307

10011110010
1 00111100101 0.383680928833
0 10101100100 0.616319071167

11101111010
1 101 0.395240264177
0 1011110100 0.604759735823

01111010010
1 101 0.428288822948
0 00100 0.571711177052

00111010010
1 101 0.426188442926
0 01110100100 0.573811557074

0110010010
1 01100100101 0.423866090713
0 01100100100 0.576133909287

10110010010
1 01100100101 0.417589370452
0 00100 0.582410629548

00100010010
1 00101 0.416531402173
0 0100 0.583468597827

01001101010
1 10011010101 0.402560682849
0 10011010100 0.597439317151

10101111010
1 10101 0.388954869359
0 011110100 0.611045130641

01111010
1 011110101 0.397019808103
0 011110100 0.602980191897

11011010
1 110110101 0.398693896542
0 110110100 0.601306103458

10011011010
1 00110110101 0.399979865096
0 10110110100 0.600020134904

1011011010
1 10110110101 0.397645362806
0 10110110100 0.602354637194

011011010
1 0110110101 0.398517738234
0 10110110100 0.601482261766

10110111010
1 01101110101 0.400267087532
0 101110100 0.599732912468

1010111010
1 10101110101 0.3985633044
0 101110100 0.6014366956

1110111010
1 11101110101 0.399839559936
0 101110100 0.600160440064

01110111010
1 01110101 0.404017030729
0 101110100 0.595982969271

110111010
1 1101110101 0.39907972457
0 101110100 0.60092027543

10111010
1 101110101 0.397617169007
0 101110100 0.602382830993

111011010
1 1110110101 0.398833263885
0 1110110100 0.601166736115

10111011010
1 01110110101 0.404338549075
0 1110110100 0.595661450925

11111011010
1 110101 0.403608883405
0 110110100 0.596391116595

011010
1 0110101 0.39869512621
0 0110100 0.60130487379

11110101010
1 10101 0.39894319683
0 1101010100 0.60105680317

10111101010
1 010101 0.399421128799
0 111010100 0.600578871201

11011101010
1 010101 0.403780286693
0 0111010100 0.596219713307

101111010
1 1011110101 0.397661002069
0 1011110100 0.602338997931

01111101010
1 1111010101 0.406292958607
0 11010100 0.593707041393

11101101010
1 10101 0.390391087385
0 11010100 0.609608912615

1101101010
1 11011010101 0.394118402466
0 11010100 0.605881597534

010111010
1 0101110101 0.396247746509
0 101110100 0.603752253491

00011101010
1 00111010101 0.420614035088
0 0111010100 0.579385964912

1101111010
1 11011110101 0.397279885469
0 1011110100 0.602720114531

011101010
1 0111010101 0.405811738242
0 0111010100 0.594188261758

11101010
1 11111010101 0.40385607059
0 111010100 0.59614392941

1011101010
1 10111010101 0.399619585225
0 10111010100 0.600380414775

00010011010
1 10100110101 0.402567176811
0 0110100 0.597432823189

1101010
1 11010101 0.400897841536
0 11010100 0.599102158464

1010011010
1 10100110101 0.399713429725
0 10100110100 0.600286570275

01101010
1 011010101 0.396842229292
0 011010100 0.603157770708

0110101010
1 101010101 0.403957823961
0 1101010100 0.596042176039

00110101010
1 01010101 0.404246631278
0 1101010100 0.595753368722

0101010
1 01010101 0.399085504553
0 01010100 0.600914495447

00101010
1 001010101 0.399872972596
0 01001010100 0.600127027404

0100101010
1 11001010101 0.395262424524
0 01001010100 0.604737575476

101010
1 1010101 0.399959268917
0 1010100 0.600040731083

01011011010
1 10110101 0.394554683895
0 110110100 0.605445316105

1011010
1 10110101 0.398251955155
0 10110100 0.601748044845

00101111010
1 11110101 0.40742568151
0 011110100 0.59257431849

0101111010
1 01011110101 0.39801536879
0 011110100 0.60198463121

01110101010
1 0101 0.390808569454
0 1101010100 0.609191430546

01010101010
1 0101 0.392055267703
0 1010100 0.607944732297

00101011010
1 0101 0.399474225626
0 10110100 0.600525774374

1001011010
1 10010110101 0.4022159386
0 11110110100 0.5977840614

01111011010
1 0101 0.40162089149
0 11110110100 0.59837910851

01011101010
1 0101 0.395721925134
0 10111010100 0.604278074866

1110101010
1 11101010101 0.393822393822
0 1101010100 0.606177606178

0111101010
1 01010010101 0.395831731139
0 01111010100 0.604168268861

01101101010
1 1011010101 0.398735086963
0 11010100 0.601264913037

01001011010
1 0010110101 0.400316455696
0 11110110100 0.599683544304

1111111010
1 11111110101 0.40538273864
0 11110100 0.59461726136

0010101010
1 00101010101 0.398883411534
0 0101010100 0.601116588466

010101010
1 0101010101 0.398556106836
0 0101010100 0.601443893164

01011111010
1 10111110101 0.396816037736
0 11110100 0.603183962264

10010101010
1 10101 0.405174405174
0 101010100 0.594825594826

1010101010
1 10101010101 0.398228510284
0 101010100 0.601771489716

10101010
1 101010101 0.398305084746
0 101010100 0.601694915254

101101010
1 1011010101 0.393510892874
0 1011010100 0.606489107126

1111010
1 11110101 0.398703116069
0 11110100 0.601296883931

1001010
1 10010101 0.394749943426
0 10010100 0.605250056574

10111111010
1 1111110101 0.391618674182
0 111110100 0.608381325818

0111111010
1 01111110101 0.393619516772
0 111110100 0.606380483228

11111010
1 111110101 0.400346687961
0 111110100 0.599653312039

01011010
1 010110101 0.397842003854
0 010110100 0.602157996146

01111111010
1 11110101 0.411317829457
0 1111110100 0.588682170543

111111010
1 1111110101 0.39957537155
0 1111110100 0.60042462845

01000101010
1 10001010101 0.405477404893
0 10001010100 0.594522595107

001011010
1 0010110101 0.396364442474
0 0010110100 0.603635557526

1011111010
1 10111110101 0.401388296901
0 10111110100 0.598611703099

11011111010
1 1110101 0.406269671409
0 10111110100 0.593730328591

011111010
1 0111110101 0.401132164478
0 10111110100 0.598867835522

00100111010
1 10101 0.399785956359
0 01001110100 0.600214043641

0100111010
1 01001110101 0.396092865232
0 01001110100 0.603907134768

1111011010
1 11110110101 0.402601353921
0 11110110100 0.597398646079

10001011010
1 00010110101 0.3892476137
0 00010110100 0.6107523863

0010011010
1 00100110101 0.399173699015
0 00100110100 0.600826300985

00111011010
1 01110110101 0.390844777362
0 e 0.609155222638

11010011010
1 10101 0.404028842852
0 e 0.595971157148

01010111010
1 0101110101 0.404344779257
0 e 0.595655220743

00111101010
1 0101 0.38951390363
0 e 0.61048609637

10100111010
1 01001110101 0.392735527809
0 e 0.607264472191

10010011010
1 00100110101 0.396761742443
0 e 0.603238257557

111101010
1 1111010101 0.400609639931
0 1111010100 0.599390360069

10101011010
1 110101 0.40672308976
0 1010110100 0.59327691024

11101011010
1 0110101 0.393817913282
0 1010110100 0.606182086718

00100101010
1 10101 0.390712074303
0 1001010100 0.609287925697

01101011010
1 10101 0.397245921269
0 1010110100 0.602754078731

11100101010
1 001010101 0.396245733788
0 1001010100 0.603754266212

100101010
1 11001010101 0.394764893995
0 1001010100 0.605235106005

11001010010
1 100101 0.407258987864
0 100100 0.592741012136

101011010
1 1010110101 0.39924319779
0 1010110100 0.60075680221

0101011010
1 01010110101 0.403022523048
0 1010110100 0.596977476952

01100101010
1 010101 0.391982469709
0 11001010100 0.608017530291

11111101010
1 010101 0.404331590739
0 010100 0.595668409261

10100101010
1 001010101 0.399278609684
0 010100 0.600721390316

1100101010
1 11001010101 0.394247038917
0 11001010100 0.605752961083

10101101010
1 01011010101 0.391517128874
0 010100 0.608482871126

01001111010
1 10011110101 0.39589844821
0 10011110100 0.60410155179

10011111010
1 00111110101 0.400665557404
0 00111110100 0.599334442596

1111101010
1 11111010101 0.405301314001
0 11111010100 0.594698685999

11010101010
1 10101 0.404817500307
0 0100 0.595182499693

10110101010
1 010101 0.403785103785
0 0100 0.596214896215

11111111010
1 1110101 0.399639963996
0 0100 0.600360036004

10011101010
1 0111010101 0.387086056042
0 0100 0.612913943958

010
1 0101 0.401685162434
0 0100 0.598314837566

0010111010
1 00101110101 0.393833478966
0 0100 0.606166521034

0101101010
1 01011010101 0.392941034753
0 01011010100 0.607058965247

00101101010
1 01011010101 0.394464530607
0 0100 0.605535469393

1101011010
1 11010110101 0.395235148515
0 1010110100 0.604764851485

11011011010
1 01 0.401002506266
0 10110110100 0.598997493734

11001011010
1 01 0.404197618205
0 11110110100 0.595802381795

00111111010
1 01 0.397147796024
0 111110100 0.602852203976

11110111010
1 01 0.393050541516
0 10100 0.606949458484

11001010001
1 11110100011 0.400123813454
0 0 0.599876186546

111010010
1 1110100101 0.425612237394
0 01110100100 0.574387762606

011010010
1 0110100101 0.425285714286
0 0110100100 0.574714285714

010010
1 0100101 0.425532782177
0 0100100 0.574467217823

00101010010
1 01010100101 0.428524518389
0 00100 0.571475481611

0101010010
1 01010100101 0.429339853301
0 01010100100 0.570660146699

11101010010
1 10100101 0.427367779921
0 00100 0.572632220079

1011010010
1 10110100101 0.428136796439
0 0100100 0.571863203561

10111010010
1 10100101 0.417144141108
0 01110100100 0.582855858892

1010010
1 10100101 0.428932247269
0 10100100 0.571067752731

11011010010
1 10110100101 0.425709322525
0 0110100100 0.574290677475

11010010
1 110100101 0.42547933656
0 01110100100 0.57452066344

10010010
1 100100101 0.424191820092
0 100100100 0.575808179908

101010010
1 1010100101 0.427540724875
0 01010100100 0.572459275125

01110010010
1 11100100101 0.423195223449
0 00100 0.576804776551

1010010010
1 11110100101 0.418368938094
0 0100100100 0.581631061906

010010010
1 0100100101 0.424084773144
0 0100100100 0.575915226856

0010010
1 00100101 0.421727247023
0 00100100 0.578272752977

0100010010
1 01000100101 0.418534210764
0 01000100100 0.581465789236

0111010010
1 01110100101 0.423146678758
0 01110100100 0.576853321242

1101010010
1 11010100101 0.425601686479
0 01010100100 0.574398313521

10100010010
1 01000100101 0.420064889624
0 100100 0.579935110376

1110010010
1 11100100101 0.424692019282
0 11100100100 0.575307980718

10010010010
1 0100100101 0.428761242845
0 0100 0.571238757155

11110010010
1 00100101 0.426864495798
0 0100 0.573135504202

01101010010
1 010100101 0.423194021589
0 0100 0.576805978411

01110100010
1 11101000101 0.429103527314
0 0100 0.570896472686

10011010010
1 00110100101 0.420349234221
0 11110100100 0.579650765779

01110100
1 011101001 0.425039322646
0 011101000 0.574960677354

001110100
1 0011101001 0.398626294591
0 00011101000 0.601373705409

11011011001
0 0110110010 1.0

1011011001
0 10110110010 1.0

10011011001
0 00110110010 1.0

01111001
0 011110010 1.0

1011111001
0 10111110010 1.0

01000111001
0 10001110010 1.0

00111001
0 001110010 1.0

0110111001
0 01101110010 1.0

1111011001
0 11110110010 1.0

010011001
0 0100110010 1.0

11001011001
0 0010110010 1.0

00101011001
0 01010110010 1.0

11111011001
0 10110010 1.0

10111001
0 101110010 1.0

00100111001
0 01001110010 1.0

0101111001
0 01011110010 1.0

101111001
0 1011110010 1.0

0111111001
0 01111110010 1.0

11010111001
0 0101110010 1.0

0010111001
0 00101110010 1.0

111111001
0 1111110010 1.0

11111111001
0 1110010 1.0

11111001
0 111110010 1.0

1111001
0 11110010 1.0

10110111001
0 01110010 1.0

1101111001
0 11011110010 1.0

111011001
0 1110110010 1.0

01001011001
0 010110010 1.0

11011001
0 110110010 1.0

110111001
0 1101110010 1.0

011111001
0 0111110010 1.0

011001
0 0110010 1.0

1101011001
0 11010110010 1.0

10010011001
0 00100110010 1.0

11110111001
0 110010 1.0

01010111001
0 10101110010 1.0

1110111001
0 11101110010 1.0

1111111001
0 11111110010 1.0

1001011001
0 10010110010 1.0

0111011001
0 01110110010 1.0

10101011001
0 1010110010 1.0

01001111001
0 10011110010 1.0

10101111001
0 11001010010 1.0

11010011001
0 10100110010 1.0

11101000111
0 010001110 1.0

1010011
1 10100111 0.454237584519
0 10100110 0.545762415481

0010
1 00101 0.432061280081
0 00100 0.567938719919

0010010010
1 00100100101 0.43044786483
0 00100100100 0.56955213517

00110010010
1 00101 0.432150313152
0 11100100100 0.567849686848

00010010010
1 0101 0.432648706322
0 0100100100 0.567351293678

1110100110
1 11101001101 0.460169846301
0 11101001100 0.539830153699

10001010010
1 0010100101 0.441036761669
0 00010100100 0.558963238331

01001010010
1 0010100101 0.452737298149
0 00100 0.547262701851

01010010
1 010100101 0.432153512341
0 010100100 0.567846487659

1001010010
1 10010100101 0.431709899418
0 10100100 0.568290100582

110100010
1 11101000101 0.456190415458
0 1101000100 0.543809584542

1111010010
1 11110100101 0.430166817896
0 11110100100 0.569833182104

11111010010
1 0100101 0.432
0 0100 0.568

10101010010
1 10100101 0.43014348905
0 0100 0.56985651095

01011010010
1 110100101 0.430436690805
0 0100 0.569563309195

1110100010
1 11101000101 0.442053098186
0 0100 0.557946901814

1110100
1 11101001 0.446723473418
0 11101000 0.553276526582

1110100101
1 11101001011 0.322025112314
0 11101001010 0.677974887686

10001000101
1 01100101011 0.301420612813
0 10010001010 0.698579387187

00101000101
1 11101101011 0.296808400042
0 10010001010 0.703191599958

11001000101
1 10010001011 0.298057339809
0 10010001010 0.701942660191

01101000101
1 1010001011 0.301502520841
0 10010001010 0.698497479159

01000101
1 010001011 0.299421163005
0 10010001010 0.700578836995

101000101
1 1010001011 0.299510002248
0 11010001010 0.700489997752

10101000101
1 010001011 0.294375049726
0 11010001010 0.705624950274

01001000101
1 0010001011 0.297632684231
0 10010001010 0.702367315769

0010100101
1 00101001011 0.306582020722
0 101001010 0.693417979278

0110100101
1 01101001011 0.315754114881
0 01101001010 0.684245885119

0100101
1 01001011 0.315945764719
0 01001010 0.684054235281

11110100101
1 001011 0.322894694142
0 01001010 0.677105305858

01010100101
1 001011 0.316755251835
0 10101001010 0.683244748165

0100100101
1 01001001011 0.319279442149
0 01001001010 0.680720557851

00100101
1 001001011 0.317211710369
0 001001010 0.682788289631

01000100101
1 10001001011 0.314077711726
0 001001010 0.685922288274

10010100101
1 101001011 0.313917841815
0 0101001010 0.686082158185

010100101
1 0101001011 0.310572065146
0 0101001010 0.689427934854

10100101
1 101001011 0.31483389764
0 101001010 0.68516610236

10110100101
1 001011 0.319120936965
0 101001010 0.680879063035

110100101
1 1101001011 0.319473864025
0 01101001010 0.680526135975

100100101
1 1001001011 0.319598451545
0 1001001010 0.680401548455

11101000101
1 11010001011 0.304003010996
0 11010001010 0.695996989004

1010100101
1 10101001011 0.314963744232
0 10101001010 0.685036255768

11100100101
1 11001001011 0.313532601841
0 11001001010 0.686467398159

0101000101
1 01010001011 0.295675525512
0 01010001010 0.704324474488

0111010011
1 01110100111 0.317169317169
0 01110100110 0.682830682831

11101
1 111011 0.306571969943
0 111010 0.693428030057

01110100101
1 11 0.321546566658
0 11101001010 0.678453433342

11010100101
1 11 0.313015960374
0 10101001010 0.686984039626

00110100101
1 11 0.309816662799
0 01101001010 0.690183337201

011101
1 0111011 0.282913294038
0 0111010 0.717086705962

0111010
1 01110101 0.315842255172
0 01110100 0.684157744828

00111010
1 001110101 0.282411230388
0 001110100 0.717588769612

0010010001
1 11110100011 0.304327645051
0 00100100010 0.695672354949

11010010001
1 11110100011 0.305394941928
0 10100100010 0.694605058072

0010001
1 11110100011 0.301385610261
0 00100010 0.698614389739

001010001
1 11110100011 0.301362695626
0 0010100010 0.698637304374

11110010001
1 11110100011 0.303846880312
0 11100100010 0.696153119688

1101010001
1 11110100011 0.300728465773
0 11010100010 0.699271534227

11011010001
1 11110100011 0.30071918381
0 0100010 0.69928081619

10101010001
1 11110100011 0.304909824759
0 01010100010 0.695090175241

0100010001
1 11110100011 0.299487726988
0 01000100010 0.700512273012

1111010001
1 11110100011 0.301353255349
0 11110100010 0.698646744651

01010001
1 11110100011 0.301231266712
0 010100010 0.698768733288

01011010001
1 11110100011 0.296151471496
0 0110100010 0.703848528504

10011010001
1 11110100011 0.304450080701
0 00110100010 0.695549919299

1011010001
1 11110100011 0.298343724079
0 10110100010 0.701656275921

11010001
1 11110100011 0.285088244177
0 110100010 0.714911755823

111010001
1 11110100011 0.277226617191
0 1110100010 0.722773382809

1010001
1 11110100011 0.292807674352
0 10100010 0.707192325648

10100110010
1 01001100101 0.319482146586
0 01001100100 0.680517853414

010011
1 0100111 0.472158827942
0 0100110 0.527841172058

0111001010
1 01110010101 0.472473246136
0 01110010100 0.527526753864

1011001010
1 10110010101 0.46869677771
0 10110010100 0.53130322229

10111001010
1 1110010101 0.469434989789
0 01110010100 0.530565010211

011001010
1 0110010101 0.471658722968
0 00110010100 0.528341277032

11001010
1 110010101 0.472157429005
0 10110010100 0.527842570995

11111001010
1 10010101 0.469093988146
0 11110010100 0.530906011854

111001010
1 1110010101 0.472599629772
0 11110010100 0.527400370228

1111001010
1 11110010101 0.472779612226
0 11110010100 0.527220387774

11011001010
1 0010101 0.470994086173
0 10100 0.529005913827

01011001010
1 10101 0.466543486868
0 0100 0.533456513132

10100010
1 101000101 0.46768367806
0 101000100 0.53231632194

110100
1 1101001 0.466983983306
0 1101000 0.533016016694

00110010011
1 01100100111 0.543211035
0 10100100110 0.456788965

011001001
1 0110010011 0.559362360219
0 0110010010 0.440637639781

11001001001
1 010010011 0.539767736899
0 010010 0.460232263101

1001001
1 10010011 0.536850721546
0 10010010 0.463149278454

11110101001
1 11101010011 0.537496833038
0 010010 0.462503166962

10010101001
1 101010011 0.537303283466
0 010010 0.462696716534

10101101001
1 011010011 0.538798685128
0 1011010010 0.461201314872

00111001001
1 1110010011 0.536360937964
0 1110010010 0.463639062036

11001001
1 110010011 0.544360921645
0 1110010010 0.455639078355

00111101001
1 1111010011 0.536965694368
0 0010 0.463034305632

01000101001
1 10001010011 0.565671742202
0 10001010010 0.434328257798

00101001
1 001010011 0.549338579153
0 10001010010 0.450661420847

0101001
1 01010011 0.54013956708
0 01010010 0.45986043292

110100110
1 1101001101 0.553244290211
0 11101001100 0.446755709789

11101001
1 111010011 0.566031914894
0 111010010 0.433968085106

1101001
1 11010011 0.552536750358
0 11010010 0.447463249642

101001
1 1010011 0.546207651874
0 1010010 0.453792348126

01001
1 010011 0.537244149038
0 010010 0.462755850962

1110
1 11101 0.784596621517
0 1111111100 0.215403378483

01110
1 011101 0.801815132423
0 1011011100 0.198184867577

011
1 0111 0.58190973078
0 0110 0.41809026922

100
1 1001 0.580560470815
0 11101101000 0.419439529185

0
1 01 0.596346519269
0 00 0.403653480731

011101001
1 0111010011 0.583232288238
0 0111010010 0.416767711762

10011001001
1 00110010011 0.597298509136
0 00110010010 0.402701490864

0011101001
1 00111010011 0.603856562923
0 00111010010 0.396143437077

010001110
1 0100011101 0.85777936096
0 0100011100 0.14222063904

0100101001
1 01001010011 0.61420702754
0 01001010010 0.38579297246

00100101001
1 01010011 0.615850663173
0 01001010010 0.384149336827

10100110
1 101001101 0.641966869947
0 11101001100 0.358033130053

0011
1 00111 0.662616238978
0 0100110 0.337383761022

00011101001
1 00111010011 0.627209267786
0 0111010010 0.372790732214

0100110
1 01001101 0.685813630042
0 01001100 0.314186369958

00
1 001 0.704503418031
0 11101101000 0.295496581969

0100011101
1 01000111011 0.211052957694
0 01000111010 0.788947042306

00111
1 01001111 0.231858712252
0 001110 0.768141287748

00111010011
1 01110100111 0.251690009337
0 01110100110 0.748309990663

0011101
1 00111011 0.249653890465
0 00111010 0.750346109535

00111010001
1 11110100011 0.259567661305
0 010 0.740432338695

0111010001
1 11110100011 0.268654978929
0 01110100010 0.731345021071

01001010001
1 11110100011 0.243267716535
0 0010 0.756732283465

01000111010
1 10001110101 0.248863712319
0 10001110100 0.751136287681

001110
1 0011101 0.828050344717
0 0011100 0.171949655283

