0110
1 1101 0.0103361828045
0 1100 0.989663817195

0111
1 1111 1.0
0 1110 0.0

0000
1 0001 0.0100286728808
0 0000 0.989971221959

0001
1 0011 1.0
0 0010 0.0

0011
1 0111 0.0101838435531
0 0110 0.989816156447

1111
1 1111 0.0177339901478
0 1110 0.982266009852

1110
1 1101 0.00802407221665
0 1100 0.991975927783

1100
1 1001 0.00973168500992
0 1000 0.99026831499

1101
1 1011 1.0
0 1010 0.0

1011
1 0111 0.00591715976331
0 0110 0.994082840237

1001
1 0011 1.0
0 0010 0.0

1000
1 0001 0.0103564572199
0 0000 0.98964354278

