0011001
1 0110011 1.0
0 0110010 0.0

0011000
1 0110001 0.01031790591
0 0110000 0.98968209409

1110011
1 1100111 0.0
0 1100110 1.0

0001111
1 0011111 0.00913705583756
0 0011110 0.990862944162

1011011
1 0110111 0.0
0 0110110 1.0

1110110
1 1101101 0.0
0 1101100 1.0

1111100
1 1111001 0.0
0 1111000 1.0

0000001
1 0000011 1.0
0 0000010 0.0

0000000
1 0000001 0.0100353425371
0 0000000 0.989964549073

1100011
1 1000111 0.0110220440882
0 1000110 0.988977955912

0111111
1 1111111 0.0
0 1111110 1.0

1001101
1 0011011 1.0
0 0011010 0.0

1111001
1 1110011 1.0
0 1110010 0.0

1111000
1 1110001 0.0133060388946
0 1110000 0.986693961105

1101111
1 1011111 0.0
0 1011110 1.0

1000000
1 0000001 0.00992354167781
0 0000000 0.990076458322

1000001
1 0000011 1.0
0 0000010 0.0

1100001
1 1000011 1.0
0 1000010 0.0

1100000
1 1000001 0.00999385970484
0 1000000 0.990006140295

0110001
1 1100011 1.0
0 1100010 0.0

0110000
1 1100001 0.00949132433635
0 1100000 0.990508675664

0110110
1 1101101 0.009
0 1101100 0.991

0011111
1 0111111 1.0
0 0111110 0.0

1110000
1 1100001 0.0124481327801
0 1100000 0.98755186722

1110001
1 1100011 1.0
0 1100010 0.0

0001101
1 0011011 1.0
0 0011010 0.0

0001100
1 0011001 0.00968281882323
0 0011000 0.990317181177

1011110
1 0111101 0.0
0 0111100 1.0

0011110
1 0111101 0.0081466395112
0 0111100 0.991853360489

0011011
1 0110111 0.00601805416249
0 0110110 0.993981945838

0000111
1 0001111 1.0
0 0001110 0.0

0000110
1 0001101 0.0103822357827
0 0001100 0.989617764217

1011000
1 0110001 0.0111336032389
0 0110000 0.988866396761

0000011
1 0000111 0.0101950073048
0 0000110 0.989804992695

1001100
1 0011001 0.010764262648
0 0011000 0.989235737352

1000011
1 0000111 0.0121145374449
0 0000110 0.987885462555

0111101
1 1111011 1.0
0 1111010 0.0

0111100
1 1111001 0.0122448979592
0 1111000 0.987755102041

1000110
1 0001101 0.00506585612969
0 0001100 0.99493414387

1000111
1 0001111 1.0
0 0001110 0.0

1111011
1 1110111 0.0
0 1110110 1.0

1011001
1 0110011 1.0
0 0110010 0.0

1101101
1 1011011 1.0
0 1011010 0.0

1101100
1 1011001 0.011011011011
0 1011000 0.988988988989

1001111
1 0011111 0.0
0 0011110 1.0

0110011
1 1100111 0.00641711229947
0 1100110 0.993582887701

1100111
1 1001111 1.0
0 1001110 0.0

1100110
1 1001101 0.0127523910733
0 1001100 0.987247608927

0110111
1 1101111 1.0
0 1101110 0.0

1111110
1 1111101 0.0
0 1111100 1.0

