1111
1 1111 0.50464551053
0 11110 0.49535448947

11110
1 111101 0.753169301744
0 111100 0.246830698256

111101
1 1111 0.352542956861
0 1111010 0.647457043139

111100
1 1111001 1.0

1111010
1 111101 0.398703116069
0 1111 0.601296883931

1111001
0 111101 1.0

101001
1 1010011 0.546207651874
0 1111010 0.453792348126

1010011
1 1111 0.454237584519
0 0100110 0.545762415481

1010001
1 111100 0.292807674352
0 1111 0.707192325648

0100110
1 111101 0.685813630042
0 111100 0.314186369958

0
1 111101 0.596346519269
0 0100110 0.403653480731

0001110
1 0011101 0.85777936096
0 111100 0.14222063904

0011101
1 1111 0.249653890465
0 1010001 0.750346109535

1110
1 1010001 0.784596621517
0 111100 0.215403378483

001110
1 0011101 0.828050344717
0 111100 0.171949655283

