1111
1 1111 0.50464551053
0 11110 0.49535448947

11110100
1 111101001 0.499819719418
0 111101000 0.500180280582

111001001
1 1111 0.53007802668
0 111010010 0.46992197332

011010011
1 1111 0.492060491493
0 110100110 0.507939508507

100101001
1 1111 0.531265508685
0 001010010 0.468734491315

111101001
1 111010011 0.530216086828
0 111010010 0.469783913172

100100010
1 101000101 0.483785578659
0 11110100 0.516214421341

101110100
1 011101001 0.502004034265
0 111101000 0.497995965735

11110
1 111101 0.753169301744
0 111100 0.246830698256

111101
1 1111 0.352542956861
0 1111010 0.647457043139

111010011
1 1111 0.371473678275
0 110100110 0.628526321725

101001010
1 111101 0.338274964788
0 11110100 0.661725035212

11110010
1 111100101 0.377372817008
0 11110100 0.622627182992

111100
1 1111001 1.0

111101000
1 111010001 1.0

111100101
1 1111 0.390651601919
0 111001010 0.609348398081

1111010
1 111101 0.398703116069
0 11110100 0.601296883931

100111010
1 111101 0.396092865232
0 001110100 0.603907134768

001110100
1 011101001 0.398626294591
0 111101000 0.601373705409

111010010
1 110100101 0.425612237394
0 11110100 0.574387762606

1111001
0 11110010 1.0

101000111
0 010001110 1.0

101000101
1 1111 0.299510002248
0 101001010 0.700489997752

110010001
1 111100 0.303129323407
0 100100010 0.696870676593

111010001
1 111100 0.277226617191
0 110100010 0.722773382809

111001010
1 111101 0.472599629772
0 11110100 0.527400370228

110100010
1 101000101 0.456190415458
0 11110100 0.543809584542

011001001
1 1111 0.559362360219
0 111010010 0.440637639781

000101001
1 1111 0.565671742202
0 001010010 0.434328257798

110100110
1 111101 0.553244290211
0 111100 0.446755709789

011101001
1 111010011 0.583232288238
0 111010010 0.416767711762

110100101
1 1111 0.319473864025
0 101001010 0.680526135975

010001110
1 100011101 0.85777936096
0 111100 0.14222063904

001010010
1 110100101 0.436431596006
0 11110100 0.563568403994

100011101
1 1111 0.211052957694
0 000111010 0.788947042306

000111010
1 111101 0.248863712319
0 001110100 0.751136287681

