1011111
1 111111 0.50425186531
0 110 0.49574813469

101111
1 1011111 0.50567830946
0 1011110 0.49432169054

0011111
1 111111 0.507344752612
0 11110 0.492655247388

1111
1 11111 0.50464551053
0 11110 0.49535448947

1111111
1 1111 0.503592604222
0 111110 0.496407395778

111111
1 1111111 0.505348541986
0 111110 0.494651458014

11111
1 111111 0.505356308935
0 111110 0.494643691065

1111011
1 10111 0.505004253163
0 1110110 0.494995746837

01011
1 010111 0.504345374763
0 1110110 0.495654625237

10111
1 101111 0.504674815288
0 101110 0.495325184712

1001111
1 0011111 0.500823329438
0 1011110 0.499176670562

0101111
1 11111 0.504923851223
0 1011110 0.495076148777

010111
1 0101111 0.505604177392
0 101110 0.494395822608

0010011
1 0100111 0.493851201185
0 0110 0.506148798815

11011
1 110111 0.50747793739
0 1110110 0.49252206261

0100111
1 1001111 0.509068784857
0 1001110 0.490931215143

0001011
1 010111 0.517173617293
0 0010110 0.482826382707

110111
1 1101111 0.503680923692
0 101110 0.496319076308

0111011
1 11 0.516731083951
0 1110110 0.483268916049

1101111
1 e 0.506488233733
0 11110 0.493511766267

0100100
1 001001 0.500541851584
0 01000 0.499458148416

001001
1 0010011 0.526780371591
0 0010010 0.473219628409

10
1 101 0.523137399048
0 100 0.476862600952

11
1 111 0.499427975161
0 110 0.500572024839

e
1 1 0.5000001
0 0 0.4999999

100100
1 1001001 0.502966195101
0 01000 0.497033804899

010100
1 0101001 0.499288523273
0 01000 0.500711476727

10100
1 101001 0.482936182121
0 01000 0.517063817879

0100
1 01001 0.494388080808
0 01000 0.505611919192

0100010
1 1000101 0.473973379861
0 0100100 0.526026620139

110
1 1101 0.76013497128
0 1101100 0.23986502872

11110
1 111101 0.753169301744
0 111100 0.246830698256

111110
1 1111101 0.75396954063
0 111100 0.24603045937

0110
1 1101101 0.726088562283
0 1001100 0.273911437717

1110110
1 1101101 0.751721338803
0 1101100 0.248278661197

1011110
1 0111101 0.752250948369
0 111100 0.247749051631

101110
1 1011101 0.751592161196
0 111100 0.248407838804

1001110
1 01 0.755649192382
0 111100 0.244350807618

0010110
1 01 0.752604329112
0 1101100 0.247395670888

101
1 1111011 0.33345022454
0 1010 0.666549134375

00101
1 0001011 0.324629062428
0 1010 0.675370937572

1101
1 11011 0.326238742845
0 11010 0.673761257155

111101
1 1111011 0.352542956861
0 1111010 0.647457043139

0101
1 01011 0.34044366769
0 01010 0.659555069523

10101
1 1111011 0.356795380877
0 101010 0.64320205066

110101
1 01011 0.358480340064
0 101010 0.641519659936

1111101
1 11011 0.350598264653
0 010 0.649401735347

1101101
1 11011 0.352057021652
0 011010 0.647942978348

1110101
1 11 0.362045489852
0 010 0.637954510148

0111101
1 e 0.354522629241
0 1111010 0.645477370759

1011101
1 e 0.353050473701
0 010 0.646949526299

0110101
1 e 0.353527402912
0 101010 0.646472597088

0111
1 0101111 0.353956560418
0 01110 0.646043439582

1010
1 10101 0.374464278844
0 10100 0.625535721156

0001010
1 10101 0.349204640078
0 0100 0.650795359922

11010
1 110101 0.363728428991
0 110100 0.636271571009

111010
1 1110101 0.342130110176
0 110100 0.657869889824

0110010
1 1100101 0.359703711387
0 0100100 0.640296288613

1110010
1 1100101 0.373230149643
0 e 0.626769850357

110010
1 1100101 0.366772168875
0 0100 0.633227831125

01
1 011 0.338826225831
0 010 0.661173438793

1001
1 010011 0.379528398457
0 10010 0.620471601543

001
1 0011 0.344723449865
0 0010 0.655276550135

1001100
1 0011001 1.0

111100
1 1111001 1.0

1101100
1 1011001 1.0

0100011
1 1000111 1.0

01000
1 010001 1.0

1100101
1 1111011 0.392243561616
0 e 0.607756438384

1
1 11 0.403653719269
0 10 0.596346080731

111
1 1111 0.41675727693
0 1110 0.58324272307

1111010
1 10101 0.398703116069
0 e 0.601296883931

10010
1 111101 0.397731310646
0 100100 0.602268689354

01010
1 10101 0.385099779629
0 010100 0.614900220371

010
1 0101 0.401685162434
0 0100 0.598314837566

101010
1 10101 0.399959268917
0 0100 0.600040731083

011010
1 0110101 0.39869512621
0 0100 0.60130487379

010010
1 0100101 0.425532782177
0 0100100 0.574467217823

1010010
1 0100101 0.428932247269
0 e 0.571067752731

0010010
1 0100101 0.421727247023
0 100100 0.578272752977

0011001
0 0110010 1.0

1111001
0 1110010 1.0

1011001
0 110010 1.0

1000111
0 0001110 1.0

011
1 0111 0.58190973078
0 0110 0.41809026922

100
1 1001 0.580560470815
0 01000 0.419439529185

0
1 01 0.596346519269
0 00 0.403653480731

1001001
1 0010011 0.536850721546
0 010010 0.463149278454

0101001
1 11 0.54013956708
0 0010 0.45986043292

1101001
1 1 0.552536750358
0 010010 0.447463249642

101001
1 1010011 0.546207651874
0 1010010 0.453792348126

01001
1 010011 0.537244149038
0 010010 0.462755850962

0100110
1 1101101 0.685813630042
0 1001100 0.314186369958

00
1 001 0.704503418031
0 01000 0.295496581969

1010011
1 0100111 0.454237584519
0 0 0.545762415481

010011
1 0100111 0.472158827942
0 0100110 0.527841172058

110100
1 1101001 0.466983983306
0 01000 0.533016016694

0100101
1 1111011 0.315945764719
0 1010 0.684054235281

1000101
1 0001011 0.299421163005
0 0001010 0.700578836995

11101
1 01011 0.306571969943
0 111010 0.693428030057

011101
1 0111011 0.282913294038
0 0111010 0.717086705962

0111010
1 1110101 0.315842255172
0 110100 0.684157744828

010001
1 0100011 0.296548740675
0 0100010 0.703451259325

1110
1 11101 0.784596621517
0 111100 0.215403378483

01110
1 011101 0.801815132423
0 111100 0.198184867577

0011
1 00111 0.662616238978
0 0100110 0.337383761022

0010
1 00101 0.432061280081
0 0100100 0.567938719919

0011101
1 0111011 0.249653890465
0 0111010 0.750346109535

00111
1 1001111 0.231858712252
0 001110 0.768141287748

0001110
1 0011101 0.85777936096
0 111100 0.14222063904

001110
1 0011101 0.828050344717
0 111100 0.171949655283

