01111
1 11111 0.00902708124373
0 11110 0.990972918756

11001
1 10011 1.0
0 10010 0.0

11000
1 10001 0.0103565646922
0 10000 0.989643435308

10000
1 00001 0.00952111317332
0 00000 0.990478886827

10001
1 00011 1.0
0 00010 0.0

01101
1 11011 1.0
0 11010 0.0

01100
1 11001 0.00970702435581
0 11000 0.990292975644

11111
1 11111 0.5
0 11110 0.5

11110
1 11101 0.00802407221665
0 11100 0.991975927783

11100
1 11001 0.0121334681496
0 11000 0.98786653185

11101
1 11011 1.0
0 11010 0.0

11011
1 10111 0.00591715976331
0 10110 0.994082840237

00111
1 01111 1.0
0 01110 0.0

00110
1 01101 0.0103509136213
0 01100 0.989649086379

00001
1 00011 1.0
0 00010 0.0

00000
1 00001 0.0100338146501
0 00000 0.989966079125

00011
1 00111 0.0102216595409
0 00110 0.989778340459

10011
1 00111 0.00633579725449
0 00110 0.993664202746

10110
1 01101 0.00892857142857
0 01100 0.991071428571

10111
1 01111 1.0
0 01110 0.0

