0110000
1 0000001 0.00949132433635
0 0110000 0.990508675664

0000011
1 0000111 0.0101950073048
0 0000110 0.989804992695

0000110
1 0001101 0.0103822357827
0 0001100 0.989617764217

0001100
1 0011001 0.00968281882323
0 0011000 0.990317181177

0011000
1 0110001 0.01031790591
0 0110000 0.98968209409

0110011
1 1100111 0.00641711229947
0 0000110 0.993582887701

0110110
1 1101101 0.009
0 0001100 0.991

0111100
1 1111001 0.0122448979592
0 0011000 0.987755102041

0011011
1 0110111 0.00601805416249
0 0110110 0.993981945838

0011110
1 0111101 0.0081466395112
0 0111100 0.991853360489

0001111
1 0011111 0.00913705583756
0 0011110 0.990862944162

1100011
1 0000111 0.0110220440882
0 1000110 0.988977955912

0000001
1 0000011 1.0

0011001
1 0110011 1.0

0001101
1 0011011 1.0

0000111
1 0001111 1.0

0110001
1 1100011 1.0

1111001
1 1110011 1.0

1101101
1 1011011 1.0

1100111
1 1001111 1.0

0111101
1 1111011 1.0

0110111
1 1101111 1.0

0011111
1 0111111 1.0

1110011
0 0000110 1.0

1110110
0 0001100 1.0

1111100
0 0011000 1.0

1011011
0 0110110 1.0

1011110
0 0111100 1.0

1001111
0 0011110 1.0

1111011
0 1110110 1.0

1111110
0 1111100 1.0

1101111
0 1011110 1.0

0111111
0 1111110 1.0

1000110
1 0001101 0.00506585612969
0 0001100 0.99493414387

