1111111010
1 1111110101 0.40538273864
0 1111110100 0.59461726136

1111111011
1 1111110111 0.511552550014
0 1111110110 0.488447449986

0101001001
1 1010010011 0.526694975905
0 1010010010 0.473305024095

0101001000
1 1010010001 1.0
0 1010010000 0.0

0110010001
1 1100100011 0.303138963976
0 1100100010 0.696861036024

0111110100
1 1111101001 0.500393855849
0 1111101000 0.499606144151

0111110101
1 1111101011 0.358388867111
0 1111101010 0.641611132889

0101010010
1 1010100101 0.429339853301
0 1010100100 0.570660146699

0101010011
1 1010100111 0.490888878148
0 1010100110 0.509111121852

0011111111
1 0111111111 0.498140495868
0 0111111110 0.501859504132

0011111110
1 0111111101 0.752560426055
0 0111111100 0.247439573945

1110101111
1 1101011111 0.505320735952
0 1101011110 0.494679264048

1110101110
1 1101011101 0.751443298969
0 1101011100 0.248556701031

1001101000
1 0011010001 1.0
0 0011010000 0.0

1001101001
1 0011010011 0.531104199067
0 0011010010 0.468895800933

0101111001
1 1011110011 0.0
0 1011110010 1.0

0100010101
1 1000101011 0.367237445269
0 1000101010 0.632741998479

0100010100
1 1000101001 0.491865300405
0 1000101000 0.508134699595

1001110101
1 0011101011 0.354610436026
0 0011101010 0.645389563974

1110010001
1 1100100011 0.303120506546
0 1100100010 0.696879493454

0010001011
1 0100010111 0.518721879051
0 0100010110 0.481278120949

0010001010
1 0100010101 0.344615284383
0 0100010100 0.655384715617

1001110100
1 0011101001 0.500468823254
0 0011101000 0.499531176746

0111101001
1 1111010011 0.531355539368
0 1111010010 0.468644460632

0111101000
1 1111010001 1.0
0 1111010000 0.0

0010101111
1 0101011111 0.507962126103
0 0101011110 0.492037873897

0010101110
1 0101011101 0.758558760804
0 0101011100 0.241441239196

1100101110
1 1001011101 0.756432444906
0 1001011100 0.243567555094

1100101111
1 1001011111 0.507259425999
0 1001011110 0.492740574001

1011101111
1 0111011111 0.501489459212
0 0111011110 0.498510540788

1001001001
1 0010010011 0.53289410866
0 0010010010 0.46710589134

1011101110
1 0111011101 0.75363657354
0 0111011100 0.24636342646

0100100011
1 1001000111 1.0
0 1001000110 0.0

0100100010
1 1001000101 0.484802487875
0 1001000100 0.515197512125

0001011101
1 0010111011 0.349332402478
0 0010111010 0.650667597522

1010011110
1 0100111101 0.751508803432
0 0100111100 0.248491196568

1010001001
1 0100010011 0.519134877176
0 0100010010 0.480865122824

1010001000
1 0100010001 1.0
0 0100010000 0.0

1011101100
1 0111011001 1.0
0 0111011000 0.0

1011101101
1 0111011011 0.347109356861
0 0111011010 0.652890643139

0010111110
1 0101111101 0.755943716642
0 0101111100 0.244056283358

0010111111
1 0101111111 0.516745856994
0 0101111110 0.483254143006

1011100101
1 0111001011 0.395970394737
0 0111001010 0.604029605263

1011100100
1 0111001001 0.502473533195
0 0111001000 0.497526466805

0111100101
1 1111001011 0.389371381307
0 1111001010 0.610628618693

0111100100
1 1111001001 0.503964258747
0 1111001000 0.496035741253

0011110110
1 0111101101 0.752540346683
0 0111101100 0.247459653317

0011110111
1 0111101111 0.502782193959
0 0111101110 0.497217806041

1010011011
1 0100110111 0.498043548313
0 0100110110 0.501956451687

1011011111
1 0110111111 0.502087800474
0 0110111110 0.497912199526

1011011110
1 0110111101 0.749620637329
0 0110111100 0.250379362671

1010101001
1 0101010011 0.52754982415
0 0101010010 0.47245017585

0001011010
1 0010110101 0.3892476137
0 0010110100 0.6107523863

0001011011
1 0010110111 0.506027323868
0 0010110110 0.493972676132

0110100010
1 1101000101 0.484990074081
0 1101000100 0.515009925919

0110100011
1 1101000111 1.0
0 1101000110 0.0

1010100101
1 0101001011 0.314963744232
0 0101001010 0.685036255768

0100101000
1 1001010001 1.0
0 1001010000 0.0

0100101111
1 1001011111 0.499673202614
0 1001011110 0.500326797386

1001011010
1 0010110101 0.4022159386
0 0010110100 0.5977840614

1111011110
1 1110111101 0.748499571306
0 1110111100 0.251500428694

1111011111
1 1110111111 0.495983086681
0 1110111110 0.504016913319

0011011001
1 0110110011 0.0
0 0110110010 1.0

1111110110
1 1111101101 0.740254051686
0 1111101100 0.259745948314

1111110111
1 1111101111 0.512064343164
0 1111101110 0.487935656836

1001000101
1 0010001011 0.297842310816
0 0010001010 0.702157689184

0111111001
1 1111110011 0.0
0 1111110010 1.0

0001010111
1 0010101111 0.512063741443
0 0010101110 0.487936258557

0111010011
1 1110100111 0.317169317169
0 1110100110 0.682830682831

0111010010
1 1110100101 0.423146678758
0 1110100100 0.576853321242

1101011010
1 1010110101 0.395235148515
0 1010110100 0.604764851485

1101011100
1 1010111001 1.0
0 1010111000 0.0

1101011101
1 1010111011 0.347568303822
0 1010111010 0.652431696178

0101110101
1 1011101011 0.351095003085
0 1011101010 0.648904996915

0101110100
1 1011101001 0.505238119338
0 1011101000 0.494761880662

0101011011
1 1010110111 0.498498187468
0 1010110110 0.501501812532

0111001000
1 1110010001 1.0
0 1110010000 0.0

0111001001
1 1110010011 0.532264206829
0 1110010010 0.467735793171

0101011010
1 1010110101 0.403022523048
0 1010110100 0.596977476952

0010011100
1 0100111001 1.0
0 0100111000 0.0

0010011101
1 0100111011 0.36051861146
0 0100111010 0.63948138854

0010100011
1 0101000111 1.0
0 0101000110 0.0

0010100010
1 0101000101 0.480253632233
0 0101000100 0.519746367767

1110101010
1 1101010101 0.393822393822
0 1101010100 0.606177606178

1110101011
1 1101010111 0.499439061703
0 1101010110 0.500560938297

0001110111
1 0011101111 0.493002657219
0 0011101110 0.506997342781

0001110110
1 0011101101 0.758469800438
0 0011101100 0.241530199562

0011111010
1 0111110101 0.400665557404
0 0111110100 0.599334442596

0011111011
1 0111110111 0.503328626185
0 0111110110 0.496671373815

0110101011
1 1101010111 0.50941011236
0 1101010110 0.49058988764

0110101010
1 1101010101 0.403957823961
0 1101010100 0.596042176039

0010001110
1 0100011101 0.857764284165
0 0100011100 0.142235715835

1101111001
1 1011110011 0.0
0 1011110010 1.0

1010110010
1 0101100101 0.375367244657
0 0101100100 0.624632755343

0100100110
1 1001001101 0.739530471899
0 1001001100 0.260469528101

0100100111
1 1001001111 0.508454227114
0 1001001110 0.491545772886

0100111101
1 1001111011 0.355309671946
0 1001111010 0.644690328054

0100111100
1 1001111001 1.0
0 1001111000 0.0

1011010011
1 0110100111 0.49217546823
0 0110100110 0.50782453177

1011010010
1 0110100101 0.428136796439
0 0110100100 0.571863203561

1000100110
1 0001001101 0.746147634749
0 0001001100 0.253852365251

1010101101
1 0101011011 0.365191070753
0 0101011010 0.634808929247

1101101100
1 1011011001 1.0
0 1011011000 0.0

1101101101
1 1011011011 0.347452776188
0 1011011010 0.652547223812

1010101100
1 0101011001 1.0
0 0101011000 0.0

0101000101
1 1010001011 0.295675525512
0 1010001010 0.704324474488

0101000100
1 1010001001 0.523829101997
0 1010001000 0.476170898003

1111101101
1 1111011011 0.360236803157
0 1111011010 0.639763196843

1111101100
1 1111011001 1.0
0 1111011000 0.0

1111001010
1 1110010101 0.472779612226
0 1110010100 0.527220387774

1111001011
1 1110010111 0.498547279451
0 1110010110 0.501452720549

1110110100
1 1101101001 0.502227943361
0 1101101000 0.497772056639

1110110101
1 1101101011 0.356940298507
0 1101101010 0.643059701493

1011011010
1 0110110101 0.397645362806
0 0110110100 0.602354637194

1011011011
1 0110110111 0.499274958171
0 0110110110 0.500725041829

0011010111
1 0110101111 0.504228121927
0 0110101110 0.495771878073

0011010110
1 0110101101 0.753115264798
0 0110101100 0.246884735202

1101000100
1 1010001001 0.510099381431
0 1010001000 0.489900618569

1101000101
1 1010001011 0.303127730211
0 1010001010 0.696872269789

0111011100
1 1110111001 1.0
0 1110111000 0.0

0111011101
1 1110111011 0.35467686059
0 1110111010 0.64532313941

1011111011
1 0111110111 0.511443462497
0 0111110110 0.488556537503

1011111010
1 0111110101 0.401388296901
0 0111110100 0.598611703099

0101101101
1 1011011011 0.352361028093
0 1011011010 0.647638971907

0101101100
1 1011011001 1.0
0 1011011000 0.0

0100010111
1 1000101111 0.501786178228
0 1000101110 0.498213821772

1001010001
1 0010100011 0.300365566628
0 0010100010 0.699634433372

0001000100
1 0010001001 0.516786632391
0 0010001000 0.483213367609

0001000101
1 0010001011 0.301420612813
0 0010001010 0.698579387187

1010010100
1 0100101001 0.509073198889
0 0100101000 0.490926801111

1010010101
1 0100101011 0.354340155258
0 0100101010 0.645659844742

1001101100
1 0011011001 1.0
0 0011011000 0.0

0001001101
1 0010011011 0.360643910358
0 0010011010 0.639356089642

0001001100
1 0010011001 1.0
0 0010011000 0.0

1101010001
1 1010100011 0.300728465773
0 1010100010 0.699271534227

1010111111
1 0101111111 0.503682213792
0 0101111110 0.496317786208

1010011001
1 0100110011 0.0
0 0100110010 1.0

0100011100
1 1000111001 1.0
0 1000111000 0.0

0100011101
1 1000111011 0.211052957694
0 1000111010 0.788947042306

1110100110
1 1101001101 0.460169846301
0 1101001100 0.539830153699

1110100111
1 1101001111 0.516721477359
0 1101001110 0.483278522641

1000101111
1 0001011111 0.503462559058
0 0001011110 0.496537440942

1000101110
1 0001011101 0.746952610651
0 0001011100 0.253047389349

0101011001
1 1010110011 0.0
0 1010110010 1.0

1001011101
1 0010111011 0.355746089049
0 0010111010 0.644253910951

1001011100
1 0010111001 1.0
0 0010111000 0.0

0110111111
1 1101111111 0.501485778973
0 1101111110 0.498514221027

0110111110
1 1101111101 0.762666289273
0 1101111100 0.237333710727

1101001110
1 1010011101 0.754102203469
0 1010011100 0.245897796531

1101001111
1 1010011111 0.498498826355
0 1010011110 0.501501173645

0010100110
1 0101001101 0.740671720808
0 0101001100 0.259328279192

0010100111
1 0101001111 0.509728978457
0 0101001110 0.490271021543

0011101101
1 0111011011 0.350645841215
0 0111011010 0.649354158785

0011101100
1 0111011001 1.0
0 0111011000 0.0

0001110010
1 0011100101 0.361110006759
0 0011100100 0.638889993241

1000111011
1 0001110111 0.528921231807
0 0001110110 0.471078768193

1000111010
1 0001110101 0.248863712319
0 0001110100 0.751136287681

1111010001
1 1110100011 0.301353255349
0 1110100010 0.698646744651

0110101110
1 1101011101 0.745655608215
0 1101011100 0.254344391785

0110101111
1 1101011111 0.508841985168
0 1101011110 0.491158014832

0111101100
1 1111011001 1.0
0 1111011000 0.0

0111101101
1 1111011011 0.353106796117
0 1111011010 0.646893203883

0111110111
1 1111101111 0.502354116136
0 1111101110 0.497645883864

0111110110
1 1111101101 0.747711839386
0 1111101100 0.252288160614

0101010001
1 1010100011 0.301405839642
0 1010100010 0.698594160358

0001010101
1 0010101011 0.344683919558
0 0010101010 0.655316080442

0001010100
1 0010101001 0.501693989071
0 0010101000 0.498306010929

0011011011
1 0110110111 0.503472222222
0 0110110110 0.496527777778

0011011010
1 0110110101 0.399979865096
0 0110110100 0.600020134904

1101001000
1 1010010001 1.0
0 1010010000 0.0

1101001001
1 1010010011 0.525364164205
0 1010010010 0.474635835795

1011010110
1 0110101101 0.754693223443
0 0110101100 0.245306776557

1011010111
1 0110101111 0.500337457818
0 0110101110 0.499662542182

1001101011
1 0011010111 0.497505136484
0 0011010110 0.502494863516

1001101010
1 0011010101 0.402560682849
0 0011010100 0.597439317151

0010010001
1 0100100011 0.304327645051
0 0100100010 0.695672354949

1110010011
1 1100100111 0.491452991453
0 1100100110 0.508547008547

1110010010
1 1100100101 0.424692019282
0 1100100100 0.575307980718

1001111100
1 0011111001 1.0
0 0011111000 0.0

1001111101
1 0011111011 0.354780990553
0 0011111010 0.645219009447

1010010111
1 0100101111 0.505906735751
0 0100101110 0.494093264249

1100101100
1 1001011001 1.0
0 1001011000 0.0

1011111110
1 0111111101 0.750824693685
0 0111111100 0.249175306315

1001110110
1 0011101101 0.754513406687
0 0011101100 0.245486593313

0110010100
1 1100101001 0.492059941847
0 1100101000 0.507940058153

0110010101
1 1100101011 0.352096208452
0 1100101010 0.647903791548

1001001100
1 0010011001 1.0
0 0010011000 0.0

1001001101
1 0010011011 0.359130043691
0 0010011010 0.640869956309

1001001010
1 0010010101 0.346335583414
0 0010010100 0.653664416586

0101111100
1 1011111001 1.0
0 1011111000 0.0

0101111101
1 1011111011 0.348043361267
0 1011111010 0.651956638733

1000100011
1 0001000111 1.0
0 0001000110 0.0

1000100010
1 0001000101 0.479946524064
0 0001000100 0.520053475936

1111111001
1 1111110011 0.0
0 1111110010 1.0

0100010001
1 1000100011 0.299487726988
0 1000100010 0.700512273012

0010111101
1 0101111011 0.356229651394
0 0101111010 0.643770348606

0010111100
1 0101111001 1.0
0 0101111000 0.0

0001010011
1 0010100111 0.493121902874
0 0010100110 0.506878097126

0001010010
1 0010100101 0.441036761669
0 0010100100 0.558963238331

0110110010
1 1101100101 0.37998506348
0 1101100100 0.62001493652

0011110101
1 0111101011 0.347506925208
0 0111101010 0.652493074792

0011110100
1 0111101001 0.494780793319
0 0111101000 0.505219206681

1010111010
1 0101110101 0.3985633044
0 0101110100 0.6014366956

1010111011
1 0101110111 0.494296156828
0 0101110110 0.505703843172

0110111010
1 1101110101 0.398074444697
0 1101110100 0.601925555303

0110111011
1 1101110111 0.503431853201
0 1101110110 0.496568146799

1000101010
1 0001010101 0.405477404893
0 0001010100 0.594522595107

1000101011
1 0001010111 0.498796529527
0 0001010110 0.501203470473

0001011001
1 0010110011 0.0
0 0010110010 1.0

1111011101
1 1110111011 0.360215571167
0 1110111010 0.639784428833

1111011100
1 1110111001 1.0
0 1110111000 0.0

0100110100
1 1001101001 0.502032286954
0 1001101000 0.497967713046

0100110101
1 1001101011 0.35286197611
0 1001101010 0.64713802389

1111110101
1 1111101011 0.353202589122
0 1111101010 0.646797410878

1111110100
1 1111101001 0.499742831426
0 1111101000 0.500257168574

1101110100
1 1011101001 0.49853372434
0 1011101000 0.50146627566

1101110101
1 1011101011 0.355384741189
0 1011101010 0.644615258811

0111111011
1 1111110111 0.505410938871
0 1111110110 0.494589061129

0111111010
1 1111110101 0.393619516772
0 1111110100 0.606380483228

1011110010
1 0111100101 0.375292091994
0 0111100100 0.624707908006

0101001100
1 1010011001 1.0
0 1010011000 0.0

0101001101
1 1010011011 0.360265548995
0 1010011010 0.639734451005

1111100100
1 1111001001 0.502734957732
0 1111001000 0.497265042268

1111100101
1 1111001011 0.391926681083
0 1111001010 0.608073318917

1101011111
1 1010111111 0.494623655914
0 1010111110 0.505376344086

0111001011
1 1110010111 0.503028659253
0 1110010110 0.496971340747

0111001010
1 1110010101 0.472473246136
0 1110010100 0.527526753864

1101011110
1 1010111101 0.744119743407
0 1010111100 0.255880256593

0111110010
1 1111100101 0.374634300625
0 1111100100 0.625365699375

0100101101
1 1001011011 0.3491246138
0 1001011010 0.6508753862

0010011111
1 0100111111 0.505982809954
0 0100111110 0.494017190046

0010011110
1 0100111101 0.753719856337
0 0100111100 0.246280143663

1010100100
1 0101001001 0.500049231981
0 0101001000 0.499950768019

1001111001
1 0011110011 0.0
0 0011110010 1.0

1101010101
1 1010101011 0.350546731583
0 1010101010 0.649453268417

1101010100
1 1010101001 0.502533248892
0 1010101000 0.497466751108

0010101001
1 0101010011 0.530885750963
0 0101010010 0.469114249037

0101100101
1 1011001011 0.388063317719
0 1011001010 0.611936682281

1110101001
1 1101010011 0.529583114464
0 1101010010 0.470416885536

1110101000
1 1101010001 1.0
0 1101010000 0.0

1001101110
1 0011011101 0.748600058945
0 0011011100 0.251399941055

1001101111
1 0011011111 0.511298613132
0 0011011110 0.488701386868

0011011110
1 0110111101 0.759079182377
0 0110111100 0.240920817623

0011011111
1 0110111111 0.496585735964
0 0110111110 0.503414264036

1110010110
1 1100101101 0.752205724123
0 1100101100 0.247794275877

1110010111
1 1100101111 0.50669236535
0 1100101110 0.49330763465

0101110010
1 1011100101 0.377196127644
0 1011100100 0.622803872356

1101111110
1 1011111101 0.753338278932
0 1011111100 0.246661721068

1101111111
1 1011111111 0.503667481663
0 1011111110 0.496332518337

0010110111
1 0101101111 0.510042092604
0 0101101110 0.489957907396

0101111011
1 1011110111 0.497129609185
0 1011110110 0.502870390815

1111101000
1 1111010001 1.0
0 1111010000 0.0

1111101001
1 1111010011 0.529098467134
0 1111010010 0.470901532866

1010010010
1 0100100101 0.418368938094
0 0100100100 0.581631061906

1010010011
1 0100100111 0.484171583778
0 0100100110 0.515828416222

0111010110
1 1110101101 0.749746153245
0 1110101100 0.250253846755

0111010111
1 1110101111 0.510513369833
0 1110101110 0.489486630167

0100100101
1 1001001011 0.319279442149
0 1001001010 0.680720557851

0100100100
1 1001001001 0.508676841154
0 1001001000 0.491323158846

1010110110
1 0101101101 0.756470588235
0 0101101100 0.243529411765

1010110111
1 0101101111 0.5100042123
0 0101101110 0.4899957877

1011101001
1 0111010011 0.535511141262
0 0111010010 0.464488858738

1000100100
1 0001001001 0.497876034852
0 0001001000 0.502123965148

1101101111
1 1011011111 0.503355704698
0 1011011110 0.496644295302

1101101110
1 1011011101 0.760217983651
0 1011011100 0.239782016349

1011101010
1 0111010101 0.399619585225
0 0111010100 0.600380414775

1011101011
1 0111010111 0.502977862681
0 0111010110 0.497022137319

1111001001
1 1110010011 0.526868360564
0 1110010010 0.473131639436

1111001000
1 1110010001 1.0
0 1110010000 0.0

1110110111
1 1101101111 0.511374768695
0 1101101110 0.488625231305

1110110110
1 1101101101 0.748402027772
0 1101101100 0.251597972228

1011011001
1 0110110011 0.0
0 0110110010 1.0

0110110110
1 1101101101 0.754648903691
0 1101101100 0.245351096309

0110110111
1 1101101111 0.504217950491
0 1101101110 0.495782049509

0011100100
1 0111001001 0.495860470251
0 0111001000 0.504139529749

0011100101
1 0111001011 0.397302970549
0 0111001010 0.602697029451

0111011111
1 1110111111 0.507004550727
0 1110111110 0.492995449273

0111011110
1 1110111101 0.755181818182
0 1110111100 0.244818181818

1101000111
1 1010001111 0.0
0 1010001110 1.0

0011010010
1 0110100101 0.420349234221
0 0110100100 0.579650765779

0011010011
1 0110100111 0.491861166136
0 0110100110 0.508138833864

0100111001
1 1001110011 0.0
0 1001110010 1.0

0001000111
1 0010001111 0.0
0 0010001110 1.0

1101101010
1 1011010101 0.394118402466
0 1011010100 0.605881597534

1101101011
1 1011010111 0.504929326523
0 1011010110 0.495070673477

0100101001
1 1001010011 0.61420702754
0 1001010010 0.38579297246

0001011100
1 0010111001 1.0
0 0010111000 0.0

0101100100
1 1011001001 0.504054507941
0 1011001000 0.495945492059

0111111110
1 1111111101 0.748846211106
0 1111111100 0.251153788894

0111111111
1 1111111111 0.507513258692
0 1111111110 0.492486741308

0010101000
1 0101010001 1.0
0 0101010000 0.0

1010101000
1 0101010001 1.0
0 0101010000 0.0

1010011010
1 0100110101 0.399713429725
0 0100110100 0.600286570275

1101010011
1 1010100111 0.485561719115
0 1010100110 0.514438280885

1101010010
1 1010100101 0.425601686479
0 1010100100 0.574398313521

1110100101
1 1101001011 0.322025112314
0 1101001010 0.677974887686

1110100100
1 1101001001 0.495966881482
0 1101001000 0.504033118518

0101101000
1 1011010001 1.0
0 1011010000 0.0

0101101001
1 1011010011 0.535686993734
0 1011010010 0.464313006266

0111010101
1 1110101011 0.345248868778
0 1110101010 0.654751131222

0111010100
1 1110101001 0.503998145787
0 1110101000 0.496001854213

1010101111
1 0101011111 0.503833145434
0 0101011110 0.496166854566

1001010100
1 0010101001 0.50362035225
0 0010101000 0.49637964775

1001010101
1 0010101011 0.350585058506
0 0010101010 0.649414941494

1001100101
1 0011001011 0.394686263426
0 0011001010 0.605313736574

0010010011
1 0100100111 0.48937680645
0 0100100110 0.51062319355

1100100100
1 1001001001 0.503686590641
0 1001001000 0.496313409359

1100100101
1 1001001011 0.319927971188
0 1001001010 0.680072028812

0010100101
1 0101001011 0.306582020722
0 0101001010 0.693417979278

0010100100
1 0101001001 0.500997170818
0 0101001000 0.499002829182

0001001000
1 0010010001 1.0
0 0010010000 0.0

0001001001
1 0010010011 0.533038550165
0 0010010010 0.466961449835

0011111001
1 0111110011 0.0
0 0111110010 1.0

1010111110
1 0101111101 0.763208291089
0 0101111100 0.236791708911

0110101101
1 1101011011 0.361342127904
0 1101011010 0.638657872096

0110101100
1 1101011001 1.0
0 1101011000 0.0

0101011101
1 1010111011 0.353957594507
0 1010111010 0.646042405493

0100101100
1 1001011001 1.0
0 1001011000 0.0

1001011001
1 0010110011 0.0
0 0010110010 1.0

1110110010
1 1101100101 0.376985053713
0 1101100100 0.623014946287

0101011100
1 1010111001 1.0
0 1010111000 0.0

1110111011
1 1101110111 0.503150500981
0 1101110110 0.496849499019

1110111010
1 1101110101 0.399839559936
0 1101110100 0.600160440064

0011001010
1 0110010101 0.475719088532
0 0110010100 0.524280911468

0011001011
1 0110010111 0.507877399026
0 0110010110 0.492122600974

1011010101
1 0110101011 0.35318275154
0 0110101010 0.64681724846

1011010100
1 0110101001 0.50192159877
0 0110101000 0.49807840123

1101001011
1 1010010111 0.503261683242
0 1010010110 0.496738316758

1101001010
1 1010010101 0.347206185049
0 1010010100 0.652793814951

0101010110
1 1010101101 0.754593175853
0 1010101100 0.245406824147

1111010100
1 1110101001 0.501811709364
0 1110101000 0.498188290636

1111010101
1 1110101011 0.352006848012
0 1110101010 0.647993151988

0010011010
1 0100110101 0.399173699015
0 0100110100 0.600826300985

0010011011
1 0100110111 0.504302028472
0 0100110110 0.495697971528

0011101000
1 0111010001 1.0
0 0111010000 0.0

0011101001
1 0111010011 0.603856562923
0 0111010010 0.396143437077

1111111100
1 1111111001 1.0
0 1111111000 0.0

1111111101
1 1111111011 0.344349365595
0 1111111010 0.655650634405

0010111001
1 0101110011 0.0
0 0101110010 1.0

0110010111
1 1100101111 0.505661755753
0 1100101110 0.494338244247

0110010110
1 1100101101 0.743544966945
0 1100101100 0.256455033055

1011110111
1 0111101111 0.502905982906
0 0111101110 0.497094017094

1011110110
1 0111101101 0.749081304548
0 0111101100 0.250918695452

1001001111
1 0010011111 0.503346655752
0 0010011110 0.496653344248

1001001110
1 0010011101 0.765138956607
0 0010011100 0.234861043393

1011111101
1 0111111011 0.349046821409
0 0111111010 0.650953178591

1011111100
1 0111111001 1.0
0 0111111000 0.0

0101010100
1 1010101001 0.498765066192
0 1010101000 0.501234933808

0101010101
1 1010101011 0.352590383899
0 1010101010 0.647409616101

0111011010
1 1110110101 0.396410933451
0 1110110100 0.603589066549

0111011011
1 1110110111 0.50004556639
0 1110110110 0.49995443361

0001010001
1 0010100011 0.302227142485
0 0010100010 0.697772857515

0101111111
1 1011111111 0.506519558676
0 1011111110 0.493480441324

0101111110
1 1011111101 0.747737294036
0 1011111100 0.252262705964

0100010011
1 1000100111 0.491418695779
0 1000100110 0.508581304221

0100010010
1 1000100101 0.418534210764
0 1000100100 0.581465789236

0111101111
1 1111011111 0.49834365548
0 1111011110 0.50165634452

0111101110
1 1111011101 0.745920745921
0 1111011100 0.254079254079

0010010110
1 0100101101 0.751062824752
0 0100101100 0.248937175248

0010010111
1 0100101111 0.501809690601
0 0100101110 0.498190309399

1001000100
1 0010001001 0.515048288608
0 0010001000 0.484951711392

0110111001
1 1101110011 0.0
0 1101110010 1.0

1011001000
1 0110010001 1.0
0 0110010000 0.0

1011001001
1 0110010011 0.52549412059
0 0110010010 0.47450587941

1010111001
1 0101110011 0.0
0 0101110010 1.0

1010011111
1 0100111111 0.508562245769
0 0100111110 0.491437754231

1000101001
1 0001010011 0.565671742202
0 0001010010 0.434328257798

1000101000
1 0001010001 1.0
0 0001010000 0.0

0101011110
1 1010111101 0.749721417428
0 1010111100 0.250278582572

0101011111
1 1010111111 0.509684439608
0 1010111110 0.490315560392

1100100111
1 1001001111 0.498097430357
0 1001001110 0.501902569643

0100110110
1 1001101101 0.754777070064
0 1001101100 0.245222929936

1001111111
1 0011111111 0.497839950627
0 0011111110 0.502160049373

1001111110
1 0011111101 0.753293667658
0 0011111100 0.246706332342

1101110111
1 1011101111 0.501358535145
0 1011101110 0.498641464855

1101110110
1 1011101101 0.754398563734
0 1011101100 0.245601436266

0001001111
1 0010011111 0.504150943396
0 0010011110 0.495849056604

1010001110
1 0100011101 0.857791363692
0 0100011100 0.142208636308

0110100100
1 1101001001 0.497949291573
0 1101001000 0.502050708427

0110100101
1 1101001011 0.315754114881
0 1101001010 0.684245885119

0101001111
1 1010011111 0.498128725223
0 1010011110 0.501871274777

0101001110
1 1010011101 0.751423240683
0 1010011100 0.248576759317

1010100111
1 0101001111 0.507478741932
0 0101001110 0.492521258068

1010100110
1 0101001101 0.743009385999
0 0101001100 0.256990614001

0011011101
1 0110111011 0.349868766404
0 0110111010 0.650131233596

0011011100
1 0110111001 1.0
0 0110111000 0.0

1110111110
1 1101111101 0.752994176464
0 1101111100 0.247005823536

1110111111
1 1101111111 0.503858276274
0 1101111110 0.496141723726

1001101101
1 0011011011 0.355209347614
0 0011011010 0.644790652386

1111011001
1 1110110011 0.0
0 1110110010 1.0

1101111101
1 1011111011 0.351168109786
0 1011111010 0.648831890214

1101111100
1 1011111001 1.0
0 1011111000 0.0

1110010101
1 1100101011 0.350380607494
0 1100101010 0.649619392506

1110010100
1 1100101001 0.488410596026
0 1100101000 0.511589403974

1100101000
1 1001010001 1.0
0 1001010000 0.0

1100101001
1 1001010011 0.375026833631
0 1001010010 0.624973166369

1010010001
1 0100100011 0.300468102836
0 0100100010 0.699531897164

1111101011
1 1111010111 0.505127854506
0 1111010110 0.494872145494

1111101010
1 1111010101 0.405301314001
0 1111010100 0.594698685999

1010011101
1 0100111011 0.352545931759
0 0100111010 0.647454068241

1001001011
1 0010010111 0.498665571751
0 0010010110 0.501334428249

0101001010
1 1010010101 0.330177514793
0 1010010100 0.669822485207

0101001011
1 1010010111 0.499545316763
0 1010010110 0.500454683237

0110010010
1 1100100101 0.423866090713
0 1100100100 0.576133909287

0110010011
1 1100100111 0.516895883548
0 1100100110 0.483104116452

1101010110
1 1010101101 0.75169622664
0 1010101100 0.24830377336

1101010111
1 1010101111 0.510793054904
0 1010101110 0.489206945096

1110101100
1 1101011001 1.0
0 1101011000 0.0

1110101101
1 1101011011 0.363398253862
0 1101011010 0.636601746138

1010110101
1 0101101011 0.354445614563
0 0101101010 0.645554385437

1010110100
1 0101101001 0.501849630074
0 0101101000 0.498150369926

0011111100
1 0111111001 1.0
0 0111111000 0.0

0011111101
1 0111111011 0.347249647391
0 0111111010 0.652750352609

1000101100
1 0001011001 1.0
0 0001011000 0.0

1000100101
1 0001001011 0.314077711726
0 0001001010 0.685922288274

1011101000
1 0111010001 1.0
0 0111010000 0.0

1000101101
1 0001011011 0.343833471493
0 0001011010 0.656166528507

0010001000
1 0100010001 1.0
0 0100010000 0.0

0010001001
1 0100010011 0.504883778437
0 0100010010 0.495116221563

0100010110
1 1000101101 0.755348384179
0 1000101100 0.244651615821

0010110100
1 0101101001 0.503121557106
0 0101101000 0.496878442894

0111101010
1 1111010101 0.395831731139
0 1111010100 0.604168268861

0111101011
1 1111010111 0.50115942029
0 1111010110 0.49884057971

0010101100
1 0101011001 1.0
0 0101011000 0.0

0010101101
1 0101011011 0.355648843718
0 0101011010 0.644351156282

0010110101
1 0101101011 0.359140300415
0 0101101010 0.640859699585

0110110101
1 1101101011 0.343245539507
0 1101101010 0.656754460493

0110110100
1 1101101001 0.50694270703
0 1101101000 0.49305729297

1010101011
1 0101010111 0.498465248849
0 0101010110 0.501534751151

1011011101
1 0110111011 0.35192761605
0 0110111010 0.64807238395

1110111001
1 1101110011 0.0
0 1101110010 1.0

1001110010
1 0011100101 0.374077204846
0 0011100100 0.625922795154

0011010001
1 0110100011 0.304450080701
0 0110100010 0.695549919299

0100111011
1 1001110111 0.521323379014
0 1001110110 0.478676620986

0100111010
1 1001110101 0.396092865232
0 1001110100 0.603907134768

0100110010
1 1001100101 0.340473853379
0 1001100100 0.659526146621

1010001010
1 0100010101 0.352821131533
0 0100010100 0.647178868467

1010001011
1 0100010111 0.515954732387
0 0100010110 0.484045267613

1101101001
1 1011010011 0.526823387583
0 1011010010 0.473176612417

1101101000
1 1011010001 1.0
0 1011010000 0.0

1001111010
1 0011110101 0.39589844821
0 0011110100 0.60410155179

1001111011
1 0011110111 0.500646701821
0 0011110110 0.499353298179

0111111101
1 1111111011 0.358017318603
0 1111111010 0.641982681397

0111111100
1 1111111001 1.0
0 1111111000 0.0

0001011111
1 0010111111 0.511248232421
0 0010111110 0.488751767579

0001011110
1 0010111101 0.756126173097
0 0010111100 0.243873826903

1011011100
1 0110111001 1.0
0 0110111000 0.0

1010101010
1 0101010101 0.398228510284
0 0101010100 0.601771489716

1101110010
1 1011100101 0.373913043478
0 1011100100 0.626086956522

0010010010
1 0100100101 0.43044786483
0 0100100100 0.56955213517

0101101011
1 1011010111 0.50385576192
0 1011010110 0.49614423808

0101101010
1 1011010101 0.392941034753
0 1011010100 0.607058965247

1001011110
1 0010111101 0.757106231189
0 0010111100 0.242893768811

1101011001
1 1010110011 0.0
0 1010110010 1.0

1000100111
1 0001001111 0.507503743167
0 0001001110 0.492496256833

1101111011
1 1011110111 0.50706231454
0 1011110110 0.49293768546

1001010111
1 0010101111 0.509147653896
0 0010101110 0.490852346104

1001010110
1 0010101101 0.747949935261
0 0010101100 0.252050064739

1010100010
1 0101000101 0.480815577063
0 0101000100 0.519184422937

1010100011
1 0101000111 1.0
0 0101000110 0.0

0110101000
1 1101010001 1.0
0 1101010000 0.0

0110101001
1 1101010011 0.531539708266
0 1101010010 0.468460291734

0001001011
1 0010010111 0.508435056919
0 0010010110 0.491564943081

0001001010
1 0010010101 0.343779438548
0 0010010100 0.656220561452

1001000111
1 0010001111 0.0
0 0010001110 1.0

0010101010
1 0101010101 0.398883411534
0 0101010100 0.601116588466

0010101011
1 0101010111 0.490975935829
0 0101010110 0.509024064171

0111010001
1 1110100011 0.268654978929
0 1110100010 0.731345021071

0101110110
1 1011101101 0.748896684395
0 1011101100 0.251103315605

0101110111
1 1011101111 0.502408963585
0 1011101110 0.497591036415

0001010110
1 0010101101 0.742238105874
0 0010101100 0.257761894126

0101000111
1 1010001111 0.0
0 1010001110 1.0

1001011011
1 0010110111 0.492242595205
0 0010110110 0.507757404795

0100101110
1 1001011101 0.745987825125
0 1001011100 0.254012174875

1001011111
1 0010111111 0.511546074335
0 0010111110 0.488453925665

0001110100
1 0011101001 0.374463304487
0 0011101000 0.625536695513

0001110101
1 0011101011 0.387631773316
0 0011101010 0.612368226684

0011001001
1 0110010011 0.597298509136
0 0110010010 0.402701490864

0011001000
1 0110010001 1.0
0 0110010000 0.0

0010110010
1 0101100101 0.36976802824
0 0101100100 0.63023197176

1111110010
1 1111100101 0.378117396594
0 1111100100 0.621882603406

1111010111
1 1110101111 0.506291946309
0 1110101110 0.493708053691

1111010110
1 1110101101 0.749327290752
0 1110101100 0.250672709248

0010011001
1 0100110011 0.0
0 0100110010 1.0

1111111111
1 1111111111 0.505809783388
0 1111111110 0.494190216612

1111111110
1 1111111101 0.756776664702
0 1111111100 0.243223335298

0011101011
1 0111010111 0.492336584479
0 0111010110 0.507663415521

0011101010
1 0111010101 0.409512633393
0 0111010100 0.590487366607

0111011001
1 1110110011 0.0
0 1110110010 1.0

0101010111
1 1010101111 0.504355595265
0 1010101110 0.495644404735

1001110111
1 0011101111 0.503187837175
0 0011101110 0.496812162825

1100100110
1 1001001101 0.742165106058
0 1001001100 0.257834893942

0100111110
1 1001111101 0.75199138859
0 1001111100 0.24800861141

0100111111
1 1001111111 0.50810076304
0 1001111110 0.49189923696

1011010001
1 0110100011 0.298343724079
0 0110100010 0.701656275921

0100110111
1 1001101111 0.503221083455
0 1001101110 0.496778916545

1100101101
1 1001011011 0.345197652872
0 1001011010 0.654802347128

1101011011
1 1010110111 0.509520182788
0 1010110110 0.490479817212

1010010110
1 0100101101 0.753698687227
0 0100101100 0.246301312773

1111101110
1 1111011101 0.7588540167
0 1111011100 0.2411459833

1111101111
1 1111011111 0.508391608392
0 1111011110 0.491608391608

0010110110
1 0101101101 0.754182600382
0 0101101100 0.245817399618

0010010101
1 0100101011 0.362013115272
0 0100101010 0.637986884728

0010010100
1 0100101001 0.508789469299
0 0100101000 0.491210530701

0101111010
1 1011110101 0.39801536879
0 1011110100 0.60198463121

0011010100
1 0110101001 0.502723457452
0 0110101000 0.497276542548

0011010101
1 0110101011 0.350914391731
0 0110101010 0.649085608269

1011001011
1 0110010111 0.504649653979
0 0110010110 0.495350346021

1011001010
1 0110010101 0.46869677771
0 0110010100 0.53130322229

1010101110
1 0101011101 0.754530669145
0 0101011100 0.245469330855

1010011100
1 0100111001 1.0
0 0100111000 0.0

1001100100
1 0011001001 0.520675868912
0 0011001000 0.479324131088

1011111001
1 0111110011 0.0
0 0111110010 1.0

1011111111
1 0111111111 0.505135603001
0 0111111110 0.494864396999

0101101110
1 1011011101 0.753065199954
0 1011011100 0.246934800046

0101101111
1 1011011111 0.513099955967
0 1011011110 0.486900044033

1001010010
1 0010100101 0.431709899418
0 0010100100 0.568290100582

1001010011
1 0010100111 0.494395142457
0 0010100110 0.505604857543

0010111011
1 0101110111 0.510935531891
0 0101110110 0.489064468109

0010111010
1 0101110101 0.393833478966
0 0101110100 0.606166521034

0001001110
1 0010011101 0.75
0 0010011100 0.25

1011110101
1 0111101011 0.346211464165
0 0111101010 0.653788535835

1110100011
1 1101000111 1.0
0 1101000110 0.0

1110100010
1 1101000101 0.442053098186
0 1101000100 0.557946901814

0011110010
1 0111100101 0.383680928833
0 0111100100 0.616319071167

1101111010
1 1011110101 0.397279885469
0 1011110100 0.602720114531

1010111100
1 0101111001 1.0
0 0101111000 0.0

1010111101
1 0101111011 0.351908866995
0 0101111010 0.648091133005

0110100111
1 1101001111 0.519016519401
0 1101001110 0.480983480599

0110100110
1 1101001101 0.746309390894
0 1101001100 0.253690609106

1101100101
1 1011001011 0.38484192291
0 1011001010 0.61515807709

1101100100
1 1011001001 0.499657407895
0 1011001000 0.500342592105

0110111100
1 1101111001 1.0
0 1101111000 0.0

0110111101
1 1101111011 0.357372889626
0 1101111010 0.642627110374

1001001000
1 0010010001 1.0
0 0010010000 0.0

0100101010
1 1001010101 0.395262424524
0 1001010100 0.604737575476

0100101011
1 1001010111 0.499843798813
0 1001010110 0.500156201187

1110111101
1 1101111011 0.351642672573
0 1101111010 0.648357327427

1110111100
1 1101111001 1.0
0 1101111000 0.0

0011101110
1 0111011101 0.748223573365
0 0111011100 0.251776426635

0011101111
1 0111011111 0.506714147934
0 0111011110 0.493285852066

1101001101
1 1010011011 0.362751176106
0 1010011010 0.637248823894

1101001100
1 1010011001 1.0
0 1010011000 0.0

1111011011
1 1110110111 0.507683863886
0 1110110110 0.492316136114

1111011010
1 1110110101 0.402601353921
0 1110110100 0.597398646079

1111010010
1 1110100101 0.430166817896
0 1110100100 0.569833182104

1111010011
1 1110100111 0.495856524428
0 1110100110 0.504143475572

1011110100
1 0111101001 0.50231638124
0 0111101000 0.49768361876

1000111001
1 0001110011 0.0
0 0001110010 1.0

1100101011
1 1001010111 0.501507201072
0 1001010110 0.498492798928

1100101010
1 1001010101 0.394247038917
0 1001010100 0.605752961083

1100100010
1 1001000101 0.482746884986
0 1001000100 0.517253115014

1100100011
1 1001000111 1.0
0 1001000110 0.0

