00011000
0 000110000 0.825743200506
1 000110001 0.174256799494

000110001
0 0001100010 0.763581367211
1 1100011 0.236418632789

1100011
0 11000110 0.718248807976
1 11000111 0.281751192024

11000111
0 110001110 0.702307692308
1 1111 0.297692307692

1111
0 11110 0.676142697882
1 1111 0.323857302118

11110
0 111100 0.702308326463
1 111101 0.297691673537

111101
0 1111010 0.701190805871
1 1111011 0.298809194129

1111011
0 11110110 0.691380908248
1 11110111 0.308619091752

11110111
0 111101110 0.645645645646
1 1111 0.354354354354

111101110
0 1111011100 0.716279069767
1 1111011101 0.283720930233

1111011101
1 1110111011 0.327868852459
0 1110111010 0.672131147541

1110111010
1 1101110101 0.236641221374
0 1101110100 0.763358778626

1101110100
1 1011101001 0.219512195122
0 1011101000 0.780487804878

1011101000
1 010001 0.228048780488
0 0111010000 0.771951219512

0111010000
1 1110100001 0.179195804196
0 1110100000 0.820804195804

1110100000
1 1000001 0.156067251462
0 1101000000 0.843932748538

1101000000
1 1010000001 0.125822555026
0 0000000 0.874177444974

0000000
0 0000000 0.990628671117
1 00000001 0.00937130660711

00000001
0 000000010 0.88633808341
1 000000011 0.11366191659

000000011
0 0000000110 0.797017797018
1 0000000111 0.202982202982

0000000111
1 1111 0.274572429425
0 0000001110 0.725427570575

0000001110
1 0000011101 0.245289943724
0 0000011100 0.754710056276

0000011100
1 0000111001 0.227791361043
0 0000111000 0.772208638957

0000111000
1 0001110001 0.204379562044
0 0001110000 0.795620437956

0001110000
1 0011100001 0.177552766686
0 0011100000 0.822447233314

0011100000
1 1000001 0.160016068559
0 0111000000 0.839983931441

0111000000
1 1110000001 0.140730067243
0 0000000 0.859269932757

1110000001
1 1100000011 0.203473945409
0 1100000010 0.796526054591

1100000010
1 1000000101 0.172072072072
0 1000000100 0.827927927928

1000000100
1 0000001001 0.133405488444
0 0000001000 0.866594511556

0000001000
1 010001 0.0939946012663
0 0000010000 0.906005398734

0000010000
1 0000100001 0.0880516476562
0 0000100000 0.911948352344

0000100000
1 1000001 0.0827192536946
0 0001000000 0.917280746305

0001000000
1 0010000001 0.0758793072666
0 0000000 0.924120692733

0010000001
1 0100000011 0.161704509674
0 0100000010 0.838295490326

0100000010
1 1000000101 0.148567786708
0 1000000100 0.851432213292

1000000101
1 0000001011 0.221898660454
0 0000001010 0.778101339546

0000001010
1 0000010101 0.184547926958
0 0000010100 0.815452073042

0000010100
1 0000101001 0.16986969715
0 0000101000 0.83013030285

0000101000
1 010001 0.158190346871
0 0001010000 0.841809653129

0001010000
1 0010100001 0.141140120501
0 0010100000 0.858859879499

0010100000
1 1000001 0.124985138509
0 0101000000 0.875014861491

0101000000
1 1010000001 0.114130283938
0 0000000 0.885869716062

1010000001
1 0100000011 0.179850603333
0 0100000010 0.820149396667

0100000011
1 1000000111 0.231792843014
0 1000000110 0.768207156986

1000000110
1 0000001101 0.204644138191
0 0000001100 0.795355861809

0000001100
1 0000011001 0.180352072686
0 00011000 0.819647927314

0000011001
1 0000110011 0.231287929872
0 0000110010 0.768712070128

0000110010
1 0001100101 0.21776084408
0 0001100100 0.78223915592

0001100100
1 0011001001 0.204590363277
0 0011001000 0.795409636723

0011001000
1 010001 0.175934230194
0 0110010000 0.824065769806

0110010000
1 1100100001 0.15435410648
0 1100100000 0.84564589352

1100100000
1 1000001 0.125351940262
0 1001000000 0.874648059738

1001000000
1 0010000001 0.106729986431
0 0000000 0.893270013569

1000001
0 10000010 0.817893413289
1 10000011 0.182106586711

10000011
0 100000110 0.75557680051
1 100000111 0.24442319949

100000111
0 1000001110 0.71012603216
1 1111 0.28987396784

1000001110
1 0000011101 0.269889840881
0 0000011100 0.730110159119

0000011101
1 0000111011 0.300899427637
0 0000111010 0.699100572363

0000111010
1 0001110101 0.269637115296
0 0001110100 0.730362884704

0001110100
1 0011101001 0.24493731919
0 0011101000 0.75506268081

0011101000
1 010001 0.20699568759
0 0111010000 0.79300431241

010001
0 0100010 0.797407230174
1 0100011 0.202592769826

0100011
0 01000110 0.742967575693
1 01000111 0.257032424307

01000111
0 010001110 0.699805068226
1 1111 0.300194931774

010001110
0 0100011100 0.740947075209
1 0100011101 0.259052924791

0100011101
1 1000111011 0.256528417819
0 1000111010 0.743471582181

1000111010
1 0001110101 0.282962962963
0 0001110100 0.717037037037

0001110101
1 0011101011 0.266066838046
0 0011101010 0.733933161954

0011101010
1 0111010101 0.252
0 0111010100 0.748

0111010100
1 1110101001 0.246469833119
0 1110101000 0.753530166881

1110101000
1 010001 0.208955223881
0 1101010000 0.791044776119

1101010000
1 1010100001 0.167799490229
0 1010100000 0.832200509771

1010100000
1 1000001 0.145265888457
0 0101000000 0.854734111543

1010100001
1 0101000011 0.216198979592
0 0101000010 0.783801020408

0101000010
1 1010000101 0.186255506608
0 1010000100 0.813744493392

1010000100
1 0100001001 0.162689804772
0 0100001000 0.837310195228

0100001000
1 010001 0.134655532359
0 1000010000 0.865344467641

1000010000
1 0000100001 0.11922337324
0 0000100000 0.88077662676

0000100001
1 0001000011 0.180928638205
0 0001000010 0.819071361795

0001000010
1 0010000101 0.160834344561
0 0010000100 0.839165655439

0010000100
1 0100001001 0.150497017893
0 0100001000 0.849502982107

0100001001
1 1000010011 0.220047127062
0 1000010010 0.779952872938

1000010010
1 0000100101 0.196838816394
0 0000100100 0.803161183606

0000100100
1 0001001001 0.163118366334
0 0001001000 0.836881633666

0001001000
1 010001 0.14507526746
0 0010010000 0.85492473254

0010010000
1 0100100001 0.138298200673
0 0100100000 0.861701799327

0100100000
1 1000001 0.120711600509
0 1001000000 0.879288399491

0100100001
1 1001000011 0.199746238898
0 1001000010 0.800253761102

1001000010
1 0010000101 0.184771033014
0 0010000100 0.815228966986

0010000101
1 0100001011 0.237174095879
0 0100001010 0.762825904121

0100001010
1 1000010101 0.216051594411
0 1000010100 0.783948405589

1000010100
1 0000101001 0.191229331416
0 0000101000 0.808770668584

0000101001
1 0001010011 0.240625922645
0 0001010010 0.759374077355

0001010010
1 0010100101 0.212130937099
0 0010100100 0.787869062901

0010100100
1 0101001001 0.202587618736
0 0101001000 0.797412381264

0101001000
1 010001 0.180993314231
0 1010010000 0.819006685769

1010010000
1 0100100001 0.150166690825
0 0100100000 0.849833309175

0101001001
1 1010010011 0.253889234599
0 1010010010 0.746110765401

1010010010
1 0100100101 0.227158948686
0 0100100100 0.772841051314

0100100100
1 1001001001 0.19378577269
0 1001001000 0.80621422731

1001001000
1 010001 0.169377541445
0 0010010000 0.830622458555

1001001001
1 0010010011 0.233865814696
0 0010010010 0.766134185304

0010010010
1 0100100101 0.207019824504
0 0100100100 0.792980175496

0100100101
1 1001001011 0.270006108735
0 1001001010 0.729993891265

1001001010
1 0010010101 0.222501571339
0 0010010100 0.777498428661

0010010100
1 0100101001 0.199459631278
0 0100101000 0.800540368722

0100101000
1 010001 0.176951558161
0 1001010000 0.823048441839

1001010000
1 0010100001 0.152117169374
0 0010100000 0.847882830626

0010100001
1 0101000011 0.208474274524
0 0101000010 0.791525725476

0101000011
1 1010000111 0.271523178808
0 1010000110 0.728476821192

1010000110
1 0100001101 0.257301808067
0 0100001100 0.742698191933

0100001100
1 1000011001 0.201825383158
0 00011000 0.798174616842

1000011001
1 0000110011 0.259552042161
0 0000110010 0.740447957839

0000110011
1 0001100111 0.275960170697
0 0001100110 0.724039829303

0001100110
1 0011001101 0.265868886576
0 0011001100 0.734131113424

0011001100
1 0110011001 0.245980707395
0 0110011000 0.754019292605

0110011000
1 1100110001 0.21811556481
0 1100110000 0.78188443519

1100110000
1 1001100001 0.181128496918
0 1001100000 0.818871503082

1001100000
1 1000001 0.152015147417
0 0011000000 0.847984852583

0011000000
1 0110000001 0.118652274216
0 0000000 0.881347725784

0110000001
1 1100000011 0.190819423369
0 1100000010 0.809180576631

1100000011
1 1000000111 0.231634182909
0 1000000110 0.768365817091

1000000111
1 1111 0.29098873592
0 0000001110 0.70901126408

1001100001
1 0011000011 0.230417754569
0 0011000010 0.769582245431

0011000010
1 0110000101 0.19547079857
0 0110000100 0.80452920143

0110000100
1 1100001001 0.172498767866
0 1100001000 0.827501232134

1100001000
1 010001 0.146782141257
0 1000010000 0.853217858743

1100001001
1 1000010011 0.200842696629
0 1000010010 0.799157303371

1000010011
1 0000100111 0.264666666667
0 0000100110 0.735333333333

0000100110
1 0001001101 0.235087225661
0 0001001100 0.764912774339

0001001100
1 0010011001 0.213048063884
0 0010011000 0.786951936116

0010011000
1 0100110001 0.187015356546
0 0100110000 0.812984643454

0100110000
1 1001100001 0.168695907291
0 1001100000 0.831304092709

0100110001
1 1100011 0.249691738594
0 1001100010 0.750308261406

1001100010
1 1000101 0.225767609874
0 0011000100 0.774232390126

0011000100
1 0110001001 0.188479189745
0 0110001000 0.811520810255

0110001000
1 010001 0.162769648514
0 1100010000 0.837230351486

1100010000
1 1000100001 0.151859364435
0 1000100000 0.848140635565

1000100000
1 1000001 0.111418987896
0 0001000000 0.888581012104

1000100001
1 0001000011 0.190026954178
0 0001000010 0.809973045822

0001000011
1 0010000111 0.252612983954
0 0010000110 0.747387016046

0010000110
1 0100001101 0.225527046903
0 0100001100 0.774472953097

0100001101
1 1000011011 0.264
0 1000011010 0.736

1000011010
1 0000110101 0.22741055185
0 0000110100 0.77258944815

0000110100
1 0001101001 0.216416824334
0 0001101000 0.783583175666

0001101000
1 010001 0.198813936249
0 0011010000 0.801186063751

0011010000
1 0110100001 0.169432818589
0 0110100000 0.830567181411

0110100000
1 1000001 0.147779379012
0 1101000000 0.852220620988

0110100001
1 1101000011 0.240903387704
0 1101000010 0.759096612296

1101000010
1 1010000101 0.188790560472
0 1010000100 0.811209439528

1010000101
1 0100001011 0.239651416122
0 0100001010 0.760348583878

0100001011
1 1000010111 0.259195402299
0 1000010110 0.740804597701

1000010110
1 0000101101 0.236051502146
0 0000101100 0.763948497854

0000101100
1 0001011001 0.229044695131
0 0001011000 0.770955304869

0001011000
1 0010110001 0.193110647182
0 0010110000 0.806889352818

0010110000
1 0101100001 0.173787944181
0 0101100000 0.826212055819

0101100000
1 1000001 0.156389151262
0 1011000000 0.843610848738

1011000000
1 0110000001 0.132502695579
0 0000000 0.867497304421

0101100001
1 1011000011 0.233558696988
0 1011000010 0.766441303012

1011000010
1 0110000101 0.208599651365
0 0110000100 0.791400348635

0110000101
1 1100001011 0.248838752488
0 1100001010 0.751161247512

1100001010
1 1000010101 0.209054593875
0 1000010100 0.790945406125

1000010101
1 0000101011 0.255263157895
0 0000101010 0.744736842105

0000101010
1 0001010101 0.23309685826
0 0001010100 0.76690314174

0001010100
1 0010101001 0.205519134014
0 0010101000 0.794480865986

0010101000
1 010001 0.187927626577
0 0101010000 0.812072373423

0101010000
1 1010100001 0.169410745234
0 1010100000 0.830589254766

0010101001
1 0101010011 0.242712671029
0 0101010010 0.757287328971

0101010010
1 1010100101 0.240498812352
0 1010100100 0.759501187648

1010100100
1 0101001001 0.207515423444
0 0101001000 0.792484576556

1010100101
1 0101001011 0.276895943563
0 0101001010 0.723104056437

0101001010
1 1010010101 0.235826296743
0 1010010100 0.764173703257

1010010100
1 0100101001 0.174757281553
0 0100101000 0.825242718447

0100101001
1 1001010011 0.232543241512
0 1001010010 0.767456758488

1001010010
1 0010100101 0.239185750636
0 0010100100 0.760814249364

0010100101
1 0101001011 0.265017667845
0 0101001010 0.734982332155

0101001011
1 1010010111 0.289950576606
0 1010010110 0.710049423394

1010010110
1 0100101101 0.238095238095
0 0100101100 0.761904761905

0100101100
1 1001011001 0.253284287966
0 1001011000 0.746715712034

1001011000
1 0010110001 0.209851205747
0 0010110000 0.790148794253

0010110001
1 1100011 0.238849765258
0 0101100010 0.761150234742

0101100010
1 1000101 0.22342239909
0 1011000100 0.77657760091

1011000100
1 0110001001 0.202444208289
0 0110001000 0.797555791711

0110001001
1 1100010011 0.222010178117
0 1100010010 0.777989821883

1100010010
1 1000100101 0.216748768473
0 1000100100 0.783251231527

1000100100
1 0001001001 0.195604021128
0 0001001000 0.804395978872

0001001001
1 0010010011 0.226264834478
0 0010010010 0.773735165522

0010010011
1 0100100111 0.279338842975
0 0100100110 0.720661157025

0100100110
1 1001001101 0.242882045322
0 1001001100 0.757117954678

1001001100
1 0010011001 0.219146482122
0 0010011000 0.780853517878

0010011001
1 0100110011 0.264771460424
0 0100110010 0.735228539576

0100110010
1 1001100101 0.224489795918
0 1001100100 0.775510204082

1001100100
1 0011001001 0.216666666667
0 0011001000 0.783333333333

0011001001
1 0110010011 0.259005145798
0 0110010010 0.740994854202

0110010010
1 1100100101 0.224228305183
0 1100100100 0.775771694817

1100100100
1 1001001001 0.206073752711
0 1001001000 0.793926247289

1100100101
1 1001001011 0.28390596745
0 1001001010 0.71609403255

1001001011
1 0010010111 0.278797996661
0 0010010110 0.721202003339

0010010110
1 0100101101 0.269913749366
0 0100101100 0.730086250634

0100101101
1 1001011011 0.286558345643
0 1001011010 0.713441654357

1001011010
1 0010110101 0.246177370031
0 0010110100 0.753822629969

0010110100
1 0101101001 0.227341772152
0 0101101000 0.772658227848

0101101000
1 010001 0.199322689889
0 1011010000 0.800677310111

1011010000
1 0110100001 0.182767624021
0 0110100000 0.817232375979

0101101001
1 1011010011 0.245528455285
0 1011010010 0.754471544715

1011010010
1 0110100101 0.243831640058
0 0110100100 0.756168359942

0110100100
1 1101001001 0.207865168539
0 1101001000 0.792134831461

1101001000
1 010001 0.184565318457
0 1010010000 0.815434681543

1101001001
1 1010010011 0.258364312268
0 1010010010 0.741635687732

1010010011
1 0100100111 0.244972577697
0 0100100110 0.755027422303

0100100111
1 1111 0.315132605304
0 1001001110 0.684867394696

1001001110
1 0010011101 0.309602649007
0 0010011100 0.690397350993

0010011100
1 0100111001 0.255955397871
0 0100111000 0.744044602129

0100111000
1 1001110001 0.20946989192
0 1001110000 0.79053010808

1001110000
1 0011100001 0.19
0 0011100000 0.81

0011100001
1 0111000011 0.231143552311
0 0111000010 0.768856447689

0111000010
1 1110000101 0.199541284404
0 1110000100 0.800458715596

1110000100
1 1100001001 0.183874139626
0 1100001000 0.816125860374

1110000101
1 1100001011 0.258517034068
0 1100001010 0.741482965932

1100001011
1 1000010111 0.321428571429
0 1000010110 0.678571428571

1000010111
1 1111 0.352365415987
0 0000101110 0.647634584013

0000101110
1 0001011101 0.271193589203
0 0001011100 0.728806410797

0001011100
1 0010111001 0.253997259022
0 0010111000 0.746002740978

0010111000
1 0101110001 0.227441860465
0 0101110000 0.772558139535

0101110000
1 1011100001 0.195295162006
0 1011100000 0.804704837994

1011100000
1 1000001 0.169361358124
0 0111000000 0.830638641876

1011100001
1 0111000011 0.238095238095
0 0111000010 0.761904761905

0111000011
1 1110000111 0.28679245283
0 1110000110 0.71320754717

1110000110
1 1100001101 0.243859649123
0 1100001100 0.756140350877

1100001100
1 1000011001 0.215980024969
0 00011000 0.784019975031

1100001101
1 1000011011 0.300387596899
0 1000011010 0.699612403101

1000011011
1 0000110111 0.29659643436
0 0000110110 0.70340356564

0000110110
1 0001101101 0.290439510648
0 0001101100 0.709560489352

0001101100
1 0011011001 0.251744765703
0 0011011000 0.748255234297

0011011000
1 0110110001 0.224612306153
0 0110110000 0.775387693847

0110110000
1 1101100001 0.192113709308
0 1101100000 0.807886290692

1101100000
1 1000001 0.163004394726
0 1011000000 0.836995605274

1101100001
1 1011000011 0.226753670473
0 1011000010 0.773246329527

1011000011
1 0110000111 0.267822736031
0 0110000110 0.732177263969

0110000110
1 1100001101 0.24354005168
0 1100001100 0.75645994832

0110000111
1 1111 0.302083333333
0 1100001110 0.697916666667

1100001110
1 1000011101 0.302120141343
0 1000011100 0.697879858657

1000011100
1 0000111001 0.26565143824
0 0000111000 0.73434856176

0000111001
1 0001110011 0.268621973929
0 0001110010 0.731378026071

0001110010
1 0011100101 0.260826771654
0 0011100100 0.739173228346

0011100100
1 0111001001 0.227617602428
0 0111001000 0.772382397572

0111001000
1 010001 0.206619385343
0 1110010000 0.793380614657

1110010000
1 1100100001 0.166872682324
0 1100100000 0.833127317676

1100100001
1 1001000011 0.201702685003
0 1001000010 0.798297314997

1001000011
1 0010000111 0.260992907801
0 0010000110 0.739007092199

0010000111
1 1111 0.289827255278
0 0100001110 0.710172744722

0100001110
1 1000011101 0.260332796565
0 1000011100 0.739667203435

1000011101
1 0000111011 0.288109756098
0 0000111010 0.711890243902

0000111011
1 0001110111 0.323243243243
0 0001110110 0.676756756757

0001110110
1 0011101101 0.260429835651
0 0011101100 0.739570164349

0011101100
1 0111011001 0.25902864259
0 0111011000 0.74097135741

0111011000
1 1110110001 0.240762812872
0 1110110000 0.759237187128

1110110000
1 1101100001 0.207486631016
0 1101100000 0.792513368984

1110110001
1 1100011 0.262068965517
0 1101100010 0.737931034483

1101100010
1 1000101 0.218181818182
0 1011000100 0.781818181818

1000101
0 10001010 0.751822576932
1 10001011 0.248177423068

10001011
0 100010110 0.710575139147
1 100010111 0.289424860853

100010111
0 1000101110 0.693376068376
1 1111 0.306623931624

1000101110
1 0001011101 0.28967642527
0 0001011100 0.71032357473

0001011101
1 0010111011 0.302045728039
0 0010111010 0.697954271961

0010111010
1 0101110101 0.291287386216
0 0101110100 0.708712613784

0101110100
1 1011101001 0.241935483871
0 1011101000 0.758064516129

1011101001
1 0111010011 0.285714285714
0 0111010010 0.714285714286

0111010010
1 1110100101 0.269696969697
0 1110100100 0.730303030303

1110100100
1 1101001001 0.179206566347
0 1101001000 0.820793433653

1110100101
1 1101001011 0.28880866426
0 1101001010 0.71119133574

1101001010
1 1010010101 0.238993710692
0 1010010100 0.761006289308

1010010101
1 0100101011 0.303867403315
0 0100101010 0.696132596685

0100101010
1 1001010101 0.249084249084
0 1001010100 0.750915750916

1001010100
1 0010101001 0.195997645674
0 0010101000 0.804002354326

1001010101
1 0010101011 0.335640138408
0 0010101010 0.664359861592

0010101010
1 0101010101 0.22904109589
0 0101010100 0.77095890411

0101010100
1 1010101001 0.220723151646
0 1010101000 0.779276848354

1010101000
1 010001 0.191521961185
0 0101010000 0.808478038815

1010101001
1 0101010011 0.277680140598
0 0101010010 0.722319859402

0101010011
1 1010100111 0.282685512367
0 1010100110 0.717314487633

1010100110
1 0101001101 0.259581881533
0 0101001100 0.740418118467

0101001100
1 1010011001 0.228020419739
0 1010011000 0.771979580261

1010011000
1 0100110001 0.210526315789
0 0100110000 0.789473684211

1010011001
1 0100110011 0.27868852459
0 0100110010 0.72131147541

0100110011
1 1001100111 0.283439490446
0 1001100110 0.716560509554

1001100110
1 0011001101 0.242928452579
0 0011001100 0.757071547421

0011001101
1 0110011011 0.307458143075
0 0110011010 0.692541856925

0110011010
1 1100110101 0.265079365079
0 1100110100 0.734920634921

1100110100
1 1001101001 0.224736048265
0 1001101000 0.775263951735

1001101000
1 010001 0.197790636507
0 0011010000 0.802209363493

1001101001
1 0011010011 0.268166089965
0 0011010010 0.731833910035

0011010010
1 0110100101 0.232781633743
0 0110100100 0.767218366257

0110100101
1 1101001011 0.273178807947
0 1101001010 0.726821192053

1101001011
1 1010010111 0.273469387755
0 1010010110 0.726530612245

1010010111
1 1111 0.37037037037
0 0100101110 0.62962962963

0100101110
1 1001011101 0.285100286533
0 1001011100 0.714899713467

1001011100
1 0010111001 0.243045387994
0 0010111000 0.756954612006

0010111001
1 0101110011 0.270083102493
0 0101110010 0.729916897507

0101110010
1 1011100101 0.254120879121
0 1011100100 0.745879120879

1011100100
1 0111001001 0.239327296248
0 0111001000 0.760672703752

0111001001
1 1110010011 0.253543307087
0 1110010010 0.746456692913

1110010010
1 1100100101 0.247058823529
0 1100100100 0.752941176471

1110010011
1 1100100111 0.308016877637
0 1100100110 0.691983122363

1100100110
1 1001001101 0.25817555938
0 1001001100 0.74182444062

1001001101
1 0010011011 0.278169014085
0 0010011010 0.721830985915

0010011010
1 0100110101 0.260892667375
0 0100110100 0.739107332625

0100110100
1 1001101001 0.236233480176
0 1001101000 0.763766519824

0100110101
1 1001101011 0.297090352221
0 1001101010 0.702909647779

1001101010
1 0011010101 0.268987341772
0 0011010100 0.731012658228

0011010100
1 0110101001 0.226329113924
0 0110101000 0.773670886076

0110101000
1 010001 0.192139737991
0 1101010000 0.807860262009

0110101001
1 1101010011 0.26817447496
0 1101010010 0.73182552504

1101010010
1 1010100101 0.243243243243
0 1010100100 0.756756756757

1101010011
1 1010100111 0.269565217391
0 1010100110 0.730434782609

1010100111
1 1111 0.306306306306
0 0101001110 0.693693693694

0101001110
1 1010011101 0.27614379085
0 1010011100 0.72385620915

1010011100
1 0100111001 0.225122349103
0 0100111000 0.774877650897

0100111001
1 1001110011 0.293934681182
0 1001110010 0.706065318818

1001110010
1 0011100101 0.238782051282
0 0011100100 0.761217948718

0011100101
1 0111001011 0.290132547865
0 0111001010 0.709867452135

0111001010
1 1110010101 0.286969253294
0 1110010100 0.713030746706

1110010100
1 1100101001 0.233524355301
0 1100101000 0.766475644699

1100101000
1 010001 0.180577427822
0 1001010000 0.819422572178

1100101001
1 1001010011 0.260869565217
0 1001010010 0.739130434783

1001010011
1 0010100111 0.254545454545
0 0010100110 0.745454545455

0010100110
1 0101001101 0.26362135388
0 0101001100 0.73637864612

0101001101
1 1010011011 0.308917197452
0 1010011010 0.691082802548

1010011010
1 0100110101 0.27597955707
0 0100110100 0.72402044293

1010011011
1 0100110111 0.325581395349
0 0100110110 0.674418604651

0100110110
1 1001101101 0.270833333333
0 1001101100 0.729166666667

1001101100
1 0011011001 0.271929824561
0 0011011000 0.728070175439

0011011001
1 0110110011 0.261939218524
0 0110110010 0.738060781476

0110110010
1 1101100101 0.236209335219
0 1101100100 0.763790664781

1101100100
1 1011001001 0.184993531695
0 1011001000 0.815006468305

1011001000
1 010001 0.19152854512
0 0110010000 0.80847145488

1011001001
1 0110010011 0.240072202166
0 0110010010 0.759927797834

0110010011
1 1100100111 0.288395904437
0 1100100110 0.711604095563

1100100111
1 1111 0.318181818182
0 1001001110 0.681818181818

1101100101
1 1011001011 0.302127659574
0 1011001010 0.697872340426

1011001010
1 0110010101 0.284263959391
0 0110010100 0.715736040609

0110010100
1 1100101001 0.200233508465
0 1100101000 0.799766491535

0110010101
1 1100101011 0.262981574539
0 1100101010 0.737018425461

1100101010
1 1001010101 0.266040688576
0 1001010100 0.733959311424

1100101011
1 1001010111 0.303964757709
0 1001010110 0.696035242291

1001010110
1 0010101101 0.270833333333
0 0010101100 0.729166666667

0010101100
1 0101011001 0.245595854922
0 0101011000 0.754404145078

0101011000
1 1010110001 0.227296049256
0 1010110000 0.772703950744

1010110000
1 0101100001 0.200766650695
0 0101100000 0.799233349305

1010110001
1 1100011 0.263157894737
0 0101100010 0.736842105263

0101011001
1 1010110011 0.261755485893
0 1010110010 0.738244514107

1010110010
1 0101100101 0.254777070064
0 0101100100 0.745222929936

0101100100
1 1011001001 0.21044546851
0 1011001000 0.78955453149

0101100101
1 1011001011 0.298850574713
0 1011001010 0.701149425287

1011001011
1 0110010111 0.316205533597
0 0110010110 0.683794466403

0110010110
1 1100101101 0.232035928144
0 1100101100 0.767964071856

1100101100
1 1001011001 0.255289139633
0 1001011000 0.744710860367

1001011001
1 0010110011 0.285067873303
0 0010110010 0.714932126697

0010110010
1 0101100101 0.232161323681
0 0101100100 0.767838676319

0010110011
1 0101100111 0.301104972376
0 0101100110 0.698895027624

0101100110
1 1011001101 0.265275707899
0 1011001100 0.734724292101

1011001100
1 0110011001 0.24633431085
0 0110011000 0.75366568915

0110011001
1 1100110011 0.247208931419
0 1100110010 0.752791068581

1100110010
1 1001100101 0.226277372263
0 1001100100 0.773722627737

1001100101
1 0011001011 0.301851851852
0 0011001010 0.698148148148

0011001010
1 0110010101 0.249563699825
0 0110010100 0.750436300175

0011001011
1 0110010111 0.278425655977
0 0110010110 0.721574344023

0110010111
1 1111 0.335793357934
0 1100101110 0.664206642066

1100101110
1 1001011101 0.272727272727
0 1001011100 0.727272727273

1001011101
1 0010111011 0.294776119403
0 0010111010 0.705223880597

0010111011
1 0101110111 0.306060606061
0 0101110110 0.693939393939

0101110110
1 1011101101 0.317073170732
0 1011101100 0.682926829268

1011101100
1 0111011001 0.256097560976
0 0111011000 0.743902439024

0111011001
1 1110110011 0.308219178082
0 1110110010 0.691780821918

1110110010
1 1101100101 0.225913621262
0 1101100100 0.774086378738

1110110011
1 1101100111 0.3
0 1101100110 0.7

1101100110
1 1011001101 0.281368821293
0 1011001100 0.718631178707

1011001101
1 0110011011 0.305555555556
0 0110011010 0.694444444444

0110011011
1 1100110111 0.322580645161
0 1100110110 0.677419354839

1100110110
1 1001101101 0.289377289377
0 1001101100 0.710622710623

1001101101
1 0011011011 0.287356321839
0 0011011010 0.712643678161

0011011010
1 0110110101 0.266839378238
0 0110110100 0.733160621762

0110110100
1 1101101001 0.269900497512
0 1101101000 0.730099502488

1101101000
1 010001 0.22623345367
0 1011010000 0.77376654633

1101101001
1 1011010011 0.247491638796
0 1011010010 0.752508361204

1011010011
1 0110100111 0.266666666667
0 0110100110 0.733333333333

0110100110
1 1101001101 0.240336134454
0 1101001100 0.759663865546

1101001100
1 1010011001 0.226851851852
0 1010011000 0.773148148148

1101001101
1 1010011011 0.294930875576
0 1010011010 0.705069124424

0110100111
1 1111 0.326359832636
0 1101001110 0.673640167364

1101001110
1 1010011101 0.294605809129
0 1010011100 0.705394190871

1010011101
1 0100111011 0.366666666667
0 0100111010 0.633333333333

0100111010
1 1001110101 0.277372262774
0 1001110100 0.722627737226

1001110100
1 0011101001 0.225854383358
0 0011101000 0.774145616642

0011101001
1 0111010011 0.272727272727
0 0111010010 0.727272727273

0111010011
1 1110100111 0.261904761905
0 1110100110 0.738095238095

1110100110
1 1101001101 0.274074074074
0 1101001100 0.725925925926

1110100111
1 1111 0.230769230769
0 1101001110 0.769230769231

1001110101
1 0011101011 0.311538461538
0 0011101010 0.688461538462

0011101011
1 0111010111 0.315972222222
0 0111010110 0.684027777778

0111010110
1 1110101101 0.230496453901
0 1110101100 0.769503546099

1110101100
1 1101011001 0.214285714286
0 1101011000 0.785714285714

1101011000
1 1010110001 0.240522875817
0 1010110000 0.759477124183

1101011001
1 1010110011 0.295964125561
0 1010110010 0.704035874439

1010110011
1 0101100111 0.291845493562
0 0101100110 0.708154506438

0101100111
1 1111 0.321678321678
0 1011001110 0.678321678322

1011001110
1 0110011101 0.281138790036
0 0110011100 0.718861209964

0110011100
1 1100111001 0.251874062969
0 1100111000 0.748125937031

1100111000
1 1001110001 0.236806495264
0 1001110000 0.763193504736

1001110001
1 1100011 0.245704467354
0 0011100010 0.754295532646

0011100010
1 1000101 0.221127531472
0 0111000100 0.778872468528

0111000100
1 1110001001 0.19383033419
0 1110001000 0.80616966581

1110001000
1 010001 0.175971415811
0 1100010000 0.824028584189

1110001001
1 1100010011 0.260147601476
0 1100010010 0.739852398524

1100010011
1 1000100111 0.24693877551
0 1000100110 0.75306122449

1000100110
1 0001001101 0.234205488194
0 0001001100 0.765794511806

0001001101
1 0010011011 0.277723258096
0 0010011010 0.722276741904

0010011011
1 0100110111 0.312154696133
0 0100110110 0.687845303867

0100110111
1 1111 0.361290322581
0 1001101110 0.638709677419

1001101110
1 0011011101 0.307971014493
0 0011011100 0.692028985507

0011011100
1 0110111001 0.294039735099
0 0110111000 0.705960264901

0110111000
1 1101110001 0.25
0 1101110000 0.75

1101110000
1 1011100001 0.223266745006
0 1011100000 0.776733254994

1101110001
1 1100011 0.285171102662
0 1011100010 0.714828897338

1011100010
1 1000101 0.203053435115
0 0111000100 0.796946564885

0110111001
1 1101110011 0.260726072607
0 1101110010 0.739273927393

1101110010
1 1011100101 0.28125
0 1011100100 0.71875

1011100101
1 0111001011 0.269090909091
0 0111001010 0.730909090909

0111001011
1 1110010111 0.280442804428
0 1110010110 0.719557195572

1110010110
1 1100101101 0.271375464684
0 1100101100 0.728624535316

1100101101
1 1001011011 0.25
0 1001011010 0.75

1001011011
1 0010110111 0.278884462151
0 0010110110 0.721115537849

0010110110
1 0101101101 0.279314888011
0 0101101100 0.720685111989

0101101100
1 1011011001 0.256241787122
0 1011011000 0.743758212878

1011011000
1 0110110001 0.225766871166
0 0110110000 0.774233128834

0110110001
1 1100011 0.29541864139
0 1101100010 0.70458135861

1011011001
1 0110110011 0.313588850174
0 0110110010 0.686411149826

0110110011
1 1101100111 0.339483394834
0 1101100110 0.660516605166

1101100111
1 1111 0.3203125
0 1011001110 0.6796875

0101101101
1 1011011011 0.310126582278
0 1011011010 0.689873417722

1011011010
1 0110110101 0.227272727273
0 0110110100 0.772727272727

0110110101
1 1101101011 0.304347826087
0 1101101010 0.695652173913

1101101010
1 1011010101 0.241134751773
0 1011010100 0.758865248227

1011010100
1 0110101001 0.243971631206
0 0110101000 0.756028368794

1011010101
1 0110101011 0.31223628692
0 0110101010 0.68776371308

0110101010
1 1101010101 0.257911392405
0 1101010100 0.742088607595

1101010100
1 1010101001 0.237388724036
0 1010101000 0.762611275964

1101010101
1 1010101011 0.241379310345
0 1010101010 0.758620689655

1010101010
1 0101010101 0.238907849829
0 0101010100 0.761092150171

0101010101
1 1010101011 0.26523297491
0 1010101010 0.73476702509

1010101011
1 0101010111 0.313725490196
0 0101010110 0.686274509804

0101010110
1 1010101101 0.281847133758
0 1010101100 0.718152866242

1010101100
1 0101011001 0.249619482496
0 0101011000 0.750380517504

1010101101
1 0101011011 0.296442687747
0 0101011010 0.703557312253

0101011010
1 1010110101 0.250737463127
0 1010110100 0.749262536873

1010110100
1 0101101001 0.234794908062
0 0101101000 0.765205091938

1010110101
1 0101101011 0.289361702128
0 0101101010 0.710638297872

0101101010
1 1011010101 0.256060606061
0 1011010100 0.743939393939

0101101011
1 1011010111 0.272727272727
0 1011010110 0.727272727273

1011010110
1 0110101101 0.268456375839
0 0110101100 0.731543624161

0110101100
1 1101011001 0.230547550432
0 1101011000 0.769452449568

0110101101
1 1101011011 0.31338028169
0 1101011010 0.68661971831

1101011010
1 1010110101 0.246212121212
0 1010110100 0.753787878788

1101011011
1 1010110111 0.220472440945
0 1010110110 0.779527559055

1010110110
1 0101101101 0.327044025157
0 0101101100 0.672955974843

1010110111
1 1111 0.309734513274
0 0101101110 0.690265486726

0101101110
1 1011011101 0.277153558052
0 1011011100 0.722846441948

1011011100
1 0110111001 0.297794117647
0 0110111000 0.702205882353

1011011101
1 0110111011 0.300884955752
0 0110111010 0.699115044248

0110111010
1 1101110101 0.224489795918
0 1101110100 0.775510204082

1101110101
1 1011101011 0.298969072165
0 1011101010 0.701030927835

1011101010
1 0111010101 0.224199288256
0 0111010100 0.775800711744

0111010101
1 1110101011 0.333333333333
0 1110101010 0.666666666667

1110101010
1 1101010101 0.251824817518
0 1101010100 0.748175182482

1110101011
1 1101010111 0.1875
0 1101010110 0.8125

1101010110
1 1010101101 0.269503546099
0 1010101100 0.730496453901

1101010111
1 1111 0.252631578947
0 1010101110 0.747368421053

1010101110
1 0101011101 0.318339100346
0 0101011100 0.681660899654

0101011100
1 1010111001 0.270889487871
0 1010111000 0.729110512129

1010111000
1 0101110001 0.218997361478
0 0101110000 0.781002638522

0101110001
1 1100011 0.287022900763
0 1011100010 0.712977099237

1010111001
1 0101110011 0.287234042553
0 0101110010 0.712765957447

0101110011
1 1011100111 0.304347826087
0 1011100110 0.695652173913

1011100110
1 0111001101 0.275362318841
0 0111001100 0.724637681159

0111001100
1 1110011001 0.264663805436
0 1110011000 0.735336194564

1110011000
1 1100110001 0.21879021879
0 1100110000 0.78120978121

1100110001
1 1100011 0.246179966044
0 1001100010 0.753820033956

1110011001
1 1100110011 0.236559139785
0 1100110010 0.763440860215

1100110011
1 1001100111 0.316742081448
0 1001100110 0.683257918552

1001100111
1 1111 0.370967741935
0 0011001110 0.629032258065

0011001110
1 0110011101 0.279069767442
0 0110011100 0.720930232558

0110011101
1 1100111011 0.359073359073
0 1100111010 0.640926640927

1100111010
1 1001110101 0.282258064516
0 1001110100 0.717741935484

1100111011
1 1001110111 0.338709677419
0 1001110110 0.661290322581

1001110110
1 0011101101 0.248275862069
0 0011101100 0.751724137931

0011101101
1 0111011011 0.323741007194
0 0111011010 0.676258992806

0111011010
1 1110110101 0.260135135135
0 1110110100 0.739864864865

1110110100
1 1101101001 0.251533742331
0 1101101000 0.748466257669

1110110101
1 1101101011 0.28
0 1101101010 0.72

1101101011
1 1011010111 0.310924369748
0 1011010110 0.689075630252

1011010111
1 1111 0.347457627119
0 0110101110 0.652542372881

0110101110
1 1101011101 0.276978417266
0 1101011100 0.723021582734

1101011100
1 1010111001 0.271812080537
0 1010111000 0.728187919463

1101011101
1 1010111011 0.273504273504
0 1010111010 0.726495726496

1010111010
1 0101110101 0.289285714286
0 0101110100 0.710714285714

0101110101
1 1011101011 0.301639344262
0 1011101010 0.698360655738

1011101011
1 0111010111 0.297520661157
0 0111010110 0.702479338843

0111010111
1 1111 0.314960629921
0 1110101110 0.685039370079

1110101110
1 1101011101 0.29197080292
0 1101011100 0.70802919708

1010111011
1 0101110111 0.266666666667
0 0101110110 0.733333333333

0101110111
1 1111 0.335766423358
0 1011101110 0.664233576642

1011101110
1 0111011101 0.192857142857
0 0111011100 0.807142857143

0111011100
1 1110111001 0.248663101604
0 1110111000 0.751336898396

1110111000
1 1101110001 0.210256410256
0 1101110000 0.789743589744

1110111001
1 1101110011 0.304347826087
0 1101110010 0.695652173913

1101110011
1 1011100111 0.305785123967
0 1011100110 0.694214876033

1011100111
1 1111 0.280991735537
0 0111001110 0.719008264463

0111001110
1 1110011101 0.248322147651
0 1110011100 0.751677852349

1110011100
1 1100111001 0.238095238095
0 1100111000 0.761904761905

1100111001
1 1001110011 0.300411522634
0 1001110010 0.699588477366

1001110011
1 0011100111 0.347328244275
0 0011100110 0.652671755725

0011100110
1 0111001101 0.27365356623
0 0111001100 0.72634643377

0111001101
1 1110011011 0.318181818182
0 1110011010 0.681818181818

1110011010
1 1100110101 0.264705882353
0 1100110100 0.735294117647

1100110101
1 1001101011 0.276150627615
0 1001101010 0.723849372385

1001101011
1 0011010111 0.338461538462
0 0011010110 0.661538461538

0011010110
1 0110101101 0.3
0 0110101100 0.7

0011010111
1 1111 0.279569892473
0 0110101110 0.720430107527

1110011011
1 1100110111 0.236363636364
0 1100110110 0.763636363636

1100110111
1 1111 0.327586206897
0 1001101110 0.672413793103

0011100111
1 1111 0.364457831325
0 0111001110 0.635542168675

1110011101
1 1100111011 0.274336283186
0 1100111010 0.725663716814

0111011101
1 1110111011 0.343065693431
0 1110111010 0.656934306569

1110111011
1 1101110111 0.358208955224
0 1101110110 0.641791044776

1101110110
1 1011101101 0.287671232877
0 1011101100 0.712328767123

1011101101
1 0111011011 0.260273972603
0 0111011010 0.739726027397

0111011011
1 1110110111 0.265625
0 1110110110 0.734375

1110110110
1 1101101101 0.317880794702
0 1101101100 0.682119205298

1101101100
1 1011011001 0.269794721408
0 1011011000 0.730205278592

1101101101
1 1011011011 0.370629370629
0 1011011010 0.629370629371

1011011011
1 0110110111 0.291390728477
0 0110110110 0.708609271523

0110110110
1 1101101101 0.285285285285
0 1101101100 0.714714714715

0110110111
1 1111 0.386861313869
0 1101101110 0.613138686131

1101101110
1 1011011101 0.330508474576
0 1011011100 0.669491525424

1110110111
1 1111 0.358490566038
0 1101101110 0.641509433962

1101110111
1 1111 0.268656716418
0 1011101110 0.731343283582

0111011011
1 1110110111 0.265625
0 1110110110 0.734375

1001110111
1 1111 0.329192546584
0 0011101110 0.670807453416

0011101110
1 0111011101 0.296495956873
0 0111011100 0.703504043127

0111001101
1 1110011011 0.318181818182
0 1110011010 0.681818181818

1011100111
1 1111 0.280991735537
0 0111001110 0.719008264463

0101011101
1 1010111011 0.345637583893
0 1010111010 0.654362416107

1011101011
1 0111010111 0.297520661157
0 0111010110 0.702479338843

0110111011
1 1101110111 0.294520547945
0 1101110110 0.705479452055

1011010111
1 1111 0.347457627119
0 0110101110 0.652542372881

0101011011
1 1010110111 0.279605263158
0 1010110110 0.720394736842

0101010111
1 1111 0.343373493976
0 1010101110 0.656626506024

1010101011
1 0101010111 0.313725490196
0 0101010110 0.686274509804

0110101011
1 1101010111 0.285140562249
0 1101010110 0.714859437751

1101101011
1 1011010111 0.310924369748
0 1011010110 0.689075630252

1011011011
1 0110110111 0.291390728477
0 0110110110 0.708609271523

0010110111
1 1111 0.367892976589
0 0101101110 0.632107023411

1110010111
1 1111 0.336363636364
0 1100101110 0.663636363636

1101110011
1 1011100111 0.305785123967
0 1011100110 0.694214876033

0011011101
1 0110111011 0.34250764526
0 0110111010 0.65749235474

1000100111
1 1111 0.300675675676
0 0001001110 0.699324324324

0001001110
1 0010011101 0.273236805231
0 0010011100 0.726763194769

0010011101
1 0100111011 0.309585492228
0 0100111010 0.690414507772

0100111011
1 1001110111 0.363914373089
0 1001110110 0.636085626911

1100111001
1 1001110011 0.300411522634
0 1001110010 0.699588477366

0110011101
1 1100111011 0.359073359073
0 1100111010 0.640926640927

1110101101
1 1101011011 0.355140186916
0 1101011010 0.644859813084

0111010111
1 1111 0.314960629921
0 1110101110 0.685039370079

0100111011
1 1001110111 0.363914373089
0 1001110110 0.636085626911

0110110101
1 1101101011 0.304347826087
0 1101101010 0.695652173913

0011011011
1 0110110111 0.291536050157
0 0110110110 0.708463949843

1100110111
1 1111 0.327586206897
0 1001101110 0.672413793103

1101100111
1 1111 0.3203125
0 1011001110 0.6796875

1011101101
1 0111011011 0.260273972603
0 0111011010 0.739726027397

0101110111
1 1111 0.335766423358
0 1011101110 0.664233576642

1100110011
1 1001100111 0.316742081448
0 1001100110 0.683257918552

1011001101
1 0110011011 0.305555555556
0 0110011010 0.694444444444

0101100111
1 1111 0.321678321678
0 1011001110 0.678321678322

1100101101
1 1001011011 0.25
0 1001011010 0.75

0110010111
1 1111 0.335793357934
0 1100101110 0.664206642066

1010110011
1 0101100111 0.291845493562
0 0101100110 0.708154506438

0010101101
1 0101011011 0.314128943759
0 0101011010 0.685871056241

1001010111
1 1111 0.322222222222
0 0010101110 0.677777777778

0010101110
1 0101011101 0.274300932091
0 0101011100 0.725699067909

1011001011
1 0110010111 0.316205533597
0 0110010110 0.683794466403

0110110011
1 1101100111 0.339483394834
0 1101100110 0.660516605166

1001101101
1 0011011011 0.287356321839
0 0011011010 0.712643678161

0100110111
1 1111 0.361290322581
0 1001101110 0.638709677419

0010100111
1 1111 0.324483775811
0 0101001110 0.675516224189

1110010101
1 1100101011 0.260223048327
0 1100101010 0.739776951673

0111001011
1 1110010111 0.280442804428
0 1110010110 0.719557195572

1001110011
1 0011100111 0.347328244275
0 0011100110 0.652671755725

1010011101
1 0100111011 0.366666666667
0 0100111010 0.633333333333

0011010101
1 0110101011 0.271739130435
0 0110101010 0.728260869565

1001101011
1 0011010111 0.338461538462
0 0011010110 0.661538461538

0010011011
1 0100110111 0.312154696133
0 0100110110 0.687845303867

1100100111
1 1111 0.318181818182
0 1001001110 0.681818181818

1011100101
1 0111001011 0.269090909091
0 0111001010 0.730909090909

0101110011
1 1011100111 0.304347826087
0 1011100110 0.695652173913

1001011101
1 0010111011 0.294776119403
0 0010111010 0.705223880597

0011010011
1 0110100111 0.293924466338
0 0110100110 0.706075533662

1100110101
1 1001101011 0.276150627615
0 1001101010 0.723849372385

0110011011
1 1100110111 0.322580645161
0 1100110110 0.677419354839

1001100111
1 1111 0.370967741935
0 0011001110 0.629032258065

0101001101
1 1010011011 0.308917197452
0 1010011010 0.691082802548

1010100111
1 1111 0.306306306306
0 0101001110 0.693693693694

0101010101
1 1010101011 0.26523297491
0 1010101010 0.73476702509

0010101011
1 0101010111 0.354497354497
0 0101010110 0.645502645503

0100101011
1 1001010111 0.301349325337
0 1001010110 0.698650674663

1101001011
1 1010010111 0.273469387755
0 1010010110 0.726530612245

0111010011
1 1110100111 0.261904761905
0 1110100110 0.738095238095

0101110101
1 1011101011 0.301639344262
0 1011101010 0.698360655738

0010111011
1 0101110111 0.306060606061
0 0101110110 0.693939393939

100010110
0 1000101100 0.738903394256
1 1000101101 0.261096605744

1000101101
1 0001011011 0.276666666667
0 0001011010 0.723333333333

0001011010
1 0010110101 0.274596182085
0 0010110100 0.725403817915

0010110101
1 0101101011 0.317174515235
0 0101101010 0.682825484765

0001011011
1 0010110111 0.283767038414
0 0010110110 0.716232961586

1000101100
1 0001011001 0.230270906949
0 0001011000 0.769729093051

0001011001
1 0010110011 0.268170426065
0 0010110010 0.731829573935

10001010
0 100010100 0.771971011534
1 100010101 0.228028988466

100010101
0 1000101010 0.740823634736
1 1000101011 0.259176365264

1000101011
1 0001010111 0.312607944732
0 0001010110 0.687392055268

0001010110
1 0010101101 0.275184275184
0 0010101100 0.724815724816

0001010111
1 1111 0.334894613583
0 0010101110 0.665105386417

1000101010
1 0001010101 0.23746223565
0 0001010100 0.76253776435

0001010101
1 0010101011 0.280579131303
0 0010101010 0.719420868697

100010100
0 1000101000 0.807219357398
1 1000101001 0.192780642602

1000101001
1 0001010011 0.253772290809
0 0001010010 0.746227709191

0001010011
1 0010100111 0.276
0 0010100110 0.724

1000101000
1 010001 0.166748566749
0 0001010000 0.833251433251

0111011001
1 1110110011 0.308219178082
0 1110110010 0.691780821918

0011101101
1 0111011011 0.323741007194
0 0111011010 0.676258992806

0001110111
1 1111 0.304232804233
0 0011101110 0.695767195767

0111001001
1 1110010011 0.253543307087
0 1110010010 0.746456692913

0011100101
1 0111001011 0.290132547865
0 0111001010 0.709867452135

0001110011
1 0011100111 0.318361955086
0 0011100110 0.681638044914

1000011101
1 0000111011 0.288109756098
0 0000111010 0.711890243902

0110110001
1 1100011 0.29541864139
0 1101100010 0.70458135861

0011011001
1 0110110011 0.261939218524
0 0110110010 0.738060781476

0001101101
1 0011011011 0.293975903614
0 0011011010 0.706024096386

0000110111
1 1111 0.319429198683
0 0001101110 0.680570801317

0001101110
1 0011011101 0.300248138958
0 0011011100 0.699751861042

1110000111
1 1111 0.254545454545
0 1100001110 0.745454545455

0101110001
1 1100011 0.287022900763
0 1011100010 0.712977099237

0010111001
1 0101110011 0.270083102493
0 0101110010 0.729916897507

0001011101
1 0010111011 0.302045728039
0 0010111010 0.697954271961

0111000011
1 1110000111 0.28679245283
0 1110000110 0.71320754717

1001110001
1 1100011 0.245704467354
0 0011100010 0.754295532646

0100111001
1 1001110011 0.293934681182
0 1001110010 0.706065318818

0010011101
1 0100111011 0.309585492228
0 0100111010 0.690414507772

0110100101
1 1101001011 0.273178807947
0 1101001010 0.726821192053

1011010011
1 0110100111 0.266666666667
0 0110100110 0.733333333333

0010110101
1 0101101011 0.317174515235
0 0101101010 0.682825484765

1001011011
1 0010110111 0.278884462151
0 0010110110 0.721115537849

0010010111
1 1111 0.305732484076
0 0100101110 0.694267515924

0110010011
1 1100100111 0.288395904437
0 1100100110 0.711604095563

1001100101
1 0011001011 0.301851851852
0 0011001010 0.698148148148

0100110011
1 1001100111 0.283439490446
0 1001100110 0.716560509554

1001001101
1 0010011011 0.278169014085
0 0010011010 0.721830985915

0100100111
1 1111 0.315132605304
0 1001001110 0.684867394696

1000100101
1 0001001011 0.255498059508
0 0001001010 0.744501940492

0001001010
1 0010010101 0.217855485069
0 0010010100 0.782144514931

0010010101
1 0100101011 0.284903518729
0 0100101010 0.715096481271

0001001011
1 0010010111 0.286509040334
0 0010010110 0.713490959666

1100010011
1 1000100111 0.24693877551
0 1000100110 0.75306122449

1000101
0 10001010 0.751822576932
1 10001011 0.248177423068

1001011001
1 0010110011 0.285067873303
0 0010110010 0.714932126697

0100101101
1 1001011011 0.286558345643
0 1001011010 0.713441654357

1010010111
1 1111 0.37037037037
0 0100101110 0.62962962963

1001010011
1 0010100111 0.254545454545
0 0010100110 0.745454545455

1010010101
1 0100101011 0.303867403315
0 0100101010 0.696132596685

0101001011
1 1010010111 0.289950576606
0 1010010110 0.710049423394

0101010011
1 1010100111 0.282685512367
0 1010100110 0.717314487633

0001010101
1 0010101011 0.280579131303
0 0010101010 0.719420868697

0000101011
1 0001010111 0.291341991342
0 0001010110 0.708658008658

1100001011
1 1000010111 0.321428571429
0 1000010110 0.678571428571

1011000011
1 0110000111 0.267822736031
0 0110000110 0.732177263969

0010110001
1 1100011 0.238849765258
0 0101100010 0.761150234742

0001011001
1 0010110011 0.268170426065
0 0010110010 0.731829573935

0000101101
1 0001011011 0.284888888889
0 0001011010 0.715111111111

1000010111
1 1111 0.352365415987
0 0000101110 0.647634584013

1101000011
1 1010000111 0.318548387097
0 1010000110 0.681451612903

1010000111
1 1111 0.325704225352
0 0100001110 0.674295774648

0001101001
1 0011010011 0.238445378151
0 0011010010 0.761554621849

0000110101
1 0001101011 0.254106280193
0 0001101010 0.745893719807

0001101010
1 0011010101 0.238550578762
0 0011010100 0.761449421238

0001101011
1 0011010111 0.273247496423
0 0011010110 0.726752503577

1000011011
1 0000110111 0.29659643436
0 0000110110 0.70340356564

0010000111
1 1111 0.289827255278
0 0100001110 0.710172744722

0110001001
1 1100010011 0.222010178117
0 1100010010 0.777989821883

1000101
0 10001010 0.751822576932
1 10001011 0.248177423068

0010011001
1 0100110011 0.264771460424
0 0100110010 0.735228539576

0001001101
1 0010011011 0.277723258096
0 0010011010 0.722276741904

0000100111
1 1111 0.290468364832
0 0001001110 0.709531635168

0110000101
1 1100001011 0.248838752488
0 1100001010 0.751161247512

0011000011
1 0110000111 0.272274143302
0 0110000110 0.727725856698

1100110001
1 1100011 0.246179966044
0 1001100010 0.753820033956

0110011001
1 1100110011 0.247208931419
0 1100110010 0.752791068581

0011001101
1 0110011011 0.307458143075
0 0110011010 0.692541856925

0001100111
1 1111 0.344504021448
0 0011001110 0.655495978552

0100001101
1 1000011011 0.264
0 1000011010 0.736

1010000111
1 1111 0.325704225352
0 0100001110 0.674295774648

0100101001
1 1001010011 0.232543241512
0 1001010010 0.767456758488

0010010101
1 0100101011 0.284903518729
0 0100101010 0.715096481271

1001001011
1 0010010111 0.278797996661
0 0010010110 0.721202003339

0010010011
1 0100100111 0.279338842975
0 0100100110 0.720661157025

0100100101
1 1001001011 0.270006108735
0 1001001010 0.729993891265

1010010011
1 0100100111 0.244972577697
0 0100100110 0.755027422303

0010100101
1 0101001011 0.265017667845
0 0101001010 0.734982332155

0001010011
1 0010100111 0.276
0 0010100110 0.724

1000010101
1 0000101011 0.255263157895
0 0000101010 0.744736842105

0100001011
1 1000010111 0.259195402299
0 1000010110 0.740804597701

1001000011
1 0010000111 0.260992907801
0 0010000110 0.739007092199

0001001001
1 0010010011 0.226264834478
0 0010010010 0.773735165522

0000100101
1 0001001011 0.249081142211
0 0001001010 0.750918857789

1000010011
1 0000100111 0.264666666667
0 0000100110 0.735333333333

0010000101
1 0100001011 0.237174095879
0 0100001010 0.762825904121

0001000011
1 0010000111 0.252612983954
0 0010000110 0.747387016046

0100001001
1 1000010011 0.220047127062
0 1000010010 0.779952872938

1010000101
1 0100001011 0.239651416122
0 0100001010 0.760348583878

0101000011
1 1010000111 0.271523178808
0 1010000110 0.728476821192

1110101001
1 1101010011 0.231046931408
0 1101010010 0.768953068592

0111010101
1 1110101011 0.333333333333
0 1110101010 0.666666666667

0011101011
1 0111010111 0.315972222222
0 0111010110 0.684027777778

1000111011
1 0001110111 0.323770491803
0 0001110110 0.676229508197

0100011100
1 1000111001 0.250805585392
0 1000111000 0.749194414608

1000111000
1 0001110001 0.221329046088
0 0001110000 0.778670953912

0001110001
1 1100011 0.246061922868
0 0011100010 0.753938077132

1000111001
1 0001110011 0.280811232449
0 0001110010 0.719188767551

01000110
0 010001100 0.761175337187
1 010001101 0.238824662813

010001101
0 0100011010 0.733763614361
1 0100011011 0.266236385639

0100011011
1 1000110111 0.3
0 1000110110 0.7

1000110110
1 0001101101 0.300476947536
0 0001101100 0.699523052464

1000110111
1 1111 0.300751879699
0 0001101110 0.699248120301

0100011010
1 1000110101 0.2572842221
0 1000110100 0.7427157779

1000110100
1 0001101001 0.234533183352
0 0001101000 0.765466816648

1000110101
1 0001101011 0.280844155844
0 0001101010 0.719155844156

010001100
0 00011000 0.791165675231
1 0100011001 0.208834324769

0100011001
1 1000110011 0.254545454545
0 1000110010 0.745454545455

1000110010
1 0001100101 0.233950617284
0 0001100100 0.766049382716

0001100101
1 0011001011 0.280428954424
0 0011001010 0.719571045576

1000110011
1 0001100111 0.293381037567
0 0001100110 0.706618962433

0100010
0 01000100 0.817057646845
1 1000101 0.182942353155

01000100
0 010001000 0.833963943913
1 010001001 0.166036056087

010001001
0 0100010010 0.776273458445
1 0100010011 0.223726541555

0100010011
1 1000100111 0.282204913122
0 1000100110 0.717795086878

0100010010
1 1000100101 0.206182006562
0 1000100100 0.793817993438

010001000
0 0100010000 0.856258340005
1 010001 0.143741659995

0100010000
1 1000100001 0.126885675103
0 1000100000 0.873114324897

0011101001
1 0111010011 0.272727272727
0 0111010010 0.727272727273

0001110101
1 0011101011 0.266066838046
0 0011101010 0.733933161954

0000111011
1 0001110111 0.323243243243
0 0001110110 0.676756756757

100000110
0 1000001100 0.774356811472
1 1000001101 0.225643188528

1000001101
1 0000011011 0.257943925234
0 0000011010 0.742056074766

0000011010
1 0000110101 0.232446516731
0 0000110100 0.767553483269

0000011011
1 0000110111 0.291083566573
0 0000110110 0.708916433427

1000001100
1 0000011001 0.192992011619
0 00011000 0.807007988381

10000010
0 100000100 0.8379650434
1 100000101 0.1620349566

100000101
0 1000001010 0.770252517881
1 1000001011 0.229747482119

1000001011
1 0000010111 0.273189326557
0 0000010110 0.726810673443

0000010110
1 0000101101 0.244686434007
0 0000101100 0.755313565993

0000010111
1 1111 0.300991501416
0 0000101110 0.699008498584

1000001010
1 0000010101 0.19840818647
0 0000010100 0.80159181353

0000010101
1 0000101011 0.249707678316
0 0000101010 0.750292321684

100000100
0 1000001000 0.858227490827
1 1000001001 0.141772509173

1000001001
1 0000010011 0.209038423253
0 0000010010 0.790961576747

0000010010
1 0000100101 0.177315019938
0 0000100100 0.822684980062

0000010011
1 0000100111 0.253295200199
0 0000100110 0.746704799801

1000001000
1 010001 0.130594928799
0 0000010000 0.869405071201

1100100001
1 1001000011 0.201702685003
0 1001000010 0.798297314997

010001
0 0100010 0.797407230174
1 0100011 0.202592769826

0011001001
1 0110010011 0.259005145798
0 0110010010 0.740994854202

0001100101
1 0011001011 0.280428954424
0 0011001010 0.719571045576

0000110011
1 0001100111 0.275960170697
0 0001100110 0.724039829303

0000001101
1 0000011011 0.254885197851
0 0000011010 0.745114802149

1000000111
1 1111 0.29098873592
0 0000001110 0.70901126408

1000001
0 10000010 0.817893413289
1 10000011 0.182106586711

0010100001
1 0101000011 0.208474274524
0 0101000010 0.791525725476

010001
0 0100010 0.797407230174
1 0100011 0.202592769826

0000101001
1 0001010011 0.240625922645
0 0001010010 0.759374077355

0000010101
1 0000101011 0.249707678316
0 0000101010 0.750292321684

0000001011
1 0000010111 0.269837691614
0 0000010110 0.730162308386

0100000011
1 1000000111 0.231792843014
0 1000000110 0.768207156986

1000001
0 10000010 0.817893413289
1 10000011 0.182106586711

0000100001
1 0001000011 0.180928638205
0 0001000010 0.819071361795

010001
0 0100010 0.797407230174
1 0100011 0.202592769826

0000001001
1 0000010011 0.189618701524
0 0000010010 0.810381298476

1000000101
1 0000001011 0.221898660454
0 0000001010 0.778101339546

1100000011
1 1000000111 0.231634182909
0 1000000110 0.768365817091

1000001
0 10000010 0.817893413289
1 10000011 0.182106586711

0011100001
1 0111000011 0.231143552311
0 0111000010 0.768856447689

0001110001
1 1100011 0.246061922868
0 0011100010 0.753938077132

0000111001
1 0001110011 0.268621973929
0 0001110010 0.731378026071

0000011101
1 0000111011 0.300899427637
0 0000111010 0.699100572363

0000000110
1 0000001101 0.18640287581
0 0000001100 0.81359712419

000000010
0 0000000100 0.893383358632
1 0000000101 0.106616641368

0000000101
1 0000001011 0.194415796755
0 0000001010 0.805584203245

0000000100
1 0000001001 0.0992216088352
0 0000001000 0.900778391165

1010000001
1 0100000011 0.179850603333
0 0100000010 0.820149396667

1000001
0 10000010 0.817893413289
1 10000011 0.182106586711

1110100001
1 1101000011 0.187604690117
0 1101000010 0.812395309883

010001
0 0100010 0.797407230174
1 0100011 0.202592769826

1011101001
1 0111010011 0.285714285714
0 0111010010 0.714285714286

1101110101
1 1011101011 0.298969072165
0 1011101010 0.701030927835

1110111011
1 1101110111 0.358208955224
0 1101110110 0.641791044776

1111011100
1 1110111001 0.292207792208
0 1110111000 0.707792207792

11110110
0 111101100 0.690348525469
1 111101101 0.309651474531

111101101
0 1111011010 0.670995670996
1 1111011011 0.329004329004

1111011011
1 1110110111 0.25
0 1110110110 0.75

1111011010
1 1110110101 0.309677419355
0 1110110100 0.690322580645

111101100
0 1111011000 0.749514563107
1 1111011001 0.250485436893

1111011001
1 1110110011 0.232558139535
0 1110110010 0.767441860465

1111011000
1 1110110001 0.227979274611
0 1110110000 0.772020725389

1111010
0 11110100 0.719589257504
1 11110101 0.280410742496

11110101
0 111101010 0.730985915493
1 111101011 0.269014084507

111101011
0 1111010110 0.623036649215
1 1111010111 0.376963350785

1111010111
1 1111 0.305555555556
0 1110101110 0.694444444444

1111010110
1 1110101101 0.352941176471
0 1110101100 0.647058823529

111101010
0 1111010100 0.71098265896
1 1111010101 0.28901734104

1111010101
1 1110101011 0.293333333333
0 1110101010 0.706666666667

1111010100
1 1110101001 0.230352303523
0 1110101000 0.769647696477

11110100
0 111101000 0.742041712404
1 111101001 0.257958287596

111101001
0 1111010010 0.740425531915
1 1111010011 0.259574468085

1111010011
1 1110100111 0.311475409836
0 1110100110 0.688524590164

1111010010
1 1110100101 0.284482758621
0 1110100100 0.715517241379

111101000
0 1111010000 0.772928994083
1 010001 0.227071005917

1111010000
1 1110100001 0.178947368421
0 1110100000 0.821052631579

111100
0 1111000 0.734006338772
1 1111001 0.265993661228

1111001
0 11110010 0.703442188879
1 11110011 0.296557811121

11110011
0 111100110 0.706845238095
1 111100111 0.293154761905

111100111
0 1111001110 0.659898477157
1 1111 0.340101522843

1111001110
1 1110011101 0.3
0 1110011100 0.7

111100110
0 1111001100 0.751578947368
1 1111001101 0.248421052632

1111001101
1 1110011011 0.220338983051
0 1110011010 0.779661016949

1111001100
1 1110011001 0.263305322129
0 1110011000 0.736694677871

11110010
0 111100100 0.754077791719
1 111100101 0.245922208281

111100101
0 1111001010 0.724489795918
1 1111001011 0.275510204082

1111001011
1 1110010111 0.314814814815
0 1110010110 0.685185185185

1111001010
1 1110010101 0.257042253521
0 1110010100 0.742957746479

111100100
0 1111001000 0.765391014975
1 1111001001 0.234608985025

1111001001
1 1110010011 0.269503546099
0 1110010010 0.730496453901

1111001000
1 010001 0.185869565217
0 1110010000 0.814130434783

1111000
0 11110000 0.760754837678
1 11110001 0.239245162322

11110001
0 111100010 0.72192513369
1 1100011 0.27807486631

111100010
0 1111000100 0.774074074074
1 1000101 0.225925925926

1111000100
1 1110001001 0.197368421053
0 1110001000 0.802631578947

11110000
0 111100000 0.779482867353
1 111100001 0.220517132647

111100001
0 1111000010 0.752144899905
1 1111000011 0.247855100095

1111000011
1 1110000111 0.261538461538
0 1110000110 0.738461538462

1111000010
1 1110000101 0.191381495564
0 1110000100 0.808618504436

111100000
0 1111000000 0.821467098166
1 1000001 0.178532901834

1111000000
1 1110000001 0.144451739987
0 0000000 0.855548260013

110001110
0 1100011100 0.706462212486
1 1100011101 0.293537787514

1100011101
1 1000111011 0.287313432836
0 1000111010 0.712686567164

1100011100
1 1000111001 0.26976744186
0 1000111000 0.73023255814

11000110
0 110001100 0.755582377791
1 110001101 0.244417622209

110001101
0 1100011010 0.70987654321
1 1100011011 0.29012345679

1100011011
1 1000110111 0.289361702128
0 1000110110 0.710638297872

1100011010
1 1000110101 0.257391304348
0 1000110100 0.742608695652

110001100
0 00011000 0.788738019169
1 1100011001 0.211261980831

1100011001
1 1000110011 0.262759924386
0 1000110010 0.737240075614

0001100010
1 1000101 0.202503565204
0 0011000100 0.797496434796

000110000
0 0001100000 0.84818077365
1 0001100001 0.15181922635

0001100001
1 0011000011 0.210561722166
0 0011000010 0.789438277834

0001100000
1 1000001 0.13179204672
0 0011000000 0.86820795328

1000001
0 10000010 0.817893413289
1 10000011 0.182106586711

0000000
0 0000000 0.990628671117
1 00000001 0.00937130660711

1000101
0 10001010 0.751822576932
1 10001011 0.248177423068

1100011
0 11000110 0.718248807976
1 11000111 0.281751192024

010001
0 0100010 0.797407230174
1 0100011 0.202592769826

01111
0 011110 0.686727122836
1 1111 0.313272877164

011110
0 0111100 0.709603841537
1 0111101 0.290396158463

0111101
0 01111010 0.708970649029
1 01111011 0.291029350971

01111011
0 011110110 0.693181818182
1 011110111 0.306818181818

011110111
0 0111101110 0.638888888889
1 1111 0.361111111111

0111101110
1 1111011101 0.297101449275
0 1111011100 0.702898550725

011110110
0 0111101100 0.684426229508
1 0111101101 0.315573770492

0111101101
1 1111011011 0.331168831169
0 1111011010 0.668831168831

0111101100
1 1111011001 0.239520958084
0 1111011000 0.760479041916

01111010
0 011110100 0.723032069971
1 011110101 0.276967930029

011110101
0 0111101010 0.72
1 0111101011 0.28

0111101011
1 1111010111 0.353383458647
0 1111010110 0.646616541353

0111101010
1 1111010101 0.292397660819
0 1111010100 0.707602339181

011110100
0 0111101000 0.748387096774
1 0111101001 0.251612903226

0111101001
1 1111010011 0.24358974359
0 1111010010 0.75641025641

0111101000
1 010001 0.226293103448
0 1111010000 0.773706896552

0111100
0 01111000 0.736931145322
1 01111001 0.263068854678

01111001
0 011110010 0.698392282958
1 011110011 0.301607717042

011110011
0 0111100110 0.697228144989
1 0111100111 0.302771855011

0111100111
1 1111 0.37323943662
0 1111001110 0.62676056338

0111100110
1 1111001101 0.278287461774
0 1111001100 0.721712538226

011110010
0 0111100100 0.754143646409
1 0111100101 0.245856353591

0111100101
1 1111001011 0.310861423221
0 1111001010 0.689138576779

0111100100
1 1111001001 0.225885225885
0 1111001000 0.774114774115

01111000
0 011110000 0.76331496786
1 011110001 0.23668503214

011110001
0 0111100010 0.721629485936
1 1100011 0.278370514064

0111100010
1 1000101 0.235215053763
0 1111000100 0.764784946237

011110000
0 0111100000 0.781954887218
1 0111100001 0.218045112782

0111100001
1 1111000011 0.244137931034
0 1111000010 0.755862068966

0111100000
1 1000001 0.174230769231
0 1111000000 0.825769230769

11111
0 111110 0.65404475043
1 1111 0.34595524957

111110
0 1111100 0.686315789474
1 1111101 0.313684210526

1111101
0 11111010 0.685402684564
1 11111011 0.314597315436

11111011
0 111110110 0.688
1 111110111 0.312

111110111
0 1111101110 0.65811965812
1 1111 0.34188034188

1111101110
1 1111011101 0.25974025974
0 1111011100 0.74025974026

111110110
0 1111101100 0.701550387597
1 1111101101 0.298449612403

1111101101
1 1111011011 0.324675324675
0 1111011010 0.675324675325

1111101100
1 1111011001 0.270718232044
0 1111011000 0.729281767956

11111010
0 111110100 0.712362301102
1 111110101 0.287637698898

111110101
0 1111101010 0.753191489362
1 1111101011 0.246808510638

1111101011
1 1111010111 0.431034482759
0 1111010110 0.568965517241

1111101010
1 1111010101 0.282485875706
0 1111010100 0.717514124294

111110100
0 1111101000 0.72852233677
1 1111101001 0.27147766323

1111101001
1 1111010011 0.291139240506
0 1111010010 0.708860759494

1111101000
1 010001 0.228773584906
0 1111010000 0.771226415094

1111100
0 11111000 0.727377300613
1 11111001 0.272622699387

11111001
0 111110010 0.714486638537
1 111110011 0.285513361463

111110011
0 1111100110 0.729064039409
1 1111100111 0.270935960591

1111100111
1 1111 0.254545454545
0 1111001110 0.745454545455

1111100110
1 1111001101 0.182432432432
0 1111001100 0.817567567568

111110010
0 1111100100 0.753937007874
1 1111100101 0.246062992126

1111100101
1 1111001011 0.2
0 1111001010 0.8

1111100100
1 1111001001 0.253263707572
0 1111001000 0.746736292428

11111000
0 111110000 0.75487612019
1 111110001 0.24512387981

111110001
0 1111100010 0.722580645161
1 1100011 0.277419354839

1111100010
1 1000101 0.205357142857
0 1111000100 0.794642857143

111110000
0 1111100000 0.77374301676
1 1111100001 0.22625698324

1111100001
1 1111000011 0.256172839506
0 1111000010 0.743827160494

1111100000
1 1000001 0.188628158845
0 1111000000 0.811371841155

1111
0 11110 0.676142697882
1 1111 0.323857302118

