110000
1 100001 0.16888549302
0 100000 0.83111450698

110001
1 100011 0.248505412829
0 100010 0.751494587171

110101
1 101011 0.278718600056
0 101010 0.721281399944

110100
1 101001 0.232155871921
0 101000 0.767844128079

010100
1 101001 0.187235405526
0 101000 0.812764594474

010101
1 101011 0.265615272878
0 101010 0.734384727122

001100
1 011001 0.19692025011
0 011000 0.80307974989

001101
1 011011 0.267994026879
0 011010 0.732005973121

011110
1 111101 0.290396158463
0 111100 0.709603841537

011111
1 111111 0.344736842105
0 111110 0.655263157895

001001
1 010011 0.207481950213
0 010010 0.792518049787

001000
1 010001 0.112372336148
0 010000 0.887627663852

011011
1 110111 0.292169073804
0 110110 0.707830926196

011010
1 110101 0.248339706178
0 110100 0.751660293822

000110
1 001101 0.207714169712
0 001100 0.792285830288

000111
1 001111 0.286228581845
0 001110 0.713771418155

000011
1 000111 0.220753666714
0 000110 0.779246333286

000010
1 000101 0.121544289995
0 000100 0.878455710005

100100
1 001001 0.18585267266
0 001000 0.81414732734

100101
1 001011 0.265538245917
0 001010 0.734461754083

111100
1 111001 0.265993661228
0 111000 0.734006338772

111101
1 111011 0.298809194129
0 111010 0.701190805871

100010
1 000101 0.189011212161
0 000100 0.810988787839

100011
1 000111 0.263169222491
0 000110 0.736830777509

101110
1 011101 0.282451765324
0 011100 0.717548234676

101111
1 011111 0.325536062378
0 011110 0.674463937622

111001
1 110011 0.282696994314
0 110010 0.717303005686

111000
1 110001 0.221779000459
0 110000 0.778220999541

101011
1 010111 0.302607470049
0 010110 0.697392529951

101010
1 010101 0.241552914309
0 010100 0.758447085691

110011
1 100111 0.295987343593
0 100110 0.704012656407

110010
1 100101 0.233106737013
0 100100 0.766893262987

010010
1 100101 0.197721863312
0 100100 0.802278136688

010011
1 100111 0.265772504514
0 100110 0.734227495486

010111
1 101111 0.315676630092
0 101110 0.684323369908

010110
1 101101 0.256195043965
0 101100 0.743804956035

110110
1 101101 0.288499280387
0 101100 0.711500719613

110111
1 101111 0.331606217617
0 101110 0.668393782383

011000
1 110001 0.185603244339
0 110000 0.814396755661

011001
1 110011 0.252347113439
0 110010 0.747652886561

001111
1 011111 0.308115704415
0 011110 0.691884295585

001110
1 011101 0.262187727383
0 011100 0.737812272617

011101
1 111011 0.304088924176
0 111010 0.695911075824

011100
1 111001 0.247618126421
0 111000 0.752381873579

001010
1 010101 0.203600818748
0 010100 0.796399181252

001011
1 010111 0.277314148681
0 010110 0.722685851319

101101
1 011011 0.294967953089
0 011010 0.705032046911

000000
1 000001 0.0101731072886
0 000000 0.989826870662

000001
1 000011 0.124982946063
0 000010 0.875017053937

100111
1 001111 0.313176144244
0 001110 0.686823855756

100110
1 001101 0.24790882476
0 001100 0.75209117524

000101
1 001011 0.214852393545
0 001010 0.785147606455

000100
1 001001 0.117434424137
0 001000 0.882565575863

111111
1 111111 0.348258706468
0 111110 0.651741293532

111110
1 111101 0.313684210526
0 111100 0.686315789474

100001
1 000011 0.196613978575
0 000010 0.803386021425

100000
1 000001 0.100754661085
0 000000 0.899245338915

010001
1 100011 0.202592769826
0 100010 0.797407230174

010000
1 100001 0.106851304702
0 100000 0.893148695298

101100
1 011001 0.24195611532
0 011000 0.75804388468

111010
1 110101 0.27595944038
0 110100 0.72404055962

111011
1 110111 0.318625999408
0 110110 0.681374000592

101000
1 010001 0.176185853356
0 010000 0.823814146644

101001
1 010011 0.246885803655
0 010010 0.753114196345

