110101
1 101011 0.358480340064
0 101010 0.641519659936

110100
1 101001 0.466983983306
0 101000 0.533016016694

010100
1 101001 0.499288523273
0 101000 0.500711476727

010101
1 101011 0.355218805
0 101010 0.644776223289

001100
1 011001 1.0
0 011000 0.0

001101
1 011011 0.360628852072
0 011010 0.639371147928

011110
1 111101 0.752356411474
0 111100 0.247643588526

011111
1 111111 0.505364244095
0 111110 0.494635755905

001001
1 010011 0.526780371591
0 010010 0.473219628409

001000
1 010001 1.0
0 010000 0.0

011011
1 110111 0.501424945247
0 110110 0.498575054753

011010
1 110101 0.39869512621
0 110100 0.60130487379

000111
1 001111 0.0
0 001110 1.0

100100
1 001001 0.502966195101
0 001000 0.497033804899

100101
1 001011 0.349234711409
0 001010 0.650765288591

111100
1 111001 1.0
0 111000 0.0

111101
1 111011 0.352542956861
0 111010 0.647457043139

100010
1 000101 0.473973379861
0 000100 0.526026620139

100011
1 000111 1.0
0 000110 0.0

101110
1 011101 0.751592161196
0 011100 0.248407838804

101111
1 011111 0.50567830946
0 011110 0.49432169054

111001
1 110011 0.0
0 110010 1.0

101011
1 010111 0.49966885987
0 010110 0.50033114013

101010
1 010101 0.399959268917
0 010100 0.600040731083

110010
1 100101 0.366772168875
0 100100 0.633227831125

010010
1 100101 0.425532782177
0 100100 0.574467217823

010011
1 100111 0.472158827942
0 100110 0.527841172058

010111
1 101111 0.505604177392
0 101110 0.494395822608

010110
1 101101 0.75137509635
0 101100 0.24862490365

110110
1 101101 0.752680416548
0 101100 0.247319583452

110111
1 101111 0.503680923692
0 101110 0.496319076308

011001
1 110011 0.0
0 110010 1.0

001111
1 011111 0.500823329438
0 011110 0.499176670562

001110
1 011101 0.828050344717
0 011100 0.171949655283

011101
1 111011 0.282913294038
0 111010 0.717086705962

011100
1 111001 1.0
0 111000 0.0

001010
1 010101 0.371412913145
0 010100 0.628587086855

001011
1 010111 0.509316437486
0 010110 0.490683562514

101101
1 011011 0.35299382764
0 011010 0.64700617236

101100
1 011001 1.0
0 011000 0.0

100111
1 001111 0.509068784857
0 001110 0.490931215143

100110
1 001101 0.685813630042
0 001100 0.314186369958

000101
1 001011 0.299421163005
0 001010 0.700578836995

000100
1 001001 0.516147449985
0 001000 0.483852550015

111111
1 111111 0.505348541986
0 111110 0.494651458014

111110
1 111101 0.75396954063
0 111100 0.24603045937

010001
1 100011 0.296548740675
0 100010 0.703451259325

111010
1 110101 0.342130110176
0 110100 0.657869889824

111011
1 110111 0.51214907008
0 110110 0.48785092992

101000
1 010001 1.0
0 010000 0.0

101001
1 010011 0.546207651874
0 010010 0.453792348126

