101101
0 1011010 0.64700617236
1 1011011 0.35299382764

1011011
0 10110110 0.498307121814
1 110111 0.501692878186

110111
0 1101110 0.496319076308
1 1111 0.503680923692

1111
0 11110 0.49535448947
1 1111 0.50464551053

11110
0 111100 0.246830698256
1 111101 0.753169301744

111101
0 1111010 0.647457043139
1 1111011 0.352542956861

1111011
0 11110110 0.494995746837
1 110111 0.505004253163

11110110
0 111101100 0.252833638026
1 101101 0.747166361974

111101100
0 1111011000 0.0
1 1111011001 1.0

1111011001
0 11110110010 1.0
1 11110110011 0.0

11110110010
0 111101100100 0.626898047722
1 111101100101 0.373101952278

111101100101
1 111011001011 0.401550387597
0 111011001010 0.598449612403

111011001010
1 110110010101 0.475501396293
0 110110010100 0.524498603707

110110010100
1 101100101001 0.482033537397
0 101100101000 0.517966462603

101100101000
1 011001010001 1.0
0 1011001010000 0.0

011001010001
1 110010100011 0.394393072068
0 110010100010 0.605606927932

110010100010
1 100101000101 0.59832588006
0 100101000100 0.40167411994

100101000100
1 001010001001 0.524880944165
0 001010001000 0.475119055835

001010001000
1 010100010001 1.0
0 0010100010000 0.0

010100010001
1 101000100011 0.300906605267
0 101000100010 0.699093394733

101000100010
1 010001000101 0.481469402968
0 010001000100 0.518530597032

010001000100
1 100010001001 0.516786632391
0 100010001000 0.483213367609

100010001000
1 000100010001 1.0
0 1000100010000 0.0

000100010001
1 001000100011 0.298505080598
0 001000100010 0.701494919402

001000100010
1 010001000101 0.477895265288
0 010001000100 0.522104734712

010001000101
1 100010001011 0.301420612813
0 100010001010 0.698579387187

100010001010
1 000100010101 0.346505044061
0 000100010100 0.653494955939

000100010100
1 001000101001 0.49014582952
0 001000101000 0.50985417048

001000101000
1 010001010001 1.0
0 0010001010000 0.0

010001010001
1 100010100011 0.302227142485
0 100010100010 0.697772857515

100010100010
1 000101000101 0.479203608648
0 000101000100 0.520796391352

000101000100
1 001010001001 0.521533958545
0 001010001000 0.478466041455

001010001001
1 010100010011 0.508141527914
0 010100010010 0.491858472086

010100010010
1 101000100101 0.415987273812
0 101000100100 0.584012726188

101000100100
1 010001001001 0.503839403247
0 010001001000 0.496160596753

010001001000
1 100010010001 1.0
0 0100010010000 0.0

100010010001
1 000100100011 0.30776830925
0 000100100010 0.69223169075

000100100010
1 001001000101 0.479125780553
0 001001000100 0.520874219447

001001000100
1 010010001001 0.514012982054
0 010010001000 0.485987017946

010010001000
1 100100010001 1.0
0 0100100010000 0.0

100100010001
1 001000100011 0.301860708414
0 001000100010 0.698139291586

001000100011
1 010001000111 1.0
0 0010001000110 0.0

010001000111
1 1111 0.0
0 100010001110 1.0

100010001110
1 000100011101 0.859845523625
0 000100011100 0.140154476375

000100011100
1 001000111001 1.0
0 0001000111000 0.0

001000111001
1 0010001110011 0.0
0 010001110010 1.0

010001110010
1 100011100101 0.361110006759
0 100011100100 0.638889993241

100011100100
1 000111001001 0.493030491599
0 000111001000 0.506969508401

000111001000
1 001110010001 1.0
0 0001110010000 0.0

001110010001
1 011100100011 0.303481497701
0 011100100010 0.696518502299

011100100010
1 111001000101 0.484548527282
0 111001000100 0.515451472718

111001000100
1 110010001001 0.517357695011
0 110010001000 0.482642304989

110010001000
1 100100010001 1.0
0 1100100010000 0.0

110010001001
1 100100010011 0.50923763007
0 100100010010 0.49076236993

100100010010
1 001000100101 0.418807077626
0 001000100100 0.581192922374

001000100100
1 010001001001 0.490120550681
0 010001001000 0.509879449319

010001001001
1 100010010011 0.533038550165
0 100010010010 0.466961449835

100010010010
1 000100100101 0.432648706322
0 000100100100 0.567351293678

000100100100
1 001001001001 0.517865538317
0 001001001000 0.482134461683

001001001000
1 010010010001 1.0
0 0010010010000 0.0

010010010001
1 100100100011 0.294755177085
0 100100100010 0.705244822915

100100100010
1 001001000101 0.491485037494
0 001001000100 0.508514962506

001001000101
1 010010001011 0.303213824289
0 010010001010 0.696786175711

010010001010
1 100100010101 0.344278336504
0 100100010100 0.655721663496

100100010100
1 001000101001 0.490041511174
0 001000101000 0.509958488826

001000101001
1 010001010011 0.568255578093
0 010001010010 0.431744421907

010001010010
1 100010100101 0.441036761669
0 100010100100 0.558963238331

100010100100
1 000101001001 0.497413633844
0 000101001000 0.502586366156

000101001000
1 001010010001 1.0
0 0001010010000 0.0

001010010001
1 010100100011 0.299470210986
0 010100100010 0.700529789014

010100100010
1 101001000101 0.48417979359
0 101001000100 0.51582020641

101001000100
1 010010001001 0.513469498541
0 010010001000 0.486530501459

010010001001
1 100100010011 0.504616030214
0 100100010010 0.495383969786

100100010011
1 001000100111 0.488791727393
0 001000100110 0.511208272607

001000100110
1 010001001101 0.74471505506
0 001100 0.25528494494

001100
0 0011000 0.0
1 0011001 1.0

0011001
0 00110010 1.0
1 00110011 0.0

00110010
0 001100100 0.659526146621
1 001100101 0.340473853379

001100101
0 0011001010 0.605313736574
1 0011001011 0.394686263426

0011001011
0 00110010110 0.492122600974
1 00110010111 0.507877399026

00110010111
0 001100101110 0.499717992104
1 1111 0.500282007896

001100101110
1 011001011101 0.761851015801
0 011001011100 0.238148984199

011001011100
1 110010111001 1.0
0 0110010111000 0.0

110010111001
1 1100101110011 0.0
0 100101110010 1.0

100101110010
1 001011100101 0.368815251929
0 001011100100 0.631184748071

001011100100
1 010111001001 0.507159442724
0 010111001000 0.492840557276

010111001000
1 101110010001 1.0
0 0101110010000 0.0

101110010001
1 011100100011 0.301481555136
0 011100100010 0.698518444864

011100100011
1 111001000111 1.0
0 0111001000110 0.0

111001000111
1 1111 0.0
0 110010001110 1.0

110010001110
1 100100011101 0.85525515083
0 100100011100 0.14474484917

100100011100
1 001000111001 1.0
0 1001000111000 0.0

100100011101
1 001000111011 0.212233293076
0 001000111010 0.787766706924

001000111010
1 010001110101 0.249075262324
0 010001110100 0.750924737676

010001110100
1 100011101001 0.374463304487
0 100011101000 0.625536695513

100011101000
1 000111010001 1.0
0 1000111010000 0.0

000111010001
1 001110100011 0.251560360617
0 001110100010 0.748439639383

001110100010
1 011101000101 0.414585394415
0 011101000100 0.585414605585

011101000100
1 111010001001 0.503791892043
0 111010001000 0.496208107957

111010001000
1 110100010001 1.0
0 1110100010000 0.0

110100010001
1 101000100011 0.296960086171
0 101000100010 0.703039913829

101000100011
1 010001000111 1.0
0 1010001000110 0.0

111010001001
1 110100010011 0.542498525819
0 110100010010 0.457501474181

110100010010
1 101000100101 0.423827288851
0 101000100100 0.576172711149

101000100101
1 010001001011 0.308571861275
0 010001001010 0.691428138725

010001001010
1 100010010101 0.343779438548
0 100010010100 0.656220561452

100010010100
1 000100101001 0.506747057135
0 000100101000 0.493252942865

000100101000
1 001001010001 1.0
0 0001001010000 0.0

001001010001
1 010010100011 0.242452510176
0 010010100010 0.757547489824

010010100010
1 0101 0.428437646324
0 100101000100 0.571562353676

0101
0 01010 0.659555069523
1 01011 0.34044366769

01011
0 010110 0.495654625237
1 010111 0.504345374763

010111
0 0101110 0.494395822608
1 1111 0.505604177392

0101110
0 01011100 0.248932656978
1 01011101 0.751067343022

01011101
0 010111010 0.64820059815
1 010111011 0.35179940185

010111011
0 0101110110 0.497522801486
1 110111 0.502477198514

0101110110
0 01011101100 0.251103315605
1 101101 0.748896684395

01011101100
0 010111011000 0.0
1 010111011001 1.0

010111011001
1 0101110110011 0.0
0 101110110010 1.0

101110110010
1 011101100101 0.372980566612
0 011101100100 0.627019433388

011101100100
1 111011001001 0.492582070707
0 111011001000 0.507417929293

111011001000
1 110110010001 1.0
0 1110110010000 0.0

110110010001
1 101100100011 0.304645528284
0 101100100010 0.695354471716

101100100010
1 011001000101 0.486341569451
0 011001000100 0.513658430549

011001000100
1 110010001001 0.515350041898
0 110010001000 0.484649958102

011001000101
1 110010001011 0.29784955096
0 110010001010 0.70215044904

110010001010
1 100100010101 0.342316705725
0 100100010100 0.657683294275

100100010101
1 001000101011 0.371029836381
0 001000101010 0.628970163619

001000101010
1 010001010101 0.410150685958
0 010001010100 0.589849314042

010001010100
1 100010101001 0.501693989071
0 100010101000 0.498306010929

100010101000
1 000101010001 1.0
0 1000101010000 0.0

000101010001
1 001010100011 0.296304419344
0 001010100010 0.703695580656

001010100010
1 010101000101 0.482368596141
0 010101000100 0.517631403859

010101000100
1 101010001001 0.525877411547
0 101010001000 0.474122588453

101010001000
1 010100010001 1.0
0 1010100010000 0.0

101010001001
1 010100010011 0.504844825165
0 010100010010 0.495155174835

010100010011
1 101000100111 0.488025305016
0 101000100110 0.511974694984

101000100110
1 010001001101 0.747178982698
0 001100 0.252821017302

010001001101
1 100010011011 0.360643910358
0 100010011010 0.639356089642

100010011010
1 000100110101 0.402567176811
0 000100110100 0.597432823189

000100110100
1 001001101001 0.504662967772
0 001001101000 0.495337032228

001001101000
1 010011010001 1.0
0 0010011010000 0.0

010011010001
1 100110100011 0.304450080701
0 100110100010 0.695549919299

100110100010
1 001101000101 0.48611019028
0 001101000100 0.51388980972

001101000100
1 011010001001 0.521223067991
0 011010001000 0.478776932009

011010001000
1 110100010001 1.0
0 0110100010000 0.0

011010001001
1 110100010011 0.503617290649
0 110100010010 0.496382709351

110100010011
1 101000100111 0.493197463277
0 101000100110 0.506802536723

101000100111
1 1111 0.506753106429
0 010001001110 0.493246893571

010001001110
1 100010011101 0.75
0 100010011100 0.25

100010011100
1 000100111001 1.0
0 1000100111000 0.0

000100111001
1 0001001110011 0.0
0 001001110010 1.0

001001110010
1 010011100101 0.375912845684
0 010011100100 0.624087154316

010011100100
1 100111001001 0.499954983344
0 100111001000 0.500045016656

100111001000
1 001110010001 1.0
0 1001110010000 0.0

100111001001
1 001110010011 0.527822798487
0 001110010010 0.472177201513

001110010010
1 011100100101 0.424935979513
0 011100100100 0.575064020487

011100100100
1 111001001001 0.511292346299
0 111001001000 0.488707653701

111001001000
1 110010010001 1.0
0 1110010010000 0.0

110010010001
1 100100100011 0.308606516787
0 100100100010 0.691393483213

100100100011
1 001001000111 1.0
0 1001001000110 0.0

001001000111
1 1111 0.0
0 010010001110 1.0

010010001110
1 100100011101 0.857386994788
0 100100011100 0.142613005212

111001001001
1 110010010011 0.548075134834
0 110010010010 0.451924865166

110010010010
1 100100100101 0.425148430874
0 100100100100 0.574851569126

100100100100
1 001001001001 0.491501162999
0 001001001000 0.508498837001

001001001001
1 010010010011 0.530909090909
0 010010010010 0.469090909091

010010010010
1 100100100101 0.432123125493
0 100100100100 0.567876874507

100100100101
1 001001001011 0.319189511323
0 001001001010 0.680810488677

001001001010
1 010010010101 0.361144457783
0 010010010100 0.638855542217

010010010100
1 100100101001 0.512219959267
0 100100101000 0.487780040733

100100101000
1 001001010001 1.0
0 1001001010000 0.0

100100101001
1 001001010011 0.613817025582
0 001001010010 0.386182974418

001001010010
1 010010100101 0.454390451833
0 010010100100 0.545609548167

010010100100
1 100101001001 0.506836991724
0 100101001000 0.493163008276

100101001000
1 001010010001 1.0
0 1001010010000 0.0

100101001001
1 001010010011 0.525198449326
0 001010010010 0.474801550674

001010010010
1 010100100101 0.421073019562
0 010100100100 0.578926980438

010100100100
1 101001001001 0.512339242266
0 101001001000 0.487660757734

101001001000
1 010010010001 1.0
0 1010010010000 0.0

101001001001
1 010010010011 0.522351713341
0 010010010010 0.477648286659

010010010011
1 100100100111 0.494583555319
0 100100100110 0.505416444681

100100100110
1 001001001101 0.746059544658
0 001100 0.253940455342

001001001101
1 010010011011 0.358442601017
0 010010011010 0.641557398983

010010011010
1 100100110101 0.400280617358
0 100100110100 0.599719382642

100100110100
1 001001101001 0.500664783115
0 001001101000 0.499335216885

001001101001
1 010011010011 0.533689320388
0 010011010010 0.466310679612

010011010010
1 100110100101 0.420349234221
0 100110100100 0.579650765779

100110100100
1 001101001001 0.503702457085
0 001101001000 0.496297542915

001101001000
1 011010010001 1.0
0 0011010010000 0.0

011010010001
1 110100100011 0.304121797252
0 110100100010 0.695878202748

110100100010
1 101001000101 0.483170466884
0 101001000100 0.516829533116

101001000101
1 010010001011 0.292626394321
0 010010001010 0.707373605679

010010001011
1 100100010111 0.518794098781
0 100100010110 0.481205901219

100100010110
1 101101 0.755842062853
0 001000101100 0.244157937147

001000101100
1 010001011001 1.0
0 0010001011000 0.0

010001011001
1 0100010110011 0.0
0 100010110010 1.0

100010110010
1 000101100101 0.36897483293
0 000101100100 0.63102516707

000101100100
1 001011001001 0.503154574132
0 001011001000 0.496845425868

001011001000
1 010110010001 1.0
0 0010110010000 0.0

010110010001
1 101100100011 0.303405572755
0 101100100010 0.696594427245

101100100011
1 011001000111 1.0
0 1011001000110 0.0

011001000111
1 1111 0.0
0 110010001110 1.0

001011001001
1 010110010011 0.521425710853
0 010110010010 0.478574289147

010110010010
1 101100100101 0.415789473684
0 101100100100 0.584210526316

101100100100
1 011001001001 0.508781459352
0 011001001000 0.491218540648

011001001000
1 110010010001 1.0
0 0110010010000 0.0

011001001001
1 110010010011 0.530595482546
0 110010010010 0.469404517454

110010010011
1 100100100111 0.482191285482
0 100100100110 0.517808714518

100100100111
1 1111 0.510088041086
0 001001001110 0.489911958914

001001001110
1 010010011101 0.749165275459
0 010010011100 0.250834724541

010010011100
1 100100111001 1.0
0 0100100111000 0.0

100100111001
1 1001001110011 0.0
0 001001110010 1.0

010010011101
1 0100111011 0.353521697986
0 100100111010 0.646478302014

100100111010
1 001001110101 0.404890759671
0 001001110100 0.595109240329

001001110100
1 010011101001 0.501436354631
0 010011101000 0.498563645369

010011101000
1 100111010001 1.0
0 0100111010000 0.0

100111010001
1 001110100011 0.301830126701
0 110100010 0.698169873299

110100010
0 1101000100 0.543809584542
1 1101000101 0.456190415458

1101000101
0 11010001010 0.696872269789
1 11010001011 0.303127730211

11010001011
0 110100010110 0.482534009684
1 110100010111 0.517465990316

110100010111
1 1111 0.499053135791
0 101000101110 0.500946864209

101000101110
1 010001011101 0.749185667752
0 010001011100 0.250814332248

010001011100
1 100010111001 1.0
0 0100010111000 0.0

100010111001
1 1000101110011 0.0
0 000101110010 1.0

000101110010
1 001011100101 0.385110767646
0 001011100100 0.614889232354

001011100101
1 010111001011 0.394551282051
0 010111001010 0.605448717949

010111001010
1 101110010101 0.469275210084
0 101110010100 0.530724789916

101110010100
1 011100101001 0.487041313831
0 011100101000 0.512958686169

011100101000
1 111001010001 1.0
0 0111001010000 0.0

111001010001
1 110010100011 0.405177993528
0 110010100010 0.594822006472

110010100011
1 100101000111 1.0
0 1100101000110 0.0

100101000111
1 1111 0.0
0 001010001110 1.0

001010001110
1 010100011101 0.859601064856
0 010100011100 0.140398935144

010100011100
1 101000111001 1.0
0 0101000111000 0.0

101000111001
1 1010001110011 0.0
0 010001110010 1.0

010100011101
1 101000111011 0.20789676055
0 101000111010 0.79210323945

101000111010
1 010001110101 0.248695652174
0 010001110100 0.751304347826

010001110101
1 100011101011 0.387631773316
0 100011101010 0.612368226684

100011101010
1 000111010101 0.420614035088
0 000111010100 0.579385964912

000111010100
1 001110101001 0.503974261923
0 001110101000 0.496025738077

001110101000
1 011101010001 1.0
0 0011101010000 0.0

011101010001
1 111010100011 0.295171339564
0 111010100010 0.704828660436

111010100010
1 110101000101 0.480681661377
0 110101000100 0.519318338623

110101000100
1 101010001001 0.523402305872
0 101010001000 0.476597694128

110101000101
1 101010001011 0.297851157388
0 101010001010 0.702148842612

101010001010
1 010100010101 0.356748224152
0 010100010100 0.643251775848

010100010100
1 101000101001 0.494278061846
0 101000101000 0.505721938154

101000101000
1 010001010001 1.0
0 1010001010000 0.0

101000101001
1 010001010011 0.563623205886
0 010001010010 0.436376794114

010001010011
1 100010100111 0.493121902874
0 100010100110 0.506878097126

100010100110
1 000101001101 0.742061629908
0 001100 0.257938370092

000101001101
1 001010011011 0.361614671164
0 001010011010 0.638385328836

001010011010
1 010100110101 0.392588614393
0 010100110100 0.607411385607

010100110100
1 101001101001 0.504988913525
0 101001101000 0.495011086475

101001101000
1 010011010001 1.0
0 1010011010000 0.0

101001101001
1 010011010011 0.528801245459
0 010011010010 0.471198754541

010011010011
1 100110100111 0.491861166136
0 100110100110 0.508138833864

100110100110
1 001101001101 0.752203389831
0 001100 0.247796610169

001101001101
1 011010011011 0.363226678684
0 011010011010 0.636773321316

011010011010
1 110100110101 0.40503875969
0 110100110100 0.59496124031

110100110100
1 101001101001 0.49788745919
0 101001101000 0.50211254081

110100110101
1 101001101011 0.356373937677
0 101001101010 0.643626062323

101001101010
1 010011010101 0.40371980188
0 010011010100 0.59628019812

010011010100
1 100110101001 0.502723457452
0 100110101000 0.497276542548

100110101000
1 001101010001 1.0
0 1001101010000 0.0

001101010001
1 011010100011 0.304363440474
0 011010100010 0.695636559526

011010100010
1 110101000101 0.47728978979
0 110101000100 0.52271021021

011010100011
1 110101000111 1.0
0 0110101000110 0.0

110101000111
1 1111 0.0
0 101010001110 1.0

101010001110
1 010100011101 0.858360713969
0 010100011100 0.141639286031

100110101001
1 001101010011 0.528063943162
0 001101010010 0.471936056838

001101010010
1 011010100101 0.410613473843
0 011010100100 0.589386526157

011010100100
1 110101001001 0.494961612284
0 110101001000 0.505038387716

110101001000
1 101010010001 1.0
0 1101010010000 0.0

101010010001
1 010100100011 0.291875923191
0 010100100010 0.708124076809

010100100011
1 101001000111 1.0
0 0101001000110 0.0

101001000111
1 1111 0.0
0 010010001110 1.0

110101001001
1 101010010011 0.531707317073
0 101010010010 0.468292682927

101010010010
1 010100100101 0.418751313853
0 010100100100 0.581248686147

010100100101
1 101001001011 0.309169467115
0 101001001010 0.690830532885

101001001010
1 010010010101 0.336158701533
0 010010010100 0.663841298467

010010010101
1 100100101011 0.365222131371
0 100100101010 0.634777868629

100100101010
1 001001010101 0.392352813383
0 001001010100 0.607647186617

001001010100
1 010010101001 0.505284552846
0 010010101000 0.494715447154

010010101000
1 100101010001 1.0
0 0100101010000 0.0

100101010001
1 001010100011 0.299231224128
0 001010100010 0.700768775872

001010100011
1 010101000111 1.0
0 0010101000110 0.0

010101000111
1 1111 0.0
0 101010001110 1.0

010010101001
1 100101010011 0.533052308871
0 100101010010 0.466947691129

100101010010
1 001010100101 0.421583035902
0 001010100100 0.578416964098

001010100100
1 010101001001 0.508140203026
0 010101001000 0.491859796974

010101001000
1 101010010001 1.0
0 0101010010000 0.0

010101001001
1 101010010011 0.531602062249
0 101010010010 0.468397937751

101010010011
1 010100100111 0.486851851852
0 010100100110 0.513148148148

010100100110
1 101001001101 0.73558787454
0 001100 0.26441212546

101001001101
1 010010011011 0.361620889272
0 010010011010 0.638379110728

010010011011
1 110111 0.508993766696
0 100100110110 0.491006233304

100100110110
1 101101 0.765452238535
0 001001101100 0.234547761465

001001101100
1 010011011001 1.0
0 0010011011000 0.0

010011011001
1 0100110110011 0.0
0 100110110010 1.0

100110110010
1 001101100101 0.381618381618
0 001101100100 0.618381618382

001101100100
1 011011001001 0.496930533118
0 011011001000 0.503069466882

011011001000
1 110110010001 1.0
0 0110110010000 0.0

011011001001
1 110110010011 0.524940047962
0 110110010010 0.475059952038

110110010010
1 101100100101 0.41954655514
0 101100100100 0.58045344486

101100100101
1 011001001011 0.330050505051
0 011001001010 0.669949494949

011001001010
1 110010010101 0.346024400505
0 110010010100 0.653975599495

110010010100
1 100100101001 0.508454286997
0 100100101000 0.491545713003

110010010101
1 100100101011 0.352874217416
0 100100101010 0.647125782584

100100101011
1 001001010111 0.505813953488
0 001001010110 0.494186046512

001001010110
1 101101 0.747899159664
0 010010101100 0.252100840336

010010101100
1 100101011001 1.0
0 0100101011000 0.0

100101011001
1 1001010110011 0.0
0 001010110010 1.0

001010110010
1 010101100101 0.378768303187
0 010101100100 0.621231696813

010101100100
1 101011001001 0.502412868633
0 101011001000 0.497587131367

101011001000
1 010110010001 1.0
0 1010110010000 0.0

101011001001
1 010110010011 0.537289058247
0 010110010010 0.462710941753

010110010011
1 101100100111 0.481401617251
0 101100100110 0.518598382749

101100100110
1 011001001101 0.737766156145
0 001100 0.262233843855

011001001101
1 110010011011 0.360252531895
0 110010011010 0.639747468105

110010011010
1 100100110101 0.393240397152
0 100100110100 0.606759602848

100100110101
1 001001101011 0.3489576753
0 001001101010 0.6510423247

001001101010
1 010011010101 0.401265250791
0 010011010100 0.598734749209

010011010101
1 100110101011 0.350914391731
0 100110101010 0.649085608269

100110101010
1 001101010101 0.404246631278
0 001101010100 0.595753368722

001101010100
1 011010101001 0.510966415353
0 011010101000 0.489033584647

011010101000
1 110101010001 1.0
0 0110101010000 0.0

110101010001
1 101010100011 0.30447697857
0 101010100010 0.69552302143

101010100010
1 010101000101 0.482175670709
0 010101000100 0.517824329291

010101000101
1 101010001011 0.291173098968
0 101010001010 0.708826901032

101010001011
1 010100010111 0.523783783784
0 010100010110 0.476216216216

010100010110
1 101101 0.755867939128
0 101000101100 0.244132060872

101000101100
1 010001011001 1.0
0 1010001011000 0.0

010100010111
1 1111 0.500791620996
0 101000101110 0.499208379004

101010100011
1 010101000111 1.0
0 1010101000110 0.0

011010101001
1 110101010011 0.524164524422
0 110101010010 0.475835475578

110101010010
1 101010100101 0.424503311258
0 101010100100 0.575496688742

101010100100
1 010101001001 0.489208633094
0 010101001000 0.510791366906

101010100101
1 010101001011 0.313769751693
0 010101001010 0.686230248307

010101001010
1 101010010101 0.336729023893
0 101010010100 0.663270976107

101010010100
1 010100101001 0.515151515152
0 010100101000 0.484848484848

010100101000
1 101001010001 1.0
0 0101001010000 0.0

101001010001
1 010010100011 0.243974132863
0 010010100010 0.756025867137

010010100011
1 100101000111 1.0
0 0100101000110 0.0

010100101001
1 101001010011 0.623153692615
0 101001010010 0.376846307385

101001010010
1 010010100101 0.451317715959
0 010010100100 0.548682284041

010010100101
1 100101001011 0.283166594171
0 100101001010 0.716833405829

100101001010
1 001010010101 0.332082216265
0 001010010100 0.667917783735

001010010100
1 010100101001 0.506714413608
0 010100101000 0.493285586392

001010010101
1 010100101011 0.353551476457
0 010100101010 0.646448523543

010100101010
1 101001010101 0.402709094818
0 101001010100 0.597290905182

101001010100
1 010010101001 0.497270742358
0 010010101000 0.502729257642

101001010101
1 010010101011 0.344921981933
0 010010101010 0.655078018067

010010101010
1 100101010101 0.404842724598
0 100101010100 0.595157275402

100101010100
1 001010101001 0.500970873786
0 001010101000 0.499029126214

001010101000
1 010101010001 1.0
0 0010101010000 0.0

010101010001
1 101010100011 0.305311914852
0 101010100010 0.694688085148

001010101001
1 010101010011 0.533346566098
0 010101010010 0.466653433902

010101010010
1 101010100101 0.43553492298
0 101010100100 0.56446507702

010101010011
1 101010100111 0.492347891004
0 101010100110 0.507652108996

101010100110
1 010101001101 0.737473804534
0 001100 0.262526195466

010101001101
1 101010011011 0.361235166518
0 101010011010 0.638764833482

101010011010
1 010100110101 0.400143751925
0 010100110100 0.599856248075

010100110101
1 101001101011 0.354219485694
0 101001101010 0.645780514306

101001101011
1 010011010111 0.495229357798
0 010011010110 0.504770642202

010011010110
1 101101 0.753115264798
0 100110101100 0.246884735202

100110101100
1 001101011001 1.0
0 1001101011000 0.0

001101011001
1 0011010110011 0.0
0 011010110010 1.0

011010110010
1 110101100101 0.365875109938
0 110101100100 0.634124890062

110101100100
1 101011001001 0.514481707317
0 101011001000 0.485518292683

110101100101
1 101011001011 0.382849856551
0 101011001010 0.617150143449

101011001010
1 010110010101 0.456092069052
0 010110010100 0.543907930948

010110010100
1 101100101001 0.49554675903
0 101100101000 0.50445324097

101100101001
1 011001010011 0.375196643943
0 011001010010 0.624803356057

011001010010
1 110010100101 0.40174249758
0 110010100100 0.59825750242

110010100100
1 100101001001 0.502221363724
0 100101001000 0.497778636276

110010100101
1 100101001011 0.353668822041
0 1001010 0.646331177959

1001010
0 10010100 0.605250056574
1 10010101 0.394749943426

10010101
0 100101010 0.64534128258
1 100101011 0.35465871742

100101011
0 1001010110 0.499353448276
1 1001010111 0.500646551724

1001010111
0 10010101110 0.490852346104
1 1111 0.509147653896

10010101110
0 100101011100 0.241394431046
1 100101011101 0.758605568954

100101011101
1 001010111011 0.354335260116
0 001010111010 0.645664739884

001010111010
1 010101110101 0.407802222726
0 010101110100 0.592197777274

010101110100
1 101011101001 0.500392156863
0 101011101000 0.499607843137

101011101000
1 010111010001 1.0
0 1010111010000 0.0

010111010001
1 101110100011 0.304112111293
0 101110100010 0.695887888707

101110100010
1 011101000101 0.48318916886
0 011101000100 0.51681083114

011101000101
1 111010001011 0.302915646561
0 111010001010 0.697084353439

111010001010
1 110100010101 0.356444822125
0 110100010100 0.643555177875

110100010100
1 101000101001 0.492339319654
0 101000101000 0.507660680346

110100010101
1 101000101011 0.364442238139
0 101000101010 0.635557761861

101000101010
1 010001010101 0.401903451439
0 010001010100 0.598096548561

010001010101
1 100010101011 0.344683919558
0 100010101010 0.655316080442

100010101010
1 000101010101 0.392223988263
0 000101010100 0.607776011737

000101010100
1 001010101001 0.494467913901
0 001010101000 0.505532086099

000101010101
1 001010101011 0.342269326683
0 001010101010 0.657730673317

001010101010
1 010101010101 0.388978556606
0 010101010100 0.611021443394

010101010100
1 101010101001 0.505871212121
0 101010101000 0.494128787879

101010101000
1 010101010001 1.0
0 1010101010000 0.0

101010101001
1 010101010011 0.527969954536
0 010101010010 0.472030045464

010101010101
1 101010101011 0.343318649046
0 101010101010 0.656681350954

101010101010
1 010101010101 0.395124195032
0 010101010100 0.604875804968

101010101011
1 010101010111 0.503190131859
0 010101010110 0.496809868141

010101010110
1 101101 0.756733646858
0 101010101100 0.243266353142

101010101100
1 010101011001 1.0
0 1010101011000 0.0

010101011001
1 0101010110011 0.0
0 101010110010 1.0

101010110010
1 010101100101 0.374133949192
0 010101100100 0.625866050808

010101100101
1 101011001011 0.390056229654
0 101011001010 0.609943770346

101011001011
1 010110010111 0.500198491465
0 010110010110 0.499801508535

010110010110
1 101101 0.741176470588
0 101100101100 0.258823529412

101100101100
1 011001011001 1.0
0 1011001011000 0.0

011001011001
1 0110010110011 0.0
0 110010110010 1.0

110010110010
1 100101100101 0.368662537279
0 100101100100 0.631337462721

100101100100
1 001011001001 0.496582733813
0 001011001000 0.503417266187

100101100101
1 001011001011 0.380923265057
0 001011001010 0.619076734943

001011001010
1 010110010101 0.478212290503
0 010110010100 0.521787709497

010110010101
1 101100101011 0.356718528996
0 101100101010 0.643281471004

101100101010
1 011001010101 0.399000227221
0 011001010100 0.600999772779

011001010100
1 110010101001 0.508161967352
0 110010101000 0.491838032648

110010101000
1 100101010001 1.0
0 1100101010000 0.0

110010101001
1 100101010011 0.541674876847
0 100101010010 0.458325123153

100101010011
1 001010100111 0.48038329416
0 001010100110 0.51961670584

001010100110
1 010101001101 0.750567751703
0 001100 0.249432248297

001010100111
1 1111 0.501483679525
0 010101001110 0.498516320475

010101001110
1 101010011101 0.755230951441
0 101010011100 0.244769048559

101010011100
1 010100111001 1.0
0 1010100111000 0.0

010100111001
1 0101001110011 0.0
0 101001110010 1.0

101001110010
1 010011100101 0.372444633731
0 010011100100 0.627555366269

010011100101
1 100111001011 0.398915335945
0 100111001010 0.601084664055

100111001010
1 001110010101 0.468421052632
0 001110010100 0.531578947368

001110010100
1 011100101001 0.485329581994
0 011100101000 0.514670418006

011100101001
1 111001010011 0.375144910735
0 111001010010 0.624855089265

111001010010
1 110010100101 0.412212081704
0 110010100100 0.587787918296

111001010011
1 110010100111 0.505589614136
0 110010100110 0.494410385864

110010100110
1 100101001101 0.754939209726
0 001100 0.245060790274

100101001101
1 001010011011 0.360625
0 001010011010 0.639375

001010011011
1 110111 0.497625079164
0 010100110110 0.502374920836

010100110110
1 101101 0.753954897341
0 101001101100 0.246045102659

101001101100
1 010011011001 1.0
0 1010011011000 0.0

110010100111
1 1111 0.511307014182
0 100101001110 0.488692985818

100101001110
1 001010011101 0.753609051892
0 001010011100 0.246390948108

001010011100
1 010100111001 1.0
0 0010100111000 0.0

001010011101
1 010100111011 0.348081211125
0 010100111010 0.651918788875

010100111010
1 101001110101 0.388905223954
0 101001110100 0.611094776046

101001110100
1 010011101001 0.499599465955
0 010011101000 0.500400534045

010011101001
1 100111010011 0.530210772834
0 100111010010 0.469789227166

100111010010
1 001110100101 0.432701894317
0 001110100100 0.567298105683

001110100100
1 011101001001 0.495981744221
0 011101001000 0.504018255779

011101001000
1 111010010001 1.0
0 0111010010000 0.0

111010010001
1 110100100011 0.306265876376
0 110100100010 0.693734123624

110100100011
1 101001000111 1.0
0 1101001000110 0.0

011101001001
1 111010010011 0.512919040678
0 111010010010 0.487080959322

111010010010
1 110100100101 0.412419239052
0 110100100100 0.587580760948

110100100100
1 101001001001 0.515268579838
0 101001001000 0.484731420162

110100100101
1 101001001011 0.313159927891
0 101001001010 0.686840072109

101001001011
1 010010010111 0.511581469649
0 010010010110 0.488418530351

010010010110
1 101101 0.752241238794
0 100100101100 0.247758761206

100100101100
1 001001011001 1.0
0 1001001011000 0.0

001001011001
1 0010010110011 0.0
0 010010110010 1.0

010010110010
1 100101100101 0.372093023256
0 100101100100 0.627906976744

010010010111
1 1111 0.515857085508
0 100100101110 0.484142914492

100100101110
1 001001011101 0.74317617866
0 001001011100 0.25682382134

001001011100
1 010010111001 1.0
0 0010010111000 0.0

010010111001
1 0100101110011 0.0
0 100101110010 1.0

001001011101
1 010010111011 0.374096196165
0 010010111010 0.625903803835

010010111010
1 100101110101 0.398698884758
0 100101110100 0.601301115242

100101110100
1 001011101001 0.517095658855
0 001011101000 0.482904341145

001011101000
1 010111010001 1.0
0 0010111010000 0.0

001011101001
1 010111010011 0.540996784566
0 010111010010 0.459003215434

010111010010
1 101110100101 0.415192058697
0 101110100100 0.584807941303

101110100100
1 011101001001 0.491133384734
0 011101001000 0.508866615266

101110100101
1 011101001011 0.30083490439
0 011101001010 0.69916509561

011101001010
1 111010010101 0.357462490129
0 111010010100 0.642537509871

111010010100
1 110100101001 0.502558719328
0 110100101000 0.497441280672

110100101000
1 101001010001 1.0
0 1101001010000 0.0

110100101001
1 101001010011 0.600970285021
0 101001010010 0.399029714979

101001010011
1 010010100111 0.495894529895
0 010010100110 0.504105470105

010010100110
1 100101001101 0.733919199316
0 001100 0.266080800684

010010100111
1 1111 0.517176529589
0 100101001110 0.482823470411

111010010101
1 110100101011 0.35156626506
0 110100101010 0.64843373494

110100101010
1 101001010101 0.395731436194
0 101001010100 0.604268563806

110100101011
1 101001010111 0.476013234078
0 101001010110 0.523986765922

101001010110
1 101101 0.739181746656
0 010010101100 0.260818253344

101001010111
1 1111 0.501411859621
0 010010101110 0.498588140379

010010101110
1 100101011101 0.761600681141
0 100101011100 0.238399318859

100101011100
1 001010111001 1.0
0 1001010111000 0.0

001010111001
1 0010101110011 0.0
0 010101110010 1.0

010101110010
1 101011100101 0.379221388368
0 101011100100 0.620778611632

101011100100
1 010111001001 0.505900266464
0 010111001000 0.494099733536

010111001001
1 101110010011 0.530592915325
0 101110010010 0.469407084675

101110010010
1 011100100101 0.420932168123
0 011100100100 0.579067831877

011100100101
1 111001001011 0.310389055152
0 111001001010 0.689610944848

111001001010
1 110010010101 0.343376814257
0 110010010100 0.656623185743

111001001011
1 110010010111 0.489139179405
0 110010010110 0.510860820595

110010010110
1 101101 0.749794238683
0 100100101100 0.250205761317

110010010111
1 1111 0.487959442332
0 100100101110 0.512040557668

101110010011
1 011100100111 0.49467389273
0 011100100110 0.50532610727

011100100110
1 111001001101 0.744520976832
0 001100 0.255479023168

111001001101
1 110010011011 0.356152294503
0 110010011010 0.643847705497

110010011011
1 110111 0.503953989935
0 100100110110 0.496046010065

011100100111
1 1111 0.516233241803
0 111001001110 0.483766758197

111001001110
1 110010011101 0.736769352291
0 110010011100 0.263230647709

110010011100
1 100100111001 1.0
0 1100100111000 0.0

110010011101
1 011 0.373674059788
0 100100111010 0.626325940212

011
0 0110 0.41809026922
1 0111 0.58190973078

0111
0 01110 0.646043439582
1 1111 0.353956560418

01110
0 011100 0.198184867577
1 011101 0.801815132423

011101
0 0111010 0.717086705962
1 0111011 0.282913294038

0111011
0 01110110 0.483268916049
1 110111 0.516731083951

01110110
0 011101100 0.245286644091
1 101101 0.754713355909

011101100
0 0111011000 0.0
1 0111011001 1.0

0111011001
0 01110110010 1.0
1 01110110011 0.0

01110110010
0 011101100100 0.620385782826
1 011101100101 0.379614217174

011101100101
1 111011001011 0.382254320351
0 111011001010 0.617745679649

111011001011
1 110110010111 0.508339952343
0 110110010110 0.491660047657

110110010110
1 101101 0.745115856429
0 101100101100 0.254884143571

110110010111
1 1111 0.516503122212
0 101100101110 0.483496877788

101100101110
1 011001011101 0.75743006993
0 011001011100 0.24256993007

011001011101
1 110010111011 0.340901719105
0 110010111010 0.659098280895

110010111010
1 100101110101 0.385734396997
0 100101110100 0.614265603003

100101110101
1 001011101011 0.361607142857
0 001011101010 0.638392857143

001011101010
1 010111010101 0.389955686854
0 010111010100 0.610044313146

010111010100
1 101110101001 0.513470993117
0 101110101000 0.486529006883

101110101000
1 011101010001 1.0
0 1011101010000 0.0

101110101001
1 011101010011 0.530460921844
0 011101010010 0.469539078156

011101010010
1 111010100101 0.429677419355
0 111010100100 0.570322580645

111010100100
1 110101001001 0.506470483957
0 110101001000 0.493529516043

111010100101
1 110101001011 0.314726840855
0 110101001010 0.685273159145

110101001010
1 101010010101 0.335870218306
0 101010010100 0.664129781694

101010010101
1 010100101011 0.36452074392
0 010100101010 0.63547925608

010100101011
1 101001010111 0.510180560891
0 101001010110 0.489819439109

110101001011
1 101010010111 0.485274725275
0 101010010110 0.514725274725

101010010110
1 101101 0.760823875578
0 010100101100 0.239176124422

010100101100
1 101001011001 1.0
0 0101001011000 0.0

101001011001
1 1010010110011 0.0
0 010010110010 1.0

101010010111
1 1111 0.495206335973
0 010100101110 0.504793664027

010100101110
1 101001011101 0.736948603804
0 101001011100 0.263051396196

101001011100
1 010010111001 1.0
0 1010010111000 0.0

101001011101
1 010010111011 0.350098342231
0 010010111010 0.649901657769

010010111011
1 110111 0.505747126437
0 100101110110 0.494252873563

100101110110
1 101101 0.754498714653
0 001011101100 0.245501285347

001011101100
1 010111011001 1.0
0 0010111011000 0.0

011101010011
1 111010100111 0.48473784139
0 111010100110 0.51526215861

111010100110
1 110101001101 0.735736786839
0 001100 0.264263213161

110101001101
1 101010011011 0.357104047813
0 101010011010 0.642895952187

101010011011
1 110111 0.492857142857
0 010100110110 0.507142857143

111010100111
1 1111 0.513020833333
0 110101001110 0.486979166667

110101001110
1 101010011101 0.738623873379
0 101010011100 0.261376126621

101010011101
1 010100111011 0.353186752018
0 010100111010 0.646813247982

010100111011
1 110111 0.509992732558
0 101001110110 0.490007267442

101001110110
1 101101 0.752981605013
0 010011101100 0.247018394987

010011101100
1 100111011001 1.0
0 0100111011000 0.0

100111011001
1 1001110110011 0.0
0 001110110010 1.0

001110110010
1 011101100101 0.384278740953
0 011101100100 0.615721259047

010111010101
1 101110101011 0.341141141141
0 101110101010 0.658858858859

101110101010
1 011101010101 0.389228598307
0 011101010100 0.610771401693

011101010100
1 111010101001 0.506806579694
0 111010101000 0.493193420306

111010101000
1 110101010001 1.0
0 1110101010000 0.0

111010101001
1 110101010011 0.524325284091
0 110101010010 0.475674715909

110101010011
1 101010100111 0.493389423077
0 101010100110 0.506610576923

101010100111
1 1111 0.500882179965
0 010101001110 0.499117820035

011101010101
1 111010101011 0.343280282935
0 111010101010 0.656719717065

111010101010
1 110101010101 0.411664899258
0 110101010100 0.588335100742

110101010100
1 101010101001 0.493082799917
0 101010101000 0.506917200083

110101010101
1 101010101011 0.35883424408
0 101010101010 0.64116575592

111010101011
1 110101010111 0.489908982984
0 110101010110 0.510091017016

110101010110
1 101101 0.763864042934
0 101010101100 0.236135957066

110101010111
1 1111 0.514378478664
0 101010101110 0.485621521336

101010101110
1 010101011101 0.767086330935
0 010101011100 0.232913669065

010101011100
1 101010111001 1.0
0 0101010111000 0.0

101010111001
1 1010101110011 0.0
0 010101110010 1.0

010101011101
1 101010111011 0.350447761194
0 101010111010 0.649552238806

101010111010
1 010101110101 0.400674211413
0 010101110100 0.599325788587

010101110101
1 101011101011 0.350375505488
0 101011101010 0.649624494512

101011101010
1 010111010101 0.401102687802
0 010111010100 0.598897312198

101011101011
1 010111010111 0.505856832972
0 010111010110 0.494143167028

010111010110
1 101101 0.752087912088
0 101110101100 0.247912087912

101110101100
1 011101011001 1.0
0 1011101011000 0.0

011101011001
1 0111010110011 0.0
0 111010110010 1.0

111010110010
1 110101100101 0.379774829111
0 110101100100 0.620225170889

010111010111
1 1111 0.508340649693
0 101110101110 0.491659350307

101110101110
1 011101011101 0.738073394495
0 011101011100 0.261926605505

011101011100
1 111010111001 1.0
0 0111010111000 0.0

111010111001
1 1110101110011 0.0
0 110101110010 1.0

110101110010
1 101011100101 0.376614060258
0 101011100100 0.623385939742

101011100101
1 010111001011 0.39880952381
0 010111001010 0.60119047619

010111001011
1 101110010111 0.492412140575
0 101110010110 0.507587859425

101110010110
1 101101 0.746606334842
0 011100101100 0.253393665158

011100101100
1 111001011001 1.0
0 0111001011000 0.0

111001011001
1 1110010110011 0.0
0 110010110010 1.0

101110010111
1 1111 0.520134228188
0 011100101110 0.479865771812

011100101110
1 111001011101 0.754954954955
0 111001011100 0.245045045045

111001011100
1 110010111001 1.0
0 1110010111000 0.0

111001011101
1 110010111011 0.357903829542
0 110010111010 0.642096170458

110010111011
1 110111 0.507410636443
0 100101110110 0.492589363557

011101011101
1 111010111011 0.352624784854
0 111010111010 0.647375215146

111010111010
1 110101110101 0.39448188711
0 110101110100 0.60551811289

110101110100
1 101011101001 0.496260359814
0 101011101000 0.503739640186

101011101001
1 010111010011 0.530657080088
0 010111010010 0.469342919912

010111010011
1 101110100111 0.491119835483
0 101110100110 0.508880164517

101110100110
1 011101001101 0.743814236772
0 001100 0.256185763228

011101001101
1 111010011011 0.36741693462
0 111010011010 0.63258306538

111010011010
1 110100110101 0.403225806452
0 110100110100 0.596774193548

111010011011
1 110111 0.502210433245
0 110100110110 0.497789566755

110100110110
1 101101 0.749496170899
0 101001101100 0.250503829101

101110100111
1 1111 0.51357827476
0 011101001110 0.48642172524

011101001110
1 111010011101 0.748337416871
0 111010011100 0.251662583129

111010011100
1 110100111001 1.0
0 1110100111000 0.0

110100111001
1 1101001110011 0.0
0 101001110010 1.0

111010011101
1 110100111011 0.351565762004
0 110100111010 0.648434237996

110100111010
1 101001110101 0.39744516751
0 101001110100 0.60255483249

101001110101
1 010011101011 0.353014037985
0 010011101010 0.646985962015

010011101010
1 100111010101 0.387086056042
0 100111010100 0.612913943958

100111010100
1 001110101001 0.493494759668
0 001110101000 0.506505240332

001110101001
1 011101010011 0.521285838401
0 011101010010 0.478714161599

100111010101
1 001110101011 0.345064377682
0 001110101010 0.654935622318

001110101010
1 011101010101 0.391725832878
0 011101010100 0.608274167122

001110101011
1 011101010111 0.505594587562
0 011101010110 0.494405412438

011101010110
1 101101 0.748931975025
0 111010101100 0.251068024975

111010101100
1 110101011001 1.0
0 1110101011000 0.0

110101011001
1 1101010110011 0.0
0 101010110010 1.0

011101010111
1 1111 0.508657301535
0 111010101110 0.491342698465

111010101110
1 110101011101 0.75
0 110101011100 0.25

110101011100
1 101010111001 1.0
0 1101010111000 0.0

110101011101
1 101010111011 0.371383147854
0 101010111010 0.628616852146

101010111011
1 110111 0.482066609735
0 010101110110 0.517933390265

010101110110
1 101101 0.746846089151
0 101011101100 0.253153910849

101011101100
1 010111011001 1.0
0 1010111011000 0.0

010011101011
1 100111010111 0.50110864745
0 100111010110 0.49889135255

100111010110
1 101101 0.755151515152
0 001110101100 0.244848484848

001110101100
1 011101011001 1.0
0 0011101011000 0.0

100111010111
1 1111 0.51126307321
0 001110101110 0.48873692679

001110101110
1 011101011101 0.761845073953
0 011101011100 0.238154926047

110100111011
1 110111 0.507658643326
0 101001110110 0.492341356674

110101110101
1 101011101011 0.34167709637
0 101011101010 0.65832290363

111010111011
1 110111 0.506887052342
0 110101110110 0.493112947658

110101110110
1 101101 0.754113345521
0 101011101100 0.245886654479

101010111011
1 110111 0.482066609735
0 010101110110 0.517933390265

101110101011
1 011101010111 0.4944714728
0 011101010110 0.5055285272

001011101011
1 010111010111 0.494661921708
0 010111010110 0.505338078292

110010111011
1 110111 0.507410636443
0 100101110110 0.492589363557

0111010
0 01110100 0.684157744828
1 01110101 0.315842255172

01110101
0 011101010 0.631652965653
1 011101011 0.368347034347

011101011
0 0111010110 0.503936078092
1 0111010111 0.496063921908

0111010111
0 01110101110 0.489486630167
1 1111 0.510513369833

01110101110
0 011101011100 0.246555357432
1 011101011101 0.753444642568

0111010110
0 01110101100 0.250253846755
1 101101 0.749746153245

01110101100
0 011101011000 0.0
1 011101011001 1.0

011101010
0 0111010100 0.594188261758
1 0111010101 0.405811738242

0111010101
0 01110101010 0.654751131222
1 01110101011 0.345248868778

01110101011
0 011101010110 0.498525557012
1 011101010111 0.501474442988

01110101010
0 011101010100 0.609191430546
1 011101010101 0.390808569454

0111010100
0 01110101000 0.496001854213
1 01110101001 0.503998145787

01110101001
0 011101010010 0.475205027976
1 011101010011 0.524794972024

01110101000
0 011101010000 0.0
1 011101010001 1.0

01110100
0 011101000 0.574960677354
1 011101001 0.425039322646

011101001
0 0111010010 0.416767711762
1 0111010011 0.583232288238

0111010011
0 01110100110 0.682830682831
1 01110100111 0.317169317169

01110100111
0 011101001110 0.486422065208
1 1111 0.513577934792

01110100110
0 001100 0.631079478055
1 011101001101 0.368920521945

0111010010
0 01110100100 0.576853321242
1 01110100101 0.423146678758

01110100101
0 011101001010 0.678453433342
1 011101001011 0.321546566658

011101001011
1 111010010111 0.498472646487
0 111010010110 0.501527353513

111010010110
1 101101 0.744857452183
0 110100101100 0.255142547817

110100101100
1 101001011001 1.0
0 1101001011000 0.0

111010010111
1 1111 0.506737588652
0 110100101110 0.493262411348

110100101110
1 101001011101 0.756639094471
0 101001011100 0.243360905529

01110100100
0 011101001000 0.505665815157
1 011101001001 0.494334184843

011101000
0 0111010000 0.0
1 0111010001 1.0

0111010001
0 01110100010 0.731345021071
1 01110100011 0.268654978929

01110100011
0 011101000110 0.0
1 011101000111 1.0

011101000111
1 1111 0.0
0 111010001110 1.0

111010001110
1 110100011101 0.857381874516
0 110100011100 0.142618125484

110100011100
1 101000111001 1.0
0 1101000111000 0.0

110100011101
1 101000111011 0.212680559121
0 101000111010 0.787319440879

101000111011
1 110111 0.528905150577
0 010001110110 0.471094849423

010001110110
1 101101 0.758469800438
0 100011101100 0.241530199562

100011101100
1 000111011001 1.0
0 1000111011000 0.0

000111011001
1 0001110110011 0.0
0 001110110010 1.0

01110100010
0 011101000100 0.570896472686
1 011101000101 0.429103527314

011100
0 0111000 0.0
1 0111001 1.0

0111001
0 01110010 1.0
1 01110011 0.0

01110010
0 011100100 0.62959666277
1 011100101 0.37040333723

011100101
0 0111001010 0.603278218141
1 0111001011 0.396721781859

0111001011
0 01110010110 0.496971340747
1 01110010111 0.503028659253

01110010111
0 011100101110 0.498741912293
1 1111 0.501258087707

01110010110
0 011100101100 0.251955612152
1 101101 0.748044387848

0111001010
0 01110010100 0.527526753864
1 01110010101 0.472473246136

01110010101
0 011100101010 0.649175789606
1 011100101011 0.350824210394

011100101011
1 111001010111 0.507890961263
0 111001010110 0.492109038737

111001010110
1 101101 0.747096774194
0 110010101100 0.252903225806

110010101100
1 100101011001 1.0
0 1100101011000 0.0

111001010111
1 1111 0.50869205298
0 110010101110 0.49130794702

110010101110
1 100101011101 0.755424954792
0 100101011100 0.244575045208

011100101010
1 111001010101 0.398526846288
0 111001010100 0.601473153712

111001010100
1 110010101001 0.504616544187
0 110010101000 0.495383455813

111001010101
1 110010101011 0.346540338788
0 110010101010 0.653459661212

110010101010
1 100101010101 0.405520169851
0 100101010100 0.594479830149

100101010101
1 001010101011 0.365165336374
0 001010101010 0.634834663626

001010101011
1 010101010111 0.507776376629
0 010101010110 0.492223623371

010101010111
1 1111 0.50773734839
0 101010101110 0.49226265161

110010101011
1 100101010111 0.482713347921
0 100101010110 0.517286652079

100101010110
1 101101 0.748126561199
0 001010101100 0.251873438801

001010101100
1 010101011001 1.0
0 0010101011000 0.0

100101010111
1 1111 0.491197183099
0 001010101110 0.508802816901

001010101110
1 010101011101 0.742547425474
0 010101011100 0.257452574526

01110010100
0 011100101000 0.51391862955
1 011100101001 0.48608137045

011100100
0 0111001000 0.501318815809
1 0111001001 0.498681184191

0111001001
0 01110010010 0.467735793171
1 01110010011 0.532264206829

01110010011
0 011100100110 0.507830511169
1 011100100111 0.492169488831

01110010010
0 011100100100 0.576804776551
1 011100100101 0.423195223449

0111001000
0 01110010000 0.0
1 01110010001 1.0

01110010001
0 011100100010 0.697365098072
1 011100100011 0.302634901928

0110
0 01100 0.273911437717
1 01101 0.726088562283

01101
0 011010 0.644182801098
1 011011 0.355817198902

011011
0 0110110 0.498575054753
1 110111 0.501424945247

0110110
0 01101100 0.246103514189
1 101101 0.753896485811

01101100
0 011011000 0.0
1 011011001 1.0

011011001
0 0110110010 1.0
1 0110110011 0.0

0110110010
0 01101100100 0.62001493652
1 01101100101 0.37998506348

01101100101
0 011011001010 0.621658805031
1 011011001011 0.378341194969

011011001011
1 110110010111 0.49974025974
0 110110010110 0.50025974026

011011001010
1 110110010101 0.465380967436
0 110110010100 0.534619032564

110110010101
1 101100101011 0.364125560538
0 101100101010 0.635874439462

101100101011
1 011001010111 0.499798305768
0 011001010110 0.500201694232

011001010110
1 101101 0.759345794393
0 110010101100 0.240654205607

011001010111
1 1111 0.506262042389
0 110010101110 0.493737957611

01101100100
0 011011001000 0.497711394845
1 011011001001 0.502288605155

011010
0 0110100 0.60130487379
1 0110101 0.39869512621

0110101
0 01101010 0.646472597088
1 01101011 0.353527402912

01101011
0 011010110 0.498150608683
1 011010111 0.501849391317

011010111
0 0110101110 0.49824686941
1 1111 0.50175313059

0110101110
0 01101011100 0.254344391785
1 01101011101 0.745655608215

01101011101
0 011010111010 0.653890600924
1 011010111011 0.346109399076

011010111011
1 110111 0.479688369505
0 110101110110 0.520311630495

011010111010
1 110101110101 0.389690721649
0 110101110100 0.610309278351

01101011100
0 011010111000 0.0
1 011010111001 1.0

011010111001
1 0110101110011 0.0
0 110101110010 1.0

011010110
0 0110101100 0.24589100346
1 101101 0.75410899654

0110101100
0 01101011000 0.0
1 01101011001 1.0

01101011001
0 011010110010 1.0
1 011010110011 0.0

01101010
0 011010100 0.603157770708
1 011010101 0.396842229292

011010101
0 0110101010 0.64766429137
1 0110101011 0.35233570863

0110101011
0 01101010110 0.49058988764
1 01101010111 0.50941011236

01101010111
0 011010101110 0.490212296664
1 1111 0.509787703336

011010101110
1 110101011101 0.759842519685
0 110101011100 0.240157480315

01101010110
0 011010101100 0.241053535643
1 101101 0.758946464357

011010101100
1 110101011001 1.0
0 0110101011000 0.0

0110101010
0 01101010100 0.596042176039
1 01101010101 0.403957823961

01101010101
0 011010101010 0.647247966711
1 011010101011 0.352752033289

011010101011
1 110101010111 0.492225201072
0 110101010110 0.507774798928

011010101010
1 110101010101 0.395382817066
0 110101010100 0.604617182934

01101010100
0 011010101000 0.501345981284
1 011010101001 0.498654018716

011010100
0 0110101000 0.497786025917
1 0110101001 0.502213974083

0110101001
0 01101010010 0.468460291734
1 01101010011 0.531539708266

01101010011
0 011010100110 0.51335528723
1 011010100111 0.48664471277

011010100111
1 1111 0.516040100251
0 110101001110 0.483959899749

011010100110
1 110101001101 0.750296982656
0 001100 0.249703017344

01101010010
0 011010100100 0.576805978411
1 011010100101 0.423194021589

011010100101
1 110101001011 0.310660562459
0 110101001010 0.689339437541

0110101000
0 01101010000 0.0
1 01101010001 1.0

01101010001
0 011010100010 0.696971678985
1 011010100011 0.303028321015

0110100
0 01101000 0.497129581306
1 01101001 0.502870418694

01101001
0 011010010 0.46869768999
1 011010011 0.53130231001

011010011
0 0110100110 0.507939508507
1 0110100111 0.492060491493

0110100111
0 01101001110 0.480983480599
1 1111 0.519016519401

01101001110
0 011010011100 0.243477103301
1 011010011101 0.756522896699

011010011101
1 110100111011 0.359669188809
0 110100111010 0.640330811191

011010011100
1 110100111001 1.0
0 0110100111000 0.0

0110100110
0 001100 0.253690609106
1 01101001101 0.746309390894

01101001101
0 011010011010 0.643284574468
1 011010011011 0.356715425532

011010011011
1 110111 0.499767008388
0 110100110110 0.500232991612

011010010
0 0110100100 0.574714285714
1 0110100101 0.425285714286

0110100101
0 01101001010 0.684245885119
1 01101001011 0.315754114881

01101001011
0 011010010110 0.498404255319
1 011010010111 0.501595744681

011010010111
1 1111 0.519618239661
0 110100101110 0.480381760339

011010010110
1 101101 0.748665955176
0 110100101100 0.251334044824

01101001010
0 011010010100 0.660530191458
1 011010010101 0.339469808542

011010010101
1 110100101011 0.346710050615
0 110100101010 0.653289949385

011010010100
1 110100101001 0.513935340022
0 110100101000 0.486064659978

0110100100
0 01101001000 0.502050708427
1 01101001001 0.497949291573

01101001001
0 011010010010 0.467615125421
1 011010010011 0.532384874579

011010010011
1 110100100111 0.484997655884
0 110100100110 0.515002344116

110100100110
1 101001001101 0.73869630746
0 001100 0.26130369254

110100100111
1 1111 0.520671060515
0 101001001110 0.479328939485

101001001110
1 010010011101 0.756257449344
0 010010011100 0.243742550656

011010010010
1 110100100101 0.423005070723
0 110100100100 0.576994929277

01101001000
0 011010010000 0.0
1 011010010001 1.0

01101000
0 011010000 0.0
1 011010001 1.0

011010001
0 0110100010 0.699414135257
1 0110100011 0.300585864743

0110100011
0 01101000110 0.0
1 01101000111 1.0

01101000111
0 011010001110 1.0
1 1111 0.0

011010001110
1 110100011101 0.85517124831
0 110100011100 0.14482875169

0110100010
0 01101000100 0.515009925919
1 01101000101 0.484990074081

01101000101
0 011010001010 0.698497479159
1 011010001011 0.301502520841

011010001011
1 110100010111 0.516556291391
0 110100010110 0.483443708609

110100010110
1 101101 0.75200095568
0 101000101100 0.24799904432

011010001010
1 110100010101 0.348245551347
0 110100010100 0.651754448653

01101000100
0 011010001000 0.48018615146
1 011010001001 0.51981384854

01100
0 011000 0.0
1 011001 1.0

011001
0 0110010 1.0
1 0110011 0.0

0110010
0 01100100 0.640296288613
1 01100101 0.359703711387

01100101
0 011001010 0.610015138045
1 011001011 0.389984861955

011001011
0 0110010110 0.493961799137
1 0110010111 0.506038200863

0110010111
0 01100101110 0.494338244247
1 1111 0.505661755753

01100101110
0 011001011100 0.240640394089
1 011001011101 0.759359605911

0110010110
0 01100101100 0.256455033055
1 101101 0.743544966945

01100101100
0 011001011000 0.0
1 011001011001 1.0

011001010
0 0110010100 0.528341277032
1 0110010101 0.471658722968

0110010101
0 01100101010 0.647903791548
1 01100101011 0.352096208452

01100101011
0 011001010110 0.507590132827
1 011001010111 0.492409867173

01100101010
0 011001010100 0.608017530291
1 011001010101 0.391982469709

011001010101
1 110010101011 0.354488655048
0 110010101010 0.645511344952

0110010100
0 01100101000 0.507940058153
1 01100101001 0.492059941847

01100101001
0 011001010010 0.626060606061
1 011001010011 0.373939393939

011001010011
1 110010100111 0.489059967585
0 110010100110 0.510940032415

01100101000
0 011001010000 0.0
1 011001010001 1.0

01100100
0 011001000 0.489383242667
1 011001001 0.510616757333

011001001
0 0110010010 0.440637639781
1 0110010011 0.559362360219

0110010011
0 01100100110 0.483104116452
1 01100100111 0.516895883548

01100100111
0 011001001110 0.513852061809
1 1111 0.486147938191

011001001110
1 110010011101 0.812277580071
0 110010011100 0.187722419929

01100100110
0 001100 0.256212091567
1 011001001101 0.743787908433

0110010010
0 01100100100 0.576133909287
1 01100100101 0.423866090713

01100100101
0 011001001010 0.672894550602
1 011001001011 0.327105449398

011001001011
1 110010010111 0.498052791
0 110010010110 0.501947209

01100100100
0 011001001000 0.492866812454
1 011001001001 0.507133187546

011001000
0 0110010000 0.0
1 0110010001 1.0

0110010001
0 01100100010 0.696861036024
1 01100100011 0.303138963976

01100100011
0 011001000110 0.0
1 011001000111 1.0

01100100010
0 011001000100 0.519593096897
1 011001000101 0.480406903103

101011100101
1 010111001011 0.39880952381
0 010111001010 0.60119047619

011101001011
1 111010010111 0.498472646487
0 111010010110 0.501527353513

010111010011
1 101110100111 0.491119835483
0 101110100110 0.508880164517

100101110101
1 001011101011 0.361607142857
0 001011101010 0.638392857143

010010111011
1 110111 0.505747126437
0 100101110110 0.494252873563

111010010011
1 110100100111 0.485700115722
0 110100100110 0.514299884278

001110100101
1 011101001011 0.331819396206
0 011101001010 0.668180603794

100111010011
1 001110100111 0.482508833922
0 0110 0.517491166078

001110100111
1 1111 0.513577682149
0 011101001110 0.486422317851

101001110101
1 010011101011 0.353014037985
0 010011101010 0.646985962015

010100111011
1 110111 0.509992732558
0 101001110110 0.490007267442

001110010101
1 011100101011 0.352078239609
0 011100101010 0.647921760391

100111001011
1 001110010111 0.505664652568
0 001110010110 0.494335347432

001110010110
1 101101 0.749184605349
0 011100101100 0.250815394651

001110010111
1 1111 0.487106918239
0 011100101110 0.512893081761

101010011101
1 010100111011 0.353186752018
0 010100111010 0.646813247982

011001010101
1 110010101011 0.354488655048
0 110010101010 0.645511344952

101100101011
1 011001010111 0.499798305768
0 011001010110 0.500201694232

001011001011
1 010110010111 0.509623797025
0 010110010110 0.490376202975

010110010111
1 1111 0.503505154639
0 101100101110 0.496494845361

010110010111
1 1111 0.503505154639
0 101100101110 0.496494845361

010101010111
1 1111 0.50773734839
0 101010101110 0.49226265161

001010101011
1 010101010111 0.507776376629
0 010101010110 0.492223623371

100010101011
1 000101010111 0.496280799628
0 000101010110 0.503719200372

000101010110
1 101101 0.749884633133
0 001010101100 0.250115366867

000101010111
1 1111 0.504449648712
0 001010101110 0.495550351288

101000101011
1 010001010111 0.499054444113
0 010001010110 0.500945555887

010001010110
1 101101 0.742238105874
0 100010101100 0.257761894126

100010101100
1 000101011001 1.0
0 1000101011000 0.0

000101011001
1 0001010110011 0.0
0 001010110010 1.0

010001010111
1 1111 0.512063741443
0 100010101110 0.487936258557

100010101110
1 000101011101 0.758509659614
0 000101011100 0.241490340386

000101011100
1 001010111001 1.0
0 0001010111000 0.0

000101011101
1 001010111011 0.340509399636
0 001010111010 0.659490600364

001010111011
1 110111 0.504044274159
0 010101110110 0.495955725841

111010001011
1 110100010111 0.517951892466
0 110100010110 0.482048107534

101110100011
1 011101000111 1.0
0 1011101000110 0.0

101011101001
1 010111010011 0.530657080088
0 010111010010 0.469342919912

010101110101
1 101011101011 0.350375505488
0 101011101010 0.649624494512

001010111011
1 110111 0.504044274159
0 010101110110 0.495955725841

100101011100
1 001010111001 1.0
0 1001010111000 0.0

1001010110
0 10010101100 0.252050064739
1 101101 0.747949935261

10010101100
0 100101011000 0.0
1 100101011001 1.0

100101010
0 1001010100 0.605235106005
1 1001010101 0.394764893995

1001010101
0 10010101010 0.649414941494
1 10010101011 0.350585058506

10010101011
0 100101010110 0.513906718015
1 100101010111 0.486093281985

10010101010
0 100101010100 0.594825594826
1 100101010101 0.405174405174

1001010100
0 10010101000 0.49637964775
1 10010101001 0.50362035225

10010101001
0 100101010010 0.462696716534
1 100101010011 0.537303283466

10010101000
0 100101010000 0.0
1 100101010001 1.0

10010100
0 100101000 0.497744210972
1 100101001 0.502255789028

100101001
0 1001010010 0.468734491315
1 1001010011 0.531265508685

1001010011
0 10010100110 0.505604857543
1 10010100111 0.494395142457

10010100111
0 100101001110 0.48427019367
1 1111 0.51572980633

10010100110
0 001100 0.260969976905
1 100101001101 0.739030023095

1001010010
0 10010100100 0.568290100582
1 10010100101 0.431709899418

10010100101
0 100101001010 0.686082158185
1 100101001011 0.313917841815

100101001011
1 001010010111 0.501171875
0 001010010110 0.498828125

001010010110
1 101101 0.760295260295
0 010100101100 0.239704739705

001010010111
1 1111 0.504911591356
0 010100101110 0.495088408644

10010100100
0 100101001000 0.495388914765
1 100101001001 0.504611085235

100101000
0 1001010000 0.0
1 1001010001 1.0

1001010001
0 10010100010 0.699634433372
1 10010100011 0.300365566628

10010100011
0 100101000110 0.0
1 100101000111 1.0

10010100010
0 100101000100 0.518538400973
1 100101000101 0.481461599027

100101000101
1 001010001011 0.29807477886
0 001010001010 0.70192522114

001010001010
1 010100010101 0.347920362705
0 010100010100 0.652079637295

010100010101
1 101000101011 0.366596952495
0 101000101010 0.633403047505

001010001011
1 010100010111 0.506129597198
0 010100010110 0.493870402802

100101001011
1 001010010111 0.501171875
0 001010010110 0.498828125

011001010011
1 110010100111 0.489059967585
0 110010100110 0.510940032415

010110010101
1 101100101011 0.356718528996
0 101100101010 0.643281471004

101011001011
1 010110010111 0.500198491465
0 010110010110 0.499801508535

010011010111
1 1111 0.504228121927
0 100110101110 0.495771878073

100110101110
1 001101011101 0.749305831019
0 001101011100 0.250694168981

001101011100
1 011010111001 1.0
0 0011010111000 0.0

001101011101
1 011010111011 0.345685547909
0 011010111010 0.654314452091

101010011011
1 110111 0.492857142857
0 010100110110 0.507142857143

101010100111
1 1111 0.500882179965
0 010101001110 0.499117820035

100101010101
1 001010101011 0.365165336374
0 001010101010 0.634834663626

010010101011
1 100101010111 0.489326077857
0 100101010110 0.510673922143

010100101011
1 101001010111 0.510180560891
0 101001010110 0.489819439109

100101001011
1 001010010111 0.501171875
0 001010010110 0.498828125

101001010011
1 010010100111 0.495894529895
0 010010100110 0.504105470105

101010010101
1 010100101011 0.36452074392
0 010100101010 0.63547925608

010101001011
1 101010010111 0.517379145026
0 101010010110 0.482620854974

110101010011
1 101010100111 0.493389423077
0 101010100110 0.506610576923

001101010101
1 011010101011 0.34797979798
0 011010101010 0.65202020202

100110101011
1 001101010111 0.520770392749
0 001101010110 0.479229607251

001101010110
1 101101 0.778565799842
0 011010101100 0.221434200158

001101010111
1 1111 0.503988397389
0 011010101110 0.496011602611

001001101011
1 010011010111 0.500104799832
0 010011010110 0.499895200168

110010011011
1 110111 0.503953989935
0 100100110110 0.496046010065

101100100111
1 1111 0.51048951049
0 1001001110 0.48951048951

1001001110
0 10010011100 0.234861043393
1 10010011101 0.765138956607

10010011101
0 100100111010 0.635824890078
1 100100111011 0.364175109922

100100111011
1 110111 0.550131233596
0 001001110110 0.449868766404

001001110110
1 101101 0.75623017671
0 010011101100 0.24376982329

10010011100
0 100100111000 0.0
1 100100111001 1.0

010101100101
1 101011001011 0.390056229654
0 101011001010 0.609943770346

001001010111
1 1111 0.520465316674
0 010010101110 0.479534683326

011001001011
1 110010010111 0.498052791
0 110010010110 0.501947209

110110010011
1 101100100111 0.500101276079
0 101100100110 0.499898723921

001101100101
1 011011001011 0.378010471204
0 011011001010 0.621989528796

010100100111
1 1111 0.506001500375
0 101001001110 0.493998499625

001010100101
1 010101001011 0.319795657727
0 010101001010 0.680204342273

100101010011
1 001010100111 0.48038329416
0 001010100110 0.51961670584

001001010101
1 010010101011 0.357844690967
0 010010101010 0.642155309033

100100101011
1 001001010111 0.505813953488
0 001001010110 0.494186046512

101001001011
1 010010010111 0.511581469649
0 010010010110 0.488418530351

101010010011
1 010100100111 0.486851851852
0 010100100110 0.513148148148

011010100101
1 110101001011 0.310660562459
0 110101001010 0.689339437541

001101010011
1 011010100111 0.483686511941
0 011010100110 0.516313488059

010011010101
1 100110101011 0.350914391731
0 100110101010 0.649085608269

101001101011
1 010011010111 0.495229357798
0 010011010110 0.504770642202

011010011011
1 110111 0.499767008388
0 110100110110 0.500232991612

100110100111
1 1111 0.510943792681
0 001101001110 0.489056207319

001101001110
1 011010011101 0.761546723953
0 011010011100 0.238453276047

010100110101
1 101001101011 0.354219485694
0 101001101010 0.645780514306

001010011011
1 110111 0.497625079164
0 010100110110 0.502374920836

100010100111
1 1111 0.504622558083
0 000101001110 0.495377441917

000101001110
1 001010011101 0.755923401493
0 001010011100 0.244076598507

010100010101
1 101000101011 0.366596952495
0 101000101010 0.633403047505

101010001011
1 010100010111 0.523783783784
0 010100010110 0.476216216216

111010100011
1 110101000111 1.0
0 1110101000110 0.0

001110101001
1 011101010011 0.521285838401
0 011101010010 0.478714161599

000111010101
1 001110101011 0.343717413973
0 001110101010 0.656282586027

100011101011
1 000111010111 0.488567469253
0 000111010110 0.511432530747

000111010110
1 101101 0.748856900931
0 001110101100 0.251143099069

000111010111
1 1111 0.508243219287
0 001110101110 0.491756780713

101000111011
1 110111 0.528905150577
0 010001110110 0.471094849423

011100101001
1 111001010011 0.375144910735
0 111001010010 0.624855089265

101110010101
1 011100101011 0.349187935035
0 011100101010 0.650812064965

010111001011
1 101110010111 0.492412140575
0 101110010110 0.507587859425

010001011101
1 100010111011 0.349332402478
0 100010111010 0.650667597522

100010111010
1 000101110101 0.395654506438
0 000101110100 0.604345493562

000101110100
1 001011101001 0.506879715934
0 001011101000 0.493120284066

000101110101
1 001011101011 0.350169491525
0 001011101010 0.649830508475

100010111011
1 110111 0.516112915314
0 000101110110 0.483887084686

000101110110
1 101101 0.738771295818
0 001011101100 0.261228704182

110100010110
1 101101 0.75200095568
0 101000101100 0.24799904432

11010001010
0 110100010100 0.646431974324
1 110100010101 0.353568025676

1101000100
0 11010001000 0.489900618569
1 11010001001 0.510099381431

11010001001
0 110100010010 0.469856321839
1 110100010011 0.530143678161

11010001000
0 110100010000 0.0
1 110100010001 1.0

001110100011
1 011101000111 1.0
0 0011101000110 0.0

010011101001
1 100111010011 0.530210772834
0 100111010010 0.469789227166

001001110101
1 010011101011 0.356335514575
0 010011101010 0.643664485425

0100111011
0 01001110110 0.478676620986
1 110111 0.521323379014

01001110110
0 010011101100 0.245486593313
1 101101 0.754513406687

101100100101
1 011001001011 0.330050505051
0 011001001010 0.669949494949

010110010011
1 101100100111 0.481401617251
0 101100100110 0.518598382749

000101100101
1 001011001011 0.400770712909
0 001011001010 0.599229287091

100100010111
1 1111 0.50270134439
0 001000101110 0.49729865561

001000101110
1 010001011101 0.744106745738
0 010001011100 0.255893254262

110100100011
1 101001000111 1.0
0 1101001000110 0.0

001101001001
1 011010010011 0.535583027063
0 011010010010 0.464416972937

100110100101
1 001101001011 0.309816662799
0 001101001010 0.690183337201

001101001010
1 011010010101 0.348688634835
0 011010010100 0.651311365165

001101001011
1 011010010111 0.487640449438
0 011010010110 0.512359550562

010011010011
1 100110100111 0.491861166136
0 100110100110 0.508138833864

100100110101
1 001001101011 0.3489576753
0 001001101010 0.6510423247

010010011011
1 110111 0.508993766696
0 100100110110 0.491006233304

100100100111
1 1111 0.510088041086
0 001001001110 0.489911958914

010100100101
1 101001001011 0.309169467115
0 101001001010 0.690830532885

001010010011
1 010100100111 0.479340308565
0 010100100110 0.520659691435

010010100101
1 100101001011 0.283166594171
0 100101001010 0.716833405829

001001010011
1 010010100111 0.490295134273
0 010010100110 0.509704865727

010010010101
1 100100101011 0.365222131371
0 100100101010 0.634777868629

001001001011
1 010010010111 0.495698484228
0 010010010110 0.504301515772

010010010011
1 100100100111 0.494583555319
0 100100100110 0.505416444681

100100100101
1 001001001011 0.319189511323
0 001001001010 0.680810488677

110010010011
1 100100100111 0.482191285482
0 100100100110 0.517808714518

011100100101
1 111001001011 0.310389055152
0 111001001010 0.689610944848

001110010011
1 011100100111 0.490315439956
0 011100100110 0.509684560044

010011100101
1 100111001011 0.398915335945
0 100111001010 0.601084664055

100010011101
1 000100111011 0.355109351433
0 000100111010 0.644890648567

000100111010
1 001001110101 0.392340301126
0 001001110100 0.607659698874

000100111011
1 110111 0.51075126095
0 001001110110 0.48924873905

001101000101
1 011010001011 0.298827059465
0 011010001010 0.701172940535

100110100011
1 001101000111 1.0
0 1001101000110 0.0

001101000111
1 1111 0.0
0 011010001110 1.0

001001101001
1 010011010011 0.533689320388
0 010011010010 0.466310679612

000100110101
1 001001101011 0.351962158374
0 001001101010 0.648037841626

100010011011
1 110111 0.501250312578
0 000100110110 0.498749687422

000100110110
1 101101 0.747806467786
0 001001101100 0.252193532214

101000100111
1 1111 0.506753106429
0 010001001110 0.493246893571

010101000101
1 101010001011 0.291173098968
0 101010001010 0.708826901032

001010100011
1 010101000111 1.0
0 0010101000110 0.0

100010101001
1 000101010011 0.523690229822
0 000101010010 0.476309770178

000101010010
1 001010100101 0.436085067459
0 001010100100 0.563914932541

000101010011
1 001010100111 0.498752079867
0 001010100110 0.501247920133

010001010101
1 100010101011 0.344683919558
0 100010101010 0.655316080442

001000101011
1 010001010111 0.498465080583
0 010001010110 0.501534919417

110010001011
1 100100010111 0.514454664915
0 100100010110 0.485545335085

101100100011
1 011001000111 1.0
0 1011001000110 0.0

111011001001
1 110110010011 0.517514124294
0 110110010010 0.482485875706

011101100101
1 111011001011 0.382254320351
0 111011001010 0.617745679649

010111010
0 0101110100 0.603752253491
1 0101110101 0.396247746509

0101110101
0 01011101010 0.648904996915
1 01011101011 0.351095003085

01011101011
0 010111010110 0.499670546892
1 010111010111 0.500329453108

01011101010
0 010111010100 0.604278074866
1 010111010101 0.395721925134

0101110100
0 01011101000 0.494761880662
1 01011101001 0.505238119338

01011101001
0 010111010010 0.464189121507
1 010111010011 0.535810878493

01011101000
0 010111010000 0.0
1 010111010001 1.0

01011100
0 010111000 0.0
1 010111001 1.0

010111001
0 0101110010 1.0
1 0101110011 0.0

0101110010
0 01011100100 0.622803872356
1 01011100101 0.377196127644

01011100101
0 010111001010 0.60329531052
1 010111001011 0.39670468948

01011100100
0 010111001000 0.493475340626
1 010111001001 0.506524659374

010110
0 0101100 0.24862490365
1 101101 0.75137509635

0101100
0 01011000 0.0
1 01011001 1.0

01011001
0 010110010 1.0
1 010110011 0.0

010110010
0 0101100100 0.627306384131
1 0101100101 0.372693615869

0101100101
0 01011001010 0.611936682281
1 01011001011 0.388063317719

01011001011
0 010110010110 0.495317377732
1 010110010111 0.504682622268

01011001010
0 010110010100 0.533456513132
1 010110010101 0.466543486868

0101100100
0 01011001000 0.495945492059
1 01011001001 0.504054507941

01011001001
0 010110010010 0.470252260828
1 010110010011 0.529747739172

01011001000
0 010110010000 0.0
1 010110010001 1.0

01010
0 010100 0.614900220371
1 010101 0.385099779629

010101
0 0101010 0.644776223289
1 0101011 0.355218805

0101011
0 01010110 0.500601836301
1 01010111 0.499398163699

01010111
0 010101110 0.490933550069
1 1111 0.509066449931

010101110
0 0101011100 0.243420677057
1 0101011101 0.756579322943

0101011101
0 01010111010 0.646042405493
1 01010111011 0.353957594507

01010111011
0 010101110110 0.506928160307
1 110111 0.493071839693

01010111010
0 010101110100 0.595655220743
1 010101110101 0.404344779257

0101011100
0 01010111000 0.0
1 01010111001 1.0

01010111001
0 010101110010 1.0
1 010101110011 0.0

01010110
0 010101100 0.250901669136
1 101101 0.749098330864

010101100
0 0101011000 0.0
1 0101011001 1.0

0101011001
0 01010110010 1.0
1 01010110011 0.0

01010110010
0 010101100100 0.623467795855
1 010101100101 0.376532204145

0101010
0 01010100 0.600914495447
1 01010101 0.399085504553

01010101
0 010101010 0.650327491933
1 010101011 0.349672508067

010101011
0 0101010110 0.505249198806
1 0101010111 0.494750801194

0101010111
0 01010101110 0.495644404735
1 1111 0.504355595265

01010101110
0 010101011100 0.245155475439
1 010101011101 0.754844524561

0101010110
0 01010101100 0.245406824147
1 101101 0.754593175853

01010101100
0 010101011000 0.0
1 010101011001 1.0

010101010
0 0101010100 0.601443893164
1 0101010101 0.398556106836

0101010101
0 01010101010 0.647409616101
1 01010101011 0.352590383899

01010101011
0 010101010110 0.494503171247
1 010101010111 0.505496828753

01010101010
0 010101010100 0.607944732297
1 010101010101 0.392055267703

0101010100
0 01010101000 0.501234933808
1 01010101001 0.498765066192

01010101001
0 010101010010 0.46934733089
1 010101010011 0.53065266911

01010101000
0 010101010000 0.0
1 010101010001 1.0

01010100
0 010101000 0.498357542473
1 010101001 0.501642457527

010101001
0 0101010010 0.47078835627
1 0101010011 0.52921164373

0101010011
0 01010100110 0.509111121852
1 01010100111 0.490888878148

01010100111
0 010101001110 0.498818432454
1 1111 0.501181567546

01010100110
0 001100 0.255957467008
1 010101001101 0.744042532992

0101010010
0 01010100100 0.570660146699
1 01010100101 0.429339853301

01010100101
0 010101001010 0.683244748165
1 010101001011 0.316755251835

01010100100
0 010101001000 0.501380557936
1 010101001001 0.498619442064

010101000
0 0101010000 0.0
1 0101010001 1.0

0101010001
0 01010100010 0.698594160358
1 01010100011 0.301405839642

01010100011
0 010101000110 0.0
1 010101000111 1.0

01010100010
0 010101000100 0.517728143889
1 010101000101 0.482271856111

010100
0 0101000 0.500711476727
1 0101001 0.499288523273

0101001
0 01010010 0.45986043292
1 01010011 0.54013956708

01010011
0 010100110 0.508780437117
1 010100111 0.491219562883

010100111
0 0101001110 0.491303530297
1 1111 0.508696469703

0101001110
0 01010011100 0.248576759317
1 01010011101 0.751423240683

01010011101
0 010100111010 0.649582988476
1 010100111011 0.350417011524

01010011100
0 010100111000 0.0
1 010100111001 1.0

010100110
0 001100 0.25824312978
1 0101001101 0.74175687022

0101001101
0 01010011010 0.639734451005
1 01010011011 0.360265548995

01010011011
0 010100110110 0.504585597826
1 110111 0.495414402174

01010011010
0 010100110100 0.603892688059
1 010100110101 0.396107311941

01010010
0 010100100 0.567846487659
1 010100101 0.432153512341

010100101
0 0101001010 0.689427934854
1 0101001011 0.310572065146

0101001011
0 01010010110 0.500454683237
1 01010010111 0.499545316763

01010010111
0 010100101110 0.499797734628
1 1111 0.500202265372

01010010110
0 010100101100 0.239450837876
1 101101 0.760549162124

0101001010
0 01010010100 0.669822485207
1 01010010101 0.330177514793

01010010101
0 010100101010 0.641163496002
1 010100101011 0.358836503998

01010010100
0 010100101000 0.489331340038
1 010100101001 0.510668659962

010100100
0 0101001000 0.499462660903
1 0101001001 0.500537339097

0101001001
0 01010010010 0.473305024095
1 01010010011 0.526694975905

01010010011
0 010100100110 0.51698523417
1 010100100111 0.48301476583

01010010010
0 010100100100 0.580040322581
1 010100100101 0.419959677419

0101001000
0 01010010000 0.0
1 01010010001 1.0

01010010001
0 010100100010 0.704217270728
1 010100100011 0.295782729272

0101000
0 01010000 0.0
1 01010001 1.0

01010001
0 010100010 0.698768733288
1 010100011 0.301231266712

010100011
0 0101000110 0.0
1 0101000111 1.0

0101000111
0 01010001110 1.0
1 1111 0.0

01010001110
0 010100011100 0.140975619826
1 010100011101 0.859024380174

010100010
0 0101000100 0.519484911319
1 0101000101 0.480515088681

0101000101
0 01010001010 0.704324474488
1 01010001011 0.295675525512

01010001011
0 010100010110 0.485687441278
1 010100010111 0.514312558722

01010001010
0 010100010100 0.647962135156
1 010100010101 0.352037864844

0101000100
0 01010001000 0.476170898003
1 01010001001 0.523829101997

01010001001
0 010100010010 0.493393943358
1 010100010011 0.506606056642

01010001000
0 010100010000 0.0
1 010100010001 1.0

010010100011
1 100101000111 1.0
0 0100101000110 0.0

000100101001
1 001001010011 0.61850802644
0 001001010010 0.38149197356

100010010101
1 000100101011 0.365728900256
0 000100101010 0.634271099744

000100101010
1 001001010101 0.388536866359
0 001001010100 0.611463133641

000100101011
1 001001010111 0.507492507493
0 001001010110 0.492507492507

010001001011
1 100010010111 0.508435056919
0 100010010110 0.491564943081

100010010110
1 101101 0.751116071429
0 000100101100 0.248883928571

000100101100
1 001001011001 1.0
0 0001001011000 0.0

100010010111
1 1111 0.501213919612
0 000100101110 0.498786080388

000100101110
1 001001011101 0.748512709573
0 001001011100 0.251487290427

110100010011
1 101000100111 0.493197463277
0 101000100110 0.506802536723

011101000101
1 111010001011 0.302915646561
0 111010001010 0.697084353439

001110100011
1 011101000111 1.0
0 0011101000110 0.0

100011101001
1 000111010011 0.627209267786
0 000111010010 0.372790732214

000111010010
1 001110100101 0.423585657371
0 001110100100 0.576414342629

000111010011
1 001110100111 0.189817665167
0 001110100110 0.810182334833

001110100110
1 011101001101 0.270612896786
0 001100 0.729387103214

010001110101
1 100011101011 0.387631773316
0 100011101010 0.612368226684

001000111011
1 110111 0.528941275521
0 010001110110 0.471058724479

010111001001
1 101110010011 0.530592915325
0 101110010010 0.469407084675

001011100101
1 010111001011 0.394551282051
0 010111001010 0.605448717949

011001011101
1 110010111011 0.340901719105
0 110010111010 0.659098280895

00110010110
0 001100101100 0.255820721769
1 101101 0.744179278231

001100101100
1 011001011001 1.0
0 0011001011000 0.0

0011001010
0 00110010100 0.524280911468
1 00110010101 0.475719088532

00110010101
0 001100101010 0.659010600707
1 001100101011 0.340989399293

001100101011
1 011001010111 0.481865284974
0 011001010110 0.518134715026

001100101010
1 011001010101 0.382782246053
0 011001010100 0.617217753947

00110010100
0 001100101000 0.503740648379
1 001100101001 0.496259351621

001100101001
1 011001010011 0.372218234027
0 011001010010 0.627781765973

001100101000
1 011001010001 1.0
0 0011001010000 0.0

001100100
0 0011001000 0.479324131088
1 0011001001 0.520675868912

0011001001
0 00110010010 0.402701490864
1 00110010011 0.597298509136

00110010011
0 001100100110 0.456788965
1 001100100111 0.543211035

001100100111
1 1111 0.464501641043
0 011001001110 0.535498358957

001100100110
1 011001001101 0.750410846343
0 001100 0.249589153657

00110010010
0 001100100100 0.567849686848
1 001100100101 0.432150313152

001100100101
1 011001001011 0.323349436393
0 011001001010 0.676650563607

001100100100
1 011001001001 0.504901960784
0 011001001000 0.495098039216

0011001000
0 00110010000 0.0
1 00110010001 1.0

00110010001
0 001100100010 0.697899543379
1 001100100011 0.302100456621

001100100011
1 011001000111 1.0
0 0011001000110 0.0

001100100010
1 011001000101 0.473261798831
0 011001000100 0.526738201169

010001001101
1 100010011011 0.360643910358
0 100010011010 0.639356089642

001000100111
1 1111 0.508540630182
0 010001001110 0.491459369818

101001000101
1 010010001011 0.292626394321
0 010010001010 0.707373605679

010100100011
1 101001000111 1.0
0 0101001000110 0.0

000101001001
1 001010010011 0.518848653668
0 001010010010 0.481151346332

100010100101
1 000101001011 0.299578553032
0 000101001010 0.700421446968

000101001010
1 001010010101 0.317733578472
0 001010010100 0.682266421528

000101001011
1 001010010111 0.493161391168
0 001010010110 0.506838608832

010001010011
1 100010100111 0.493121902874
0 100010100110 0.506878097126

100100010101
1 001000101011 0.371029836381
0 001000101010 0.628970163619

010010001011
1 100100010111 0.518794098781
0 100100010110 0.481205901219

100100100011
1 001001000111 1.0
0 1001001000110 0.0

001001001001
1 010010010011 0.530909090909
0 010010010010 0.469090909091

000100100101
1 001001001011 0.339704069051
0 001001001010 0.660295930949

100010010011
1 000100100111 0.490594695642
0 000100100110 0.509405304358

000100100110
1 001001001101 0.737155963303
0 001100 0.262844036697

000100100111
1 1111 0.49487973327
0 001001001110 0.50512026673

001000100101
1 010001001011 0.321342925659
0 010001001010 0.678657074341

100100010011
1 001000100111 0.488791727393
0 001000100110 0.511208272607

111001000101
1 110010001011 0.298245614035
0 110010001010 0.701754385965

011100100011
1 111001000111 1.0
0 0111001000110 0.0

000111001001
1 001110010011 0.542345071311
0 001110010010 0.457654928689

100011100101
1 000111001011 0.396124628427
0 000111001010 0.603875371573

000111001010
1 001110010101 0.479489516864
0 001110010100 0.520510483136

000111001011
1 001110010111 0.511673151751
0 001110010110 0.488326848249

000100011101
1 001000111011 0.211586718551
0 001000111010 0.788413281449

010010001001
1 100100010011 0.504616030214
0 100100010010 0.495383969786

001001000101
1 010010001011 0.303213824289
0 010010001010 0.696786175711

000100100011
1 001001000111 1.0
0 0001001000110 0.0

010001001001
1 100010010011 0.533038550165
0 100010010010 0.466961449835

101000100101
1 010001001011 0.308571861275
0 010001001010 0.691428138725

010100010011
1 101000100111 0.488025305016
0 101000100110 0.511974694984

000101000101
1 001010001011 0.295702414957
0 001010001010 0.704297585043

100010100011
1 000101000111 1.0
0 1000101000110 0.0

000101000111
1 1111 0.0
0 001010001110 1.0

001000101001
1 010001010011 0.568255578093
0 010001010010 0.431744421907

000100010101
1 001000101011 0.367318757192
0 001000101010 0.632566168009

100010001011
1 000100010111 0.521670825247
0 000100010110 0.478329174753

000100010110
1 101101 0.759273570325
0 001000101100 0.240726429675

000100010111
1 1111 0.506288751107
0 001000101110 0.493711248893

001000100011
1 010001000111 1.0
0 0010001000110 0.0

100010001001
1 000100010011 0.502014624683
0 000100010010 0.497985375317

000100010010
1 001000100101 0.413345320148
0 001000100100 0.586654679852

000100010011
1 001000100111 0.497126436782
0 001000100110 0.502873563218

010001000101
1 100010001011 0.301420612813
0 100010001010 0.698579387187

101000100011
1 010001000111 1.0
0 1010001000110 0.0

001010001001
1 010100010011 0.508141527914
0 010100010010 0.491858472086

100101000101
1 001010001011 0.29807477886
0 001010001010 0.70192522114

110010100011
1 100101000111 1.0
0 1100101000110 0.0

101100101001
1 011001010011 0.375196643943
0 011001010010 0.624803356057

110110010101
1 101100101011 0.364125560538
0 101100101010 0.635874439462

111011001011
1 110110010111 0.508339952343
0 110110010110 0.491660047657

111101100100
1 111011001001 0.504959630911
0 111011001000 0.495040369089

1111010
0 11110100 0.601296883931
1 11110101 0.398703116069

11110101
0 111101010 0.648697414603
1 111101011 0.351302585397

111101011
0 1111010110 0.496798705411
1 1111010111 0.503201294589

1111010111
0 11110101110 0.493708053691
1 1111 0.506291946309

11110101110
0 111101011100 0.252053242707
1 111101011101 0.747946757293

111101011101
1 111010111011 0.341537296479
0 111010111010 0.658462703521

111101011100
1 111010111001 1.0
0 1111010111000 0.0

1111010110
0 11110101100 0.250672709248
1 101101 0.749327290752

11110101100
0 111101011000 0.0
1 111101011001 1.0

111101011001
1 1111010110011 0.0
0 111010110010 1.0

111101010
0 1111010100 0.599390360069
1 1111010101 0.400609639931

1111010101
0 11110101010 0.647993151988
1 11110101011 0.352006848012

11110101011
0 111101010110 0.503917860038
1 111101010111 0.496082139962

111101010111
1 1111 0.516339869281
0 111010101110 0.483660130719

111101010110
1 101101 0.742627345845
0 111010101100 0.257372654155

11110101010
0 111101010100 0.60105680317
1 111101010101 0.39894319683

111101010101
1 111010101011 0.358351729213
0 111010101010 0.641648270787

111101010100
1 111010101001 0.502564102564
0 111010101000 0.497435897436

1111010100
0 11110101000 0.498188290636
1 11110101001 0.501811709364

11110101001
0 111101010010 0.462503166962
1 111101010011 0.537496833038

111101010011
1 111010100111 0.484798491633
0 111010100110 0.515201508367

111101010010
1 111010100101 0.423445631334
0 111010100100 0.576554368666

11110101000
0 111101010000 0.0
1 111101010001 1.0

111101010001
1 111010100011 0.305346433584
0 111010100010 0.694653566416

11110100
0 111101000 0.500180280582
1 111101001 0.499819719418

111101001
0 1111010010 0.469783913172
1 1111010011 0.530216086828

1111010011
0 11110100110 0.504143475572
1 11110100111 0.495856524428

11110100111
0 111101001110 0.478672985782
1 1111 0.521327014218

111101001110
1 111010011101 0.757946847316
0 111010011100 0.242053152684

11110100110
0 001100 0.256746810599
1 111101001101 0.743253189401

111101001101
1 111010011011 0.367552401386
0 111010011010 0.632447598614

1111010010
0 11110100100 0.569833182104
1 11110100101 0.430166817896

11110100101
0 111101001010 0.677105305858
1 111101001011 0.322894694142

111101001011
1 111010010111 0.515075376884
0 111010010110 0.484924623116

111101001010
1 111010010101 0.34363767074
0 111010010100 0.65636232926

11110100100
0 111101001000 0.500979911808
1 111101001001 0.499020088192

111101001001
1 111010010011 0.534609720177
0 111010010010 0.465390279823

111101001000
1 111010010001 1.0
0 1111010010000 0.0

111101000
0 1111010000 0.0
1 1111010001 1.0

1111010001
0 11110100010 0.698646744651
1 11110100011 0.301353255349

11110100011
0 111101000110 0.0
1 111101000111 1.0

111101000111
1 1111 0.0
0 111010001110 1.0

11110100010
0 111101000100 0.519791764375
1 111101000101 0.480208235625

111101000101
1 111010001011 0.306865904874
0 111010001010 0.693134095126

111101000100
1 11010001001 0.511865018497
0 111010001000 0.488134981503

111100
0 1111000 0.0
1 1111001 1.0

1111001
0 11110010 1.0
1 11110011 0.0

11110010
0 111100100 0.622627182992
1 111100101 0.377372817008

111100101
0 1111001010 0.609348398081
1 1111001011 0.390651601919

1111001011
0 11110010110 0.501452720549
1 11110010111 0.498547279451

11110010111
0 111100101110 0.485298013245
1 1111 0.514701986755

111100101110
1 111001011101 0.752183406114
0 111001011100 0.247816593886

11110010110
0 111100101100 0.241769818278
1 101101 0.758230181722

111100101100
1 111001011001 1.0
0 1111001011000 0.0

1111001010
0 11110010100 0.527220387774
1 11110010101 0.472779612226

11110010101
0 111100101010 0.650250716332
1 111100101011 0.349749283668

111100101011
1 111001010111 0.512032770097
0 111001010110 0.487967229903

111100101010
1 111001010101 0.393004681906
0 111001010100 0.606995318094

11110010100
0 111100101000 0.508270435202
1 111100101001 0.491729564798

111100101001
1 111001010011 0.377204441541
0 111001010010 0.622795558459

111100101000
1 111001010001 1.0
0 1111001010000 0.0

111100100
0 1111001000 0.496654158849
1 1111001001 0.503345841151

1111001001
0 11110010010 0.473131639436
1 11110010011 0.526868360564

11110010011
0 111100100110 0.509609715835
1 111100100111 0.490390284165

111100100111
1 1111 0.502524645347
0 111001001110 0.497475354653

111100100110
1 111001001101 0.734844979176
0 001100 0.265155020824

11110010010
0 111100100100 0.573135504202
1 111100100101 0.426864495798

111100100101
1 111001001011 0.318055982775
0 111001001010 0.681944017225

111100100100
1 111001001001 0.484994272623
0 111001001000 0.515005727377

1111001000
0 11110010000 0.0
1 11110010001 1.0

11110010001
0 111100100010 0.696153119688
1 111100100011 0.303846880312

111100100011
1 111001000111 1.0
0 1111001000110 0.0

111100100010
1 111001000101 0.485393868138
0 111001000100 0.514606131862

1101110
0 11011100 0.24784875521
1 11011101 0.75215124479

11011101
0 110111010 0.645618692455
1 110111011 0.354381307545

110111011
0 1101110110 0.496730083234
1 110111 0.503269916766

1101110110
0 11011101100 0.245601436266
1 101101 0.754398563734

11011101100
0 110111011000 0.0
1 110111011001 1.0

110111011001
1 1101110110011 0.0
0 101110110010 1.0

110111010
0 1101110100 0.60092027543
1 1101110101 0.39907972457

1101110101
0 11011101010 0.644615258811
1 11011101011 0.355384741189

11011101011
0 110111010110 0.494247583985
1 110111010111 0.505752416015

110111010111
1 1111 0.517743403094
0 101110101110 0.482256596906

110111010110
1 101101 0.743482309125
0 101110101100 0.256517690875

11011101010
0 110111010100 0.596219713307
1 110111010101 0.403780286693

110111010101
1 101110101011 0.353440150801
0 101110101010 0.646559849199

110111010100
1 101110101001 0.506170212766
0 101110101000 0.493829787234

1101110100
0 11011101000 0.50146627566
1 11011101001 0.49853372434

11011101001
0 110111010010 0.464814814815
1 110111010011 0.535185185185

110111010011
1 101110100111 0.484632607368
0 101110100110 0.515367392632

110111010010
1 101110100101 0.419264119991
0 101110100100 0.580735880009

11011101000
0 110111010000 0.0
1 110111010001 1.0

110111010001
1 101110100011 0.296946068876
0 101110100010 0.703053931124

11011100
0 110111000 0.0
1 110111001 1.0

110111001
0 1101110010 1.0
1 1101110011 0.0

1101110010
0 11011100100 0.626086956522
1 11011100101 0.373913043478

11011100101
0 110111001010 0.604822161423
1 110111001011 0.395177838577

110111001011
1 101110010111 0.498052791
0 101110010110 0.501947209

110111001010
1 101110010101 0.469607011592
0 101110010100 0.530392988408

11011100100
0 110111001000 0.501838235294
1 110111001001 0.498161764706

110111001001
1 101110010011 0.522755227552
0 101110010010 0.477244772448

110111001000
1 101110010001 1.0
0 1101110010000 0.0

10110110
0 101101100 0.246632154833
1 101101 0.753367845167

101101100
0 1011011000 0.0
1 1011011001 1.0

1011011001
0 10110110010 1.0
1 10110110011 0.0

10110110010
0 101101100100 0.62098986285
1 101101100101 0.37901013715

101101100101
1 011011001011 0.37853996224
0 011011001010 0.62146003776

101101100100
1 011011001001 0.505473401191
0 011011001000 0.494526598809

1011010
0 10110100 0.601748044845
1 10110101 0.398251955155

10110101
0 101101010 0.646085577174
1 101101011 0.353914422826

101101011
0 1011010110 0.495631453535
1 1011010111 0.504368546465

1011010111
0 10110101110 0.499662542182
1 1111 0.500337457818

10110101110
0 101101011100 0.256416028816
1 101101011101 0.743583971184

101101011101
1 011010111011 0.346351801393
0 011010111010 0.653648198607

101101011100
1 011010111001 1.0
0 1011010111000 0.0

1011010110
0 10110101100 0.245306776557
1 101101 0.754693223443

10110101100
0 101101011000 0.0
1 101101011001 1.0

101101011001
1 1011010110011 0.0
0 011010110010 1.0

101101010
0 1011010100 0.606489107126
1 1011010101 0.393510892874

1011010101
0 10110101010 0.64681724846
1 10110101011 0.35318275154

10110101011
0 101101010110 0.497316636852
1 101101010111 0.502683363148

101101010111
1 1111 0.51334519573
0 011010101110 0.48665480427

101101010110
1 101101 0.747751798561
0 011010101100 0.252248201439

10110101010
0 101101010100 0.596214896215
1 101101010101 0.403785103785

101101010101
1 011010101011 0.355609313577
0 011010101010 0.644390686423

101101010100
1 011010101001 0.491296334221
0 011010101000 0.508703665779

1011010100
0 10110101000 0.49807840123
1 10110101001 0.50192159877

10110101001
0 101101010010 0.466462480858
1 101101010011 0.533537519142

101101010011
1 011010100111 0.488327592805
0 011010100110 0.511672407195

101101010010
1 011010100101 0.430509958415
0 011010100100 0.569490041585

10110101000
0 101101010000 0.0
1 101101010001 1.0

101101010001
1 011010100011 0.302263374486
0 011010100010 0.697736625514

10110100
0 101101000 0.496644562863
1 101101001 0.503355437137

101101001
0 1011010010 0.468583346534
1 1011010011 0.531416653466

1011010011
0 10110100110 0.50782453177
1 10110100111 0.49217546823

10110100111
0 101101001110 0.47632986777
1 1111 0.52367013223

101101001110
1 011010011101 0.753549480822
0 011010011100 0.246450519178

10110100110
0 001100 0.25709254549
1 101101001101 0.74290745451

101101001101
1 011010011011 0.352910192257
0 011010011010 0.647089807743

1011010010
0 10110100100 0.571863203561
1 10110100101 0.428136796439

10110100101
0 101101001010 0.680879063035
1 101101001011 0.319120936965

101101001011
1 011010010111 0.509278350515
0 011010010110 0.490721649485

101101001010
1 011010010101 0.334170854271
0 011010010100 0.665829145729

10110100100
0 101101001000 0.505418719212
1 101101001001 0.494581280788

101101001001
1 011010010011 0.530478087649
0 011010010010 0.469521912351

101101001000
1 011010010001 1.0
0 1011010010000 0.0

101101000
0 1011010000 0.0
1 1011010001 1.0

1011010001
0 10110100010 0.701656275921
1 10110100011 0.298343724079

10110100011
0 101101000110 0.0
1 101101000111 1.0

101101000111
1 1111 0.0
0 011010001110 1.0

10110100010
0 101101000100 0.515654196698
1 101101000101 0.484345803302

101101000101
1 011010001011 0.303047004173
0 011010001010 0.696952995827

101101000100
1 011010001001 0.519006064192
0 011010001000 0.480993935808

110111
0 1101110 0.496319076308
1 1111 0.503680923692

001100
0 0011000 0.0
1 0011001 1.0

1111
0 11110 0.49535448947
1 1111 0.50464551053

