1100100
1 1001001 0.213005225905
0 1001000 0.786994774095

1110000
1 1100001 0.19578153538
0 1100000 0.80421846462

1101000
1 0010001 0.205214199835
0 1010000 0.794785800165

0110010
1 0100101 0.225405855418
0 1100100 0.774594144582

0111000
1 0110001 0.214758629556
0 1110000 0.785241370444

0110100
1 0101001 0.227309236948
0 1101000 0.772690763052

0101100
1 0011001 0.236364857603
0 1011000 0.763635142397

0101010
1 0010101 0.238132240746
0 1010100 0.761867759254

0011100
1 0111001 0.241617357002
0 0111000 0.758382642998

01001
1 010011 0.215463103958
0 010010 0.784536896042

0000101
1 1001011 0.207743308505
0 1001010 0.792256691495

0000011
1 0000111 0.212160434145
0 1000110 0.787839565855

010010
1 0100101 0.197721863312
0 0100100 0.802278136688

1100001
1 1000011 0.223449122
0 1000010 0.776550878

1100010
1 0100101 0.212929119186
0 1000100 0.787070880814

1011000
1 0110001 0.211188992731
0 0110000 0.788811007269

1010100
1 0101001 0.215287757476
0 0101000 0.784712242524

1001100
1 0011001 0.225844571111
0 0011000 0.774155428889

1001010
1 0010101 0.232733944954
0 0010100 0.767266055046

0010001
1 0100011 0.195262461087
0 0100010 0.804737538913

1001001
1 010011 0.238863056847
0 0010010 0.761136943153

1000110
1 1001101 0.240178180225
0 0001100 0.759821819775

1110010
1 0100101 0.254058135145
0 1100100 0.745941864855

1110100
1 0101001 0.244992022691
0 1101000 0.755007977309

1101100
1 0011001 0.25726369989
0 1011000 0.74273630011

0010110
1 0101101 0.2492036103
0 0101100 0.7507963897

1101010
1 0010101 0.251027196243
0 1010100 0.748972803757

0110001
1 0100011 0.243190094683
0 1100010 0.756809905317

0011010
1 0110101 0.243302053584
0 0110100 0.756697946416

1011100
1 0111001 0.264313151637
0 0111000 0.735686848363

0101001
1 010011 0.244775009297
0 010010 0.755224990703

0100101
1 1001011 0.25852679851
0 1001010 0.74147320149

0100110
1 1001101 0.242464694724
0 1001100 0.757535305276

1000011
1 0000111 0.262744799207
0 1000110 0.737255200793

0011001
1 0110011 0.244899380266
0 0110010 0.755100619734

0111010
1 0110101 0.273816314889
0 1110100 0.726183685111

0011110
1 0111101 0.287237643873
0 0111100 0.712762356127

0101101
1 1011011 0.290366614665
0 0011010 0.709633385335

0010101
1 0101011 0.258719737382
0 0101010 0.741280262618

1001110
1 0011101 0.279483037157
0 0011100 0.720516962843

0111100
1 1111001 0.263068854678
0 0111000 0.736931145322

0100011
1 0100111 0.257032424307
0 1000110 0.742967575693

0110110
1 1101101 0.290153500562
0 1101100 0.709846499438

0110101
1 0101011 0.278565640194
0 1101010 0.721434359806

0101110
1 0011101 0.279026907482
0 1011100 0.720973092518

010011
1 0100111 0.265772504514
0 0100110 0.734227495486

1001011
1 0010111 0.286033292732
0 0010110 0.713966707268

0111101
1 0111011 0.291029350971
0 0111010 0.708970649029

0111001
1 1110011 0.2765625
0 1110010 0.7234375

1001101
1 0011011 0.289118515394
0 0011010 0.710881484606

0000111
1 1001111 0.282413651557
0 1001110 0.717586348443

0110011
1 1100111 0.289414182939
0 0100110 0.710585817061

1011011
1 0110111 0.278317152104
0 0110110 0.721682847896

1011110
1 0111101 0.298100743187
0 0111100 0.701899256813

1101101
1 1011011 0.30566893424
0 0011010 0.69433106576

0101011
1 0010111 0.3029296875
0 0010110 0.6970703125

0011101
1 0111011 0.299722479186
0 0111010 0.700277520814

0111110
1 0011101 0.308032128514
0 0111100 0.691967871486

0111011
1 0010111 0.323324630113
0 0110110 0.676675369887

1111001
1 1110011 0.296557811121
0 1110010 0.703442188879

0100111
1 1001111 0.301630434783
0 1001110 0.698369565217

0010111
1 0101111 0.313213420962
0 0101110 0.686786579038

1110011
1 1100111 0.311302681992
0 0100110 0.688697318008

0011011
1 0110111 0.297734026746
0 0110110 0.702265973254

1001111
1 0011111 0.321523472099
0 0011110 0.678476527901

0101111
1 0011111 0.324011186576
0 1011110 0.675988813424

0100100
1 1001001 0.178604224059
0 1001000 0.821395775941

1000001
1 0000011 0.182106586711
0 0000010 0.817893413289

1000010
1 0000101 0.17395844989
0 0000100 0.82604155011

1000100
1 1001001 0.171233366719
0 0001000 0.828766633281

1001000
1 0010001 0.161185393162
0 0010000 0.838814606838

0110000
1 1100001 0.161307992365
0 1100000 0.838692007635

0101000
1 0010001 0.168325822867
0 1010000 0.831674177133

0010010
1 0100101 0.190116074569
0 0100100 0.809883925431

0100001
1 1000011 0.190097571875
0 1000010 0.809902428125

0100010
1 0100101 0.182942353155
0 1000100 0.817057646845

0011000
1 0110001 0.178872061058
0 0110000 0.821127938942

0010100
1 0101001 0.180068187779
0 0101000 0.819931812221

0001100
1 0011001 0.189812442349
0 0011000 0.810187557651

1100111
1 1001111 0.342079689018
0 1001110 0.657920310982

0110111
1 0101111 0.334693877551
0 0101110 0.665306122449

0011111
1 0011111 0.339034587609
0 0111110 0.660965412391

0000001
1 0000011 0.118582609242
0 0000010 0.881417390758

0000010
1 0000101 0.115284039274
0 0000100 0.884715960726

0000100
1 1001001 0.110621102678
0 0001000 0.889378897322

0001000
1 0010001 0.105877368226
0 0010000 0.894122631774

0100000
1 1000001 0.0943415140532
0 1000000 0.905658485947

0010000
1 0100001 0.100401806544
0 0100000 0.899598193456

1000000
1 0000001 0.0881870376672
0 0000000 0.911812962333

1100000
1 1000001 0.145612914284
0 1000000 0.854387085716

1010000
1 0100001 0.153455866708
0 0100000 0.846544133292

0000000
1 0000001 0.00937130660711
0 0000000 0.990628671117

