0
1 01 0.0100317946419
0 0 0.989968103331

1111000
1 01 0.0133060388946
0 0110000 0.986693961105

1001100
1 011001 0.010764262648
0 0 0.989235737352

1000011
1 0111 0.0121145374449
0 0 0.987885462555

1100110
1 01101 0.0127523910733
0 1001100 0.987247608927

011
1 0111 0.0101398423595
0 0110 0.98986015764

0110
1 01101 0.0103361828045
0 01100 0.989663817195

1101100
1 011001 0.011011011011
0 1011000 0.988988988989

01100
1 011001 0.00970702435581
0 011000 0.990292975644

0110000
1 1100001 0.00949132433635
0 1100000 0.990508675664

1011000
1 0110001 0.0111336032389
0 0 0.988866396761

011000
1 0110001 0.0103263547444
0 0110000 0.989673645256

0111100
1 1111001 0.0122448979592
0 1111000 0.987755102041

0110011
1 1100111 0.00641711229947
0 1100110 0.993582887701

0110110
1 1101101 0.009
0 1101100 0.991

011110
1 0111101 0.0080971659919
0 0111100 0.991902834008

011011
1 0111101 0.00596421471173
0 0110110 0.994035785288

01111
1 011111 0.00902708124373
0 011110 0.990972918756

1100000
1 1000001 0.00999385970484
0 0 0.990006140295

1100011
1 0111 0.0110220440882
0 1000110 0.988977955912

1111
1 11111 0.0177339901478
0 011110 0.982266009852

1100001
1 1000011 1.0

01
1 011 1.0

011001
1 0110011 1.0

01101
1 011011 1.0

0111
1 01111 1.0

0110001
1 1100011 1.0

1111001
1 1110011 1.0

1101101
1 1011011 1.0

1100111
1 1001111 1.0

0111101
1 1111011 1.0

011111
1 0111111 1.0

1000001
1 e 1.0

1110011
0 0 1.0

1110110
0 01100 1.0

1011011
0 0110110 1.0

1001111
0 011110 1.0

1111011
0 1110110 1.0

0111111
0 1111110 1.0

1111110
0 1111100 1.0

1111100
0 e 1.0

1000110
1 01101 0.00506585612969
0 0 0.99493414387

11
1 111 0.0200524233334
0 0110 0.979947576667

e
1 1 0.0198663
0 0 0.9801337

111
1 1111 0.504473161034
0 011110 0.495526838966

11111
1 0111111 0.5
0 1111110 0.5

1
1 11 0.505061335025
0 0110 0.494938664975

