10100
1 101001 0.499072570493
0 101000 0.500925119596

1010100
1 101001 0.496586155714
0 000 0.503413844286

010100
1 0101001 0.498642258849
0 000 0.501354363685

0100
1 01001 0.49927214563
0 01000 0.500727149426

0000100
1 01001 0.498498449948
0 00 0.501501550052

0010100
1 0101001 0.500703368051
0 1000 0.499289868795

000100
1 001001 0.498674170241
0 000 0.501325829759

00100
1 001001 0.499359296291
0 001000 0.500640703709

1011100
1 1001 0.4966143242
0 00 0.5033856758

100
1 1001 0.499471033475
0 1000 0.50052839866

1100000
1 000001 0.497653678239
0 1000000 0.502346321761

1000000
1 000001 0.498814887188
0 00000 0.501185112812

1110000
1 00001 0.500700360513
0 1100000 0.499299639487

0000
1 00001 0.499902678161
0 00000 0.500097321839

00000
1 000001 0.498919485245
0 000000 0.501080514755

000000
1 000001 0.499184869737
0 000 0.500815130263

0010000
1 0100001 0.500515336828
0 000 0.499484663172

100000
1 1000001 0.498652951261
0 1000000 0.501347048739

111000
1 110001 0.497623607042
0 1110000 0.502376392958

101000
1 10001 0.499868578201
0 0000 0.500131421799

0110000
1 100001 0.501783647145
0 1100000 0.498216352855

110000
1 1100001 0.501234309136
0 1100000 0.498765690864

1101000
1 010001 0.499839223596
0 0000 0.500160776404

000
1 0001 0.49936405401
0 0000 0.50063594599

01000
1 010001 0.498993394415
0 0010000 0.501006605585

001000
1 0001 0.498608772132
0 0010000 0.501391227868

0011000
1 0110001 0.499353902655
0 0110000 0.500646097345

1111000
1 10001 0.494311683621
0 110000 0.505688316379

00
1 001 0.499417481455
0 000 0.500582234943

11000
1 110001 0.498121124637
0 110000 0.501878875363

1011000
1 110001 0.497842047822
0 000 0.502157952178

10000
1 100001 0.500886253896
0 100000 0.499113746104

1000
1 10001 0.49882405797
0 10000 0.50117594203

1100100
1 001 0.498777251678
0 1001000 0.501222748322

1001000
1 0001 0.498279553293
0 10000 0.501720446707

0110100
1 1101001 0.500147043378
0 101000 0.499852956622

110100
1 1101001 0.500003653982
0 1101000 0.499996346018

0100100
1 1001001 0.50035329982
0 01000 0.49964670018

111100
1 1111001 0.501679764833
0 1111000 0.498320235167

0111100
1 1111001 0.501158395318
0 11000 0.498841604682

1110100
1 1101001 0.499675691258
0 1000 0.500324308742

100100
1 1001001 0.500045698362
0 1001000 0.499954301638

1101100
1 1011001 0.499969409605
0 00 0.500030590395

101100
1 1011001 0.502031842492
0 1011000 0.497968157508

11100
1 111001 0.499185394881
0 111000 0.500814605119

011100
1 0111001 0.498590360066
0 000 0.501409639934

1111100
1 111001 0.502184695324
0 1111000 0.497815304676

0011100
1 111001 0.499416533907
0 11000 0.500583466093

001100
1 0011001 0.500876924992
0 0011000 0.499123075008

0001100
1 0011001 0.501766624388
0 00 0.498233375612

1100
1 0011001 0.500294952516
0 11000 0.499705047484

0101100
1 0011001 0.502553547109
0 1011000 0.497446452891

0100110
1 1001101 0.498218083982
0 00 0.501781916018

1110110
1 0101101 0.505152048253
0 00 0.494847951747

00110
1 001101 0.49932584015
0 001100 0.50067415985

1000110
1 001101 0.5
0 1100 0.5

100110
1 1001101 0.498633926243
0 1100 0.501366073757

110110
1 0101101 0.503010216492
0 1101100 0.496989783508

10110
1 0101101 0.50200524069
0 101100 0.49799475931

0110
1 01101 0.500610457401
0 001100 0.499389542599

000110
1 0001101 0.500016986196
0 0001100 0.499983013804

0000110
1 01101 0.500034057626
0 0001100 0.499965942374

0010110
1 0101101 0.501396773903
0 0101100 0.498603226097

1010011
1 0100111 0.502023453668
0 0100110 0.497976546332

0010011
1 0100111 0.498801202861
0 00110 0.501198797139

10011
1 0100111 0.499591544981
0 100110 0.500408455019

1100011
1 1000111 0.49463185685
0 00110 0.50536814315

0000011
1 000111 0.502297229677
0 00110 0.497702770323

100011
1 1000111 0.498629454274
0 1000110 0.501370545726

0011
1 00111 0.499919257738
0 00110 0.500080742262

1000011
1 000111 0.501428603568
0 0110 0.498571396432

00011
1 000111 0.500246178573
0 000110 0.499753821427

000011
1 000111 0.501860544025
0 0000110 0.498139455975

1110011
1 1100111 0.497333562704
0 00110 0.502666437296

110011
1 1100111 0.498777363763
0 0110 0.501222636237

0011011
1 0110111 0.502651839179
0 110110 0.497348160821

011011
1 0110111 0.49835958975
0 10110 0.50164041025

1011011
1 0110111 0.493741563382
0 0110 0.506258436618

0011110
1 0111101 0.498424665241
0 111100 0.501575334759

011110
1 0111101 0.499756008296
0 0111100 0.500243991704

001010
1 0010101 0.499431248815
0 0010100 0.500568751185

1011110
1 0111101 0.501332090049
0 11100 0.498667909951

001111
1 0011111 0.498900479278
0 0011110 0.501099520722

0001111
1 0011111 0.501264968797
0 011110 0.498735031203

101001
1 1010011 0.201289474537
0 1010010 0.798710525463

01001
1 1010011 0.200385742767
0 0010010 0.799614257233

0101001
1 1010011 0.200029802625
0 10010 0.799970197375

001001
1 0010011 0.199989434888
0 0010010 0.800010565112

1001
1 10011 0.200411797276
0 10010 0.799588202724

000001
1 0000011 0.1994085685
0 000010 0.8005914315

0100001
1 0011 0.200903377848
0 000010 0.799096622152

00001
1 000011 0.200148501291
0 000010 0.799851498709

1000001
1 0011 0.200047296806
0 00010 0.799952703194

0110001
1 1100011 0.199178108224
0 100010 0.800821891776

10001
1 100011 0.200798773637
0 100010 0.799201226363

001
1 0011 0.200442367318
0 0010 0.799557632682

110001
1 1100011 0.199976535461
0 1100010 0.800023464539

010001
1 1000011 0.200996504335
0 00010 0.799003495665

0001
1 00011 0.200472872782
0 00010 0.799527127218

100001
1 1000011 0.200885815651
0 1010010 0.799114184349

1100001
1 000011 0.200813102567
0 1010010 0.799186897433

1111001
1 0011 0.202989536622
0 0110010 0.797010463378

1101001
1 0011 0.204007658691
0 0010010 0.795992341309

1001001
1 0011 0.199884647566
0 10010 0.800115352434

1011001
1 110011 0.197859515316
0 0010 0.802140484684

111001
1 1110011 0.201830933753
0 1110010 0.798169066247

0111001
1 1110011 0.201552835144
0 10010 0.798447164856

0011001
1 110011 0.20040211449
0 0110010 0.79959788551

001101
1 0011011 0.198947117621
0 0011010 0.801052882379

1001101
1 011011 0.198617679156
0 0011010 0.801382320844

0001101
1 0011011 0.199275280263
0 011010 0.800724719737

01101
1 011011 0.199308402847
0 011010 0.800691597153

0101101
1 1011011 0.200076840326
0 011010 0.799923159674

0100111
1 001111 0.199813903653
0 1001110 0.800186096347

1000111
1 001111 0.201581027668
0 0001110 0.798418972332

000111
1 0001111 0.201224064982
0 0001110 0.798775935018

00111
1 001111 0.201009866315
0 001110 0.798990133685

1100111
1 01111 0.204855842185
0 1001110 0.795144157815

0111
1 01111 0.219420776059
0 01110 0.780579223941

0110111
1 1101111 0.205918984639
0 1101110 0.794081015361

0111101
1 1111011 0.198401074088
0 1111010 0.801598925912

010101
1 011 0.219731291647
0 0101010 0.780268708353

0010101
1 011 0.198401616008
0 010 0.801598383992

1101
1 11011 0.221083246282
0 1111010 0.778916753718

0011111
1 0111111 0.20066681736
0 0111110 0.79933318264

000010
1 00101 0.29977754633
0 0000100 0.70022245367

00010
1 000101 0.300039732092
0 000100 0.699960267908

100010
1 000101 0.300303368356
0 00100 0.699696631644

0010
1 00101 0.29997762792
0 00100 0.70002237208

1100010
1 000101 0.302053086963
0 100 0.697946913037

1010010
1 00101 0.30020803514
0 100 0.69979196486

1110010
1 100101 0.298774740811
0 1100100 0.701225259189

0110010
1 00101 0.297994058649
0 1100100 0.702005941351

0010010
1 100101 0.300319488818
0 0100100 0.699680511182

10010
1 100101 0.29991539703
0 100100 0.70008460297

100101
1 1001011 0.301072414022
0 001010 0.698927585978

000101
1 0001011 0.300230793969
0 001010 0.699769206031

00101
1 001011 0.300651087909
0 001010 0.699348912091

0011010
1 0110101 0.300337091383
0 10100 0.699662908617

011010
1 0110101 0.299509266548
0 0110100 0.700490733452

1001110
1 0011101 0.299153192578
0 100 0.700846807422

0001110
1 0011101 0.302873652754
0 11100 0.697126347246

001110
1 0011101 0.30101639135
0 0011100 0.69898360865

1001011
1 0010111 0.299288233812
0 10110 0.700711766188

0001011
1 0010111 0.302510947985
0 0110 0.697489052015

001011
1 0010111 0.300899311735
0 0010110 0.699100688265

0110101
1 01011 0.298386106266
0 0 0.701613893734

0011101
1 0111011 0.299905749293
0 0111010 0.700094250707

0010111
1 1 0.295132164355
0 0 0.704867835645

1111011
1 0111 0.449929478138
0 1110110 0.550070521862

011
1 0111 0.442793901609
0 0110 0.557206098391

11011
1 0110111 0.441022503229
0 110110 0.558977496771

1111110
1 0111101 0.435727952687
0 00 0.564272047313

11110
1 0111101 0.436153299733
0 111100 0.563846700267

0111010
1 0010101 0.448170910155
0 10100 0.551829089845

01010
1 010101 0.437899984622
0 010100 0.562100015378

1101010
1 0010101 0.434769069075
0 010100 0.565230930925

0101110
1 0010101 0.436570731211
0 1011100 0.563429268789

0
1 0010101 0.4382250873
0 00 0.56177475338

110
1 1101 0.437308767998
0 1100 0.562691232002

01111
1 0011111 0.445455467984
0 011110 0.554544532016

1101111
1 0011111 0.450208188758
0 1011110 0.549791811242

0111111
1 111 0.450687076013
0 0 0.549312923987

01110
1 0011101 0.335583679601
0 011100 0.664416320399

1101110
1 0011101 0.331054300436
0 1100 0.668945699564

0101010
1 0101 0.337806151931
0 1010100 0.662193848069

010
1 0101 0.337754518484
0 0100 0.662245481516

1111010
1 110101 0.336697156492
0 110100 0.663302843508

01011
1 010111 0.340835506219
0 0010110 0.659164493781

101010
1 101 0.359339543126
0 1010100 0.640660456874

10
1 101 0.359780396126
0 100 0.640219603874

111110
1 1111101 0.356974713342
0 1111100 0.643025286658

1110
1 11101 0.357650743699
0 11100 0.642349256301

0111110
1 1 0.334984700568
0 1111100 0.665015299432

0111011
1 1 0.338058041488
0 1110110 0.661941958512

0101111
1 1 0.337972278113
0 011110 0.662027721887

1011
1 10111 0.363899224897
0 10110 0.636100775103

111011
1 1110111 0.363436387633
0 1110110 0.636563612367

0101
1 01011 0.271939039257
0 01010 0.728060960743

110101
1 01011 0.27073368061
0 1101010 0.72926631939

010111
1 0101111 0.266817781887
0 0101110 0.733182218113

101
1 1011 0.258262867721
0 1010 0.741737132279

1111101
1 111011 0.257498404595
0 1010 0.742501595405

11101
1 111011 0.259437192604
0 111010 0.740562807396

1111111
1 111111 0.264338444066
0 10 0.735661555934

1
1 11 0.261258031091
0 10 0.738741968909

11111
1 111111 0.260355528097
0 111110 0.739644471903

111
1 1111 0.260118781216
0 1110 0.739881218784

1011111
1 1111 0.254339273316
0 e 0.745660726684

10111
1 101111 0.254351916564
0 101110 0.745648083436

1110111
1 11 0.252228458237
0 101110 0.747771541763

101111
1 1011111 0.365319580656
0 1011110 0.634680419344

111111
1 1111111 0.379894294035
0 1111110 0.620105705965

e
1 1 0.3723342
0 0 0.6276658

1111
1 11111 0.375880086557
0 11110 0.624119913443

11
1 111 0.374400284553
0 110 0.625599715447

101011
1 1010111 0.413535559155
0 0110 0.586464440845

101110
1 1011101 0.405860214279
0 1011100 0.594139785721

1010
1 10101 0.410218124897
0 10100 0.589781875103

111010
1 10101 0.416751902033
0 1110100 0.583248097967

1010111
1 01111 0.229313273477
0 1110 0.770686726523

1011101
1 11 0.234598166702
0 e 0.765401833298

10101
1 101011 0.231664629772
0 101010 0.768335370228

