10001
1 00011 0.296548740675
0 00010 0.703451259325

10101
1 01011 0.356795380877
0 01010 0.64320205066

10100
1 01001 0.482936182121
0 01000 0.517063817879

01101
1 11011 0.355817198902
0 11010 0.644182801098

01100
1 11001 1.0
0 11000 0.0

11111
1 11111 0.505356308935
0 11110 0.494643691065

11110
1 11101 0.753169301744
0 11100 0.246830698256

11010
1 10101 0.363728428991
0 10100 0.636271571009

11011
1 10111 0.50747793739
0 10110 0.49252206261

01000
1 10001 1.0
0 10000 0.0

01001
1 10011 0.537244149038
0 10010 0.462755850962

00111
1 01111 0.231858712252
0 01110 0.768141287748

00110
1 01101 0.685813630042
0 01100 0.314186369958

00010
1 00101 0.473973379861
0 00100 0.526026620139

00011
1 00111 1.0
0 00110 0.0

10011
1 00111 0.472158827942
0 00110 0.527841172058

10010
1 00101 0.397731310646
0 00100 0.602268689354

10110
1 01101 0.752001774167
0 01100 0.247998225833

10111
1 01111 0.504674815288
0 01110 0.495325184712

01110
1 11101 0.801815132423
0 11100 0.198184867577

01111
1 11111 0.503921380172
0 11110 0.496078619828

11001
1 10011 0.0
0 10010 1.0

11100
1 11001 1.0
0 11000 0.0

11101
1 11011 0.306571969943
0 11010 0.693428030057

01011
1 10111 0.504345374763
0 10110 0.495654625237

01010
1 10101 0.385099779629
0 10100 0.614900220371

00100
1 01001 0.508463397718
0 01000 0.491536602282

00101
1 01011 0.324629062428
0 01010 0.675370937572

