0110
1 1101 0.227242970906
0 1100 0.772757029094

0111
1 1111 0.300515310673
0 1110 0.699484689327

0000
1 0001 0.012483780664
0 0000 0.987516197806

0001
1 0011 0.143603590914
0 0010 0.856396409086

0011
1 0111 0.238630782831
0 0110 0.761369217169

0010
1 0101 0.140019914991
0 0100 0.859980085009

0101
1 1011 0.234774718766
0 1010 0.765225281234

0100
1 1001 0.136000362793
0 1000 0.863999637207

1111
1 1111 0.323857302118
0 1110 0.676142697882

1110
1 1101 0.276682192052
0 1100 0.723317807948

1100
1 1001 0.21776235198
0 1000 0.78223764802

1101
1 1011 0.2830711824
0 1010 0.7169288176

1010
1 0101 0.221993920051
0 0100 0.778006079949

1011
1 0111 0.288404641231
0 0110 0.711595358769

1001
1 0011 0.225817514618
0 0010 0.774182485382

1000
1 0001 0.131157366963
0 0000 0.868842633037

