10
0 00 0.727171862292
1 01 0.185390565853
2 2 0.0706949764178
3 3 0.0167425954381

3
0 30 0.464669569288
1 31 0.299864877993
2 2 0.175221449956
3 3 0.0602441027634

2
0 20 0.555826292044
1 21 0.266513855716
2 2 0.135595106625
3 3 0.0420647456147

21
0 10 0.501754639556
1 11 0.292286010263
2 2 0.155693142853
3 3 0.0502662073285

11
0 10 0.570489736183
1 11 0.265507497459
2 2 0.127030670947
3 3 0.0369720954114

20
0 00 0.627575744157
1 01 0.238101472239
2 2 0.10562307836
3 3 0.0286997052442

01
0 10 0.723323271297
1 11 0.187417751175
2 2 0.0719338039658
3 3 0.0173251735615

00
0 00 0.962378666106
1 01 0.0289043015378
2 2 0.00742839881175
3 3 0.0012886107336

31
0 10 0.437253342758
1 11 0.310228544501
2 2 0.187400600813
3 3 0.0651175119279

30
0 00 0.53640596788
1 01 0.27915993538
2 2 0.1404352371
3 3 0.0439988596408

2
0 20 0.555826292044
1 21 0.266513855716
2 2 0.135595106625
3 3 0.0420647456147

01
0 10 0.723323271297
1 11 0.187417751175
2 2 0.0719338039658
3 3 0.0173251735615

00
0 00 0.962378666106
1 01 0.0289043015378
2 2 0.00742839881175
3 3 0.0012886107336

11
0 10 0.570489736183
1 11 0.265507497459
2 2 0.127030670947
3 3 0.0369720954114

01
0 10 0.723323271297
1 11 0.187417751175
2 2 0.0719338039658
3 3 0.0173251735615

00
0 00 0.962378666106
1 01 0.0289043015378
2 2 0.00742839881175
3 3 0.0012886107336

2
0 20 0.555826292044
1 21 0.266513855716
2 2 0.135595106625
3 3 0.0420647456147

3
0 30 0.464669569288
1 31 0.299864877993
2 2 0.175221449956
3 3 0.0602441027634

