100100010
0 111100100 0.516214421341
1 101000101 0.483785578659

111111111
0 111111110 0.493349807399
1 111111111 0.506650192601

111100100
0 111001000 0.496654158849
1 111001001 0.503345841151

110110100
0 111101000 0.495688940474
1 111001001 0.504311059526

111110100
0 111101000 0.499935039626
1 111101001 0.500064960374

010010100
0 111001000 0.491058482359
1 100101001 0.508941517641

110010100
0 111001000 0.50987268965
1 1001 0.49012731035

101100100
0 111001000 0.498040890139
1 11001001 0.501959109861

101110100
0 111101000 0.497995965735
1 11101001 0.502004034265

10100
0 111101000 0.517063817879
1 101001 0.482936182121

100010100
0 111001000 0.508134699595
1 000101001 0.491865300405

111001001
0 111010010 0.46992197332
1 111111111 0.53007802668

111101001
0 111010010 0.469783913172
1 010011 0.530216086828

100101001
0 001010010 0.468734491315
1 111111111 0.531265508685

111111110
0 111111100 0.247167715661
1 111111101 0.752832284339

111101110
0 111111100 0.247574221579
1 111011101 0.752425778421

101001010
0 010010100 0.661725035212
1 111110101 0.338274964788

010001010
0 100010100 0.650795359922
1 111110101 0.349204640078

111110010
0 111100100 0.62359006163
1 111100101 0.37640993837

110110010
0 101100100 0.621698669638
1 111100101 0.378301330362

111110101
0 111101010 0.644222816833
1 111111111 0.355777183167

111111101
0 111111010 0.648857227664
1 111111111 0.351142772336

100101
0 1001010 0.650765288591
1 111111111 0.349234711409

111011101
0 110111010 0.643202004939
1 111111111 0.356797995061

010011101
0 100111010 0.643632917851
1 111111111 0.356367082149

1001
0 10010 0.620471601543
1 010011 0.379528398457

111010011
0 110100110 0.628526321725
1 111111111 0.371473678275

111111100
1 111111001 1.0

111101100
1 111011001 1.0

110100011
1 101000111 1.0

111001000
1 110010001 1.0

111101000
1 111010001 1.0

111101010
0 111100100 0.599390360069
1 111110101 0.400609639931

111011010
0 110110100 0.601166736115
1 111110101 0.398833263885

111111010
0 111110100 0.60042462845
1 111110101 0.39957537155

1001010
0 010010100 0.605250056574
1 111110101 0.394749943426

10010
0 101100100 0.602268689354
1 100101 0.397731310646

110111010
0 101110100 0.60092027543
1 111110101 0.39907972457

100111010
0 10100 0.603907134768
1 111110101 0.396092865232

111010010
0 111100100 0.574387762606
1 110100101 0.425612237394

001110100
0 111101000 0.601373705409
1 11101001 0.398626294591

111100101
0 111001010 0.609348398081
1 111111111 0.390651601919

111111001
0 111110010 1.0

111011001
0 110110010 1.0

101000111
0 010001110 1.0

111001010
0 110010100 0.527400370228
1 111110101 0.472599629772

110100010
0 111100100 0.543809584542
1 101000101 0.456190415458

010011
0 0100110 0.527841172058
1 111111111 0.472158827942

1010011
0 10100110 0.545762415481
1 111111111 0.454237584519

110010001
0 100100010 0.696870676593
1 110100011 0.303129323407

101000101
0 010001010 0.700489997752
1 111111111 0.299510002248

111010001
0 110100010 0.722773382809
1 110100011 0.277226617191

0100110
0 111101100 0.314186369958
1 111110101 0.685813630042

110100101
0 101001010 0.680526135975
1 111111111 0.319473864025

110100110
0 111101100 0.446755709789
1 111110101 0.553244290211

11001001
0 111010010 0.455639078355
1 111111111 0.544360921645

11101001
0 111010010 0.433968085106
1 111010011 0.566031914894

101001
0 111010010 0.453792348126
1 1010011 0.546207651874

000101001
0 001010010 0.434328257798
1 111111111 0.565671742202

010001110
0 111111100 0.14222063904
1 100011101 0.85777936096

100011101
0 000111010 0.788947042306
1 111111111 0.211052957694

001010010
0 111100100 0.563568403994
1 110100101 0.436431596006

000111010
0 001110100 0.751136287681
1 111110101 0.248863712319

10100110
0 111101100 0.358033130053
1 111110101 0.641966869947

