101101
0 1011010 0.64700617236
1 1011011 0.35299382764

1011011
0 10110110 0.498307121814
1 110111 0.501692878186

110111
0 1101110 0.496319076308
1 1111 0.503680923692

1111
0 11110 0.49535448947
1 1111 0.50464551053

11110
0 111100 0.246830698256
1 111101 0.753169301744

111101
0 1111010 0.647457043139
1 1111011 0.352542956861

1111011
0 11110110 0.494995746837
1 110111 0.505004253163

11110110
0 111101100 0.252833638026
1 101101 0.747166361974

111101100
1 111011001 1.0
0 1111011000 0.0

111011001
1 1110110011 0.0
0 110110010 1.0

110110010
1 101100101 0.378301330362
0 101100100 0.621698669638

101100100
1 11001001 0.501959109861
0 011001000 0.498040890139

011001000
1 110010001 1.0
0 0110010000 0.0

110010001
1 100100011 0.303129323407
0 100100010 0.696870676593

100100010
1 001000101 0.483785578659
0 001000100 0.516214421341

001000100
1 010001001 0.515766986577
0 010001000 0.484233013423

010001000
1 100010001 1.0
0 0100010000 0.0

100010001
1 000100011 0.299487726988
0 000100010 0.700512273012

000100010
1 001000101 0.479946524064
0 001000100 0.520053475936

001000101
1 010001011 0.299308392869
0 010001010 0.700691607131

010001010
1 100010101 0.349204640078
0 100010100 0.650795359922

100010100
1 000101001 0.491865300405
0 000101000 0.508134699595

000101000
1 001010001 1.0
0 0001010000 0.0

001010001
1 010100011 0.301362695626
0 010100010 0.698637304374

010100010
1 101000101 0.480515088681
0 101000100 0.519484911319

101000100
1 010001001 0.516430218964
0 010001000 0.483569781036

010001001
1 100010011 0.513063403157
0 100010010 0.486936596843

100010010
1 000100101 0.418534210764
0 000100100 0.581465789236

000100100
1 001001001 0.497876034852
0 001001000 0.502123965148

001001000
1 010010001 1.0
0 0010010000 0.0

010010001
1 100100011 0.302293743865
0 100100010 0.697706256135

100100011
1 001000111 1.0
0 1001000110 0.0

001000111
1 1111 0.0
0 010001110 1.0

010001110
1 100011101 0.85777936096
0 100011100 0.14222063904

100011100
1 000111001 1.0
0 1000111000 0.0

000111001
1 0001110011 0.0
0 001110010 1.0

001110010
1 011100101 0.36647396149
0 011100100 0.63352603851

011100100
1 111001001 0.498681184191
0 111001000 0.501318815809

111001000
1 110010001 1.0
0 1110010000 0.0

111001001
1 110010011 0.53007802668
0 110010010 0.46992197332

110010010
1 100100101 0.42430245062
0 100100100 0.57569754938

100100100
1 001001001 0.506223264132
0 001001000 0.493776735868

001001001
1 010010011 0.532956787288
0 010010010 0.467043212712

010010010
1 100100101 0.424084773144
0 100100100 0.575915226856

100100101
1 001001011 0.319598451545
0 001001010 0.680401548455

001001010
1 010010101 0.345225431634
0 010010100 0.654774568366

010010100
1 100101001 0.508941517641
0 100101000 0.491058482359

100101000
1 001010001 1.0
0 1001010000 0.0

100101001
1 001010011 0.531265508685
0 001010010 0.468734491315

001010010
1 010100101 0.436431596006
0 010100100 0.563568403994

010100100
1 101001001 0.500537339097
0 101001000 0.499462660903

101001000
1 010010001 1.0
0 1010010000 0.0

101001001
1 010010011 0.526051289631
0 010010010 0.473948710369

010010011
1 100100111 0.486670724285
0 100100110 0.513329275715

100100110
1 001001101 0.740842992122
0 001100 0.259157007878

001100
0 0011000 0.0
1 0011001 1.0

0011001
0 00110010 1.0
1 00110011 0.0

00110010
0 001100100 0.659526146621
1 001100101 0.340473853379

001100101
1 011001011 0.394686263426
0 011001010 0.605313736574

011001010
1 110010101 0.471658722968
0 110010100 0.528341277032

110010100
1 1001 0.49012731035
0 100101000 0.50987268965

1001
0 10010 0.620471601543
1 10011 0.379528398457

10011
0 100110 0.527841172058
1 100111 0.472158827942

100111
0 1001110 0.490931215143
1 1111 0.509068784857

1001110
0 10011100 0.244350807618
1 10011101 0.755649192382

10011101
0 100111010 0.643632917851
1 100111011 0.356367082149

100111011
1 110111 0.521323379014
0 001110110 0.478676620986

001110110
1 101101 0.756954671903
0 011101100 0.243045328097

011101100
1 111011001 1.0
0 0111011000 0.0

100111010
1 001110101 0.396092865232
0 10100 0.603907134768

10100
0 101000 0.517063817879
1 101001 0.482936182121

101001
0 1010010 0.453792348126
1 1010011 0.546207651874

1010011
0 10100110 0.545762415481
1 10100111 0.454237584519

10100111
0 101001110 0.487199887077
1 1111 0.512800112923

101001110
1 010011101 0.752627281587
0 010011100 0.247372718413

010011100
1 100111001 1.0
0 0100111000 0.0

100111001
1 1001110011 0.0
0 001110010 1.0

010011101
1 100111011 0.356367082149
0 100111010 0.643632917851

10100110
0 001100 0.358033130053
1 101001101 0.641966869947

101001101
1 010011011 0.361399480934
0 010011010 0.638600519066

010011010
1 100110101 0.399459407279
0 100110100 0.600540592721

100110100
1 001101001 0.502032286954
0 001101000 0.497967713046

001101000
1 011010001 1.0
0 0011010000 0.0

011010001
1 110100011 0.300585864743
0 110100010 0.699414135257

110100010
1 101000101 0.456190415458
0 101000100 0.543809584542

101000101
1 010001011 0.299510002248
0 010001010 0.700489997752

010001011
1 100010111 0.517173617293
0 100010110 0.482826382707

100010110
1 101101 0.755348384179
0 000101100 0.244651615821

000101100
1 001011001 1.0
0 0001011000 0.0

001011001
1 0010110011 0.0
0 010110010 1.0

010110010
1 101100101 0.372693615869
0 101100100 0.627306384131

101100101
1 011001011 0.386508964768
0 011001010 0.613491035232

011001011
1 110010111 0.506038200863
0 110010110 0.493961799137

110010110
1 101101 0.74819478944
0 100101100 0.25180521056

100101100
1 001011001 1.0
0 1001011000 0.0

110010111
1 1111 0.506210118505
0 100101110 0.493789881495

100101110
1 001011101 0.751101570444
0 001011100 0.248898429556

001011100
1 010111001 1.0
0 0010111000 0.0

010111001
1 0101110011 0.0
0 101110010 1.0

101110010
1 011100101 0.375610057454
0 011100100 0.624389942546

011100101
1 111001011 0.396721781859
0 111001010 0.603278218141

111001010
1 110010101 0.472599629772
0 110010100 0.527400370228

110010101
1 100101011 0.351186041953
0 100101010 0.648813958047

100101010
1 001010101 0.394764893995
0 001010100 0.605235106005

001010100
1 010101001 0.502710376871
0 010101000 0.497289623129

010101000
1 101010001 1.0
0 0101010000 0.0

101010001
1 010100011 0.301080156141
0 010100010 0.698919843859

010100011
1 101000111 1.0
0 0101000110 0.0

101000111
1 1111 0.0
0 010001110 1.0

010101001
1 101010011 0.52921164373
0 101010010 0.47078835627

101010010
1 010100101 0.427540724875
0 010100100 0.572459275125

010100101
1 101001011 0.310572065146
0 101001010 0.689427934854

101001010
1 010010101 0.338274964788
0 010010100 0.661725035212

010010101
1 100101011 0.357960263913
0 100101010 0.642039736087

100101011
1 001010111 0.500646551724
0 001010110 0.499353448276

001010110
1 101101 0.745143233454
0 010101100 0.254856766546

010101100
1 101011001 1.0
0 0101011000 0.0

101011001
1 1010110011 0.0
0 010110010 1.0

001010111
1 1111 0.510575179915
0 010101110 0.489424820085

010101110
1 101011101 0.756579322943
0 101011100 0.243420677057

101011100
1 010111001 1.0
0 1010111000 0.0

101011101
1 010111011 0.350858786042
0 010111010 0.649141213958

010111010
1 101110101 0.396247746509
0 101110100 0.603752253491

101110100
1 11101001 0.502004034265
0 011101000 0.497995965735

011101000
1 111010001 1.0
0 0111010000 0.0

111010001
1 110100011 0.277226617191
0 110100010 0.722773382809

110100011
1 101000111 1.0
0 1101000110 0.0

11101001
0 111010010 0.433968085106
1 111010011 0.566031914894

111010011
1 110100111 0.371473678275
0 110100110 0.628526321725

110100110
1 101001101 0.553244290211
0 001100 0.446755709789

110100111
1 1111 0.517734505271
0 101001110 0.482265494729

111010010
1 110100101 0.425612237394
0 110100100 0.574387762606

110100100
1 101001001 0.496774030311
0 101001000 0.503225969689

110100101
1 101001011 0.319473864025
0 101001010 0.680526135975

101001011
1 010010111 0.501350789692
0 010010110 0.498649210308

010010110
1 101101 0.752463190524
0 100101100 0.247536809476

010010111
1 1111 0.503980236069
0 100101110 0.496019763931

101110101
1 011101011 0.353176965512
0 011101010 0.646823034488

011101010
1 111010101 0.405811738242
0 111010100 0.594188261758

111010100
1 110101001 0.503171704551
0 110101000 0.496828295449

110101000
1 101010001 1.0
0 1101010000 0.0

110101001
1 101010011 0.530413023153
0 101010010 0.469586976847

101010011
1 010100111 0.488318575216
0 010100110 0.511681424784

010100110
1 101001101 0.74175687022
0 001100 0.25824312978

010100111
1 1111 0.508696469703
0 101001110 0.491303530297

111010101
1 110101011 0.347769028871
0 110101010 0.652230971129

110101010
1 101010101 0.398036661689
0 101010100 0.601963338311

101010100
1 010101001 0.50058685446
0 010101000 0.49941314554

101010101
1 010101011 0.351603453592
0 010101010 0.648396546408

010101010
1 101010101 0.398556106836
0 101010100 0.601443893164

010101011
1 101010111 0.494750801194
0 101010110 0.505249198806

101010110
1 101101 0.753206041607
0 010101100 0.246793958393

101010111
1 1111 0.507495136743
0 010101110 0.492504863257

110101011
1 101010111 0.503633677991
0 101010110 0.496366322009

011101011
1 111010111 0.496063921908
0 111010110 0.503936078092

111010110
1 101101 0.749597261377
0 110101100 0.250402738623

110101100
1 101011001 1.0
0 1101011000 0.0

111010111
1 1111 0.508985067072
0 110101110 0.491014932928

110101110
1 101011101 0.749024785453
0 101011100 0.250975214547

010111011
1 110111 0.502477198514
0 101110110 0.497522801486

101110110
1 101101 0.751570497906
0 011101100 0.248429502094

101001011
1 010010111 0.501350789692
0 010010110 0.498649210308

101010011
1 010100111 0.488318575216
0 010100110 0.511681424784

001010101
1 010101011 0.347731763065
0 010101010 0.652268236935

100101011
1 001010111 0.500646551724
0 001010110 0.499353448276

111001011
1 110010111 0.501207535019
0 110010110 0.498792464981

001011101
1 010111011 0.352777216724
0 010111010 0.647222783276

100010111
1 1111 0.501786178228
0 000101110 0.498213821772

000101110
1 001011101 0.746952610651
0 001011100 0.253047389349

110100011
1 101000111 1.0
0 1101000110 0.0

001101001
1 011010011 0.531104199067
0 011010010 0.468895800933

011010010
1 110100101 0.425285714286
0 110100100 0.574714285714

011010011
1 110100111 0.492060491493
0 0110 0.507939508507

0110
0 01100 0.273911437717
1 01101 0.726088562283

01101
0 011010 0.644182801098
1 011011 0.355817198902

011011
0 0110110 0.498575054753
1 110111 0.501424945247

0110110
0 01101100 0.246103514189
1 101101 0.753896485811

01101100
0 011011000 0.0
1 011011001 1.0

011011001
1 0110110011 0.0
0 110110010 1.0

011010
0 0110100 0.60130487379
1 0110101 0.39869512621

0110101
0 01101010 0.646472597088
1 01101011 0.353527402912

01101011
0 011010110 0.498150608683
1 011010111 0.501849391317

011010111
1 1111 0.50175313059
0 110101110 0.49824686941

011010110
1 101101 0.75410899654
0 110101100 0.24589100346

01101010
0 011010100 0.603157770708
1 011010101 0.396842229292

011010101
1 110101011 0.35233570863
0 110101010 0.64766429137

011010100
1 110101001 0.502213974083
0 110101000 0.497786025917

0110100
0 01101000 0.497129581306
1 01101001 0.502870418694

01101001
0 011010010 0.46869768999
1 011010011 0.53130231001

01101000
0 011010000 0.0
1 011010001 1.0

01100
0 011000 0.0
1 011001 1.0

011001
0 0110010 1.0
1 0110011 0.0

0110010
0 01100100 0.640296288613
1 01100101 0.359703711387

01100101
0 011001010 0.610015138045
1 011001011 0.389984861955

01100100
0 011001000 0.489383242667
1 011001001 0.510616757333

011001001
1 110010011 0.559362360219
0 110010010 0.440637639781

110010011
1 100100111 0.50420426822
0 100100110 0.49579573178

100100111
1 1111 0.503113113841
0 001001110 0.496886886159

001001110
1 010011101 0.758960004617
0 010011100 0.241039995383

100110101
1 001101011 0.35286197611
0 001101010 0.64713802389

001101010
1 011010101 0.402560682849
0 011010100 0.597439317151

001101011
1 011010111 0.497505136484
0 011010110 0.502494863516

010011011
1 110111 0.50097799511
0 100110110 0.49902200489

100110110
1 101101 0.754777070064
0 001101100 0.245222929936

001101100
1 011011001 1.0
0 0011011000 0.0

1010010
0 10100100 0.571067752731
1 10100101 0.428932247269

10100101
0 101001010 0.68516610236
1 101001011 0.31483389764

10100100
0 101001000 0.50128998968
1 101001001 0.49871001032

101000
0 1010000 0.0
1 1010001 1.0

1010001
0 10100010 0.707192325648
1 10100011 0.292807674352

10100011
0 101000110 0.0
1 101000111 1.0

10100010
0 101000100 0.53231632194
1 101000101 0.46768367806

001110101
1 011101011 0.37707876462
0 011101010 0.62292123538

10011100
0 100111000 0.0
1 100111001 1.0

100110
0 001100 0.314186369958
1 1001101 0.685813630042

1001101
0 10011010 0.639371147928
1 10011011 0.360628852072

10011011
0 100110110 0.49902200489
1 110111 0.50097799511

10011010
0 100110100 0.600540592721
1 100110101 0.399459407279

10010
0 100100 0.602268689354
1 100101 0.397731310646

100101
0 1001010 0.650765288591
1 1001011 0.349234711409

1001011
0 10010110 0.497259080175
1 10010111 0.502740919825

10010111
0 100101110 0.494925489977
1 1111 0.505074510023

10010110
0 100101100 0.249625462871
1 101101 0.750374537129

1001010
0 10010100 0.605250056574
1 10010101 0.394749943426

10010101
0 100101010 0.64534128258
1 100101011 0.35465871742

10010100
0 100101000 0.497744210972
1 100101001 0.502255789028

100100
0 1001000 0.497033804899
1 1001001 0.502966195101

1001001
0 10010010 0.463149278454
1 10010011 0.536850721546

10010011
0 100100110 0.50444209667
1 100100111 0.49555790333

10010010
0 100100100 0.575808179908
1 100100101 0.424191820092

1001000
0 10010000 0.0
1 10010001 1.0

10010001
0 100100010 0.697292643635
1 100100011 0.302707356365

110010101
1 100101011 0.351186041953
0 100101010 0.648813958047

011001011
1 110010111 0.506038200863
0 110010110 0.493961799137

001100100
1 011001001 0.520675868912
0 011001000 0.479324131088

001001101
1 010011011 0.359759872432
0 010011010 0.640240127568

100100111
1 1111 0.503113113841
0 001001110 0.496886886159

010100101
1 101001011 0.310572065146
0 101001010 0.689427934854

001010011
1 010100111 0.493706443658
0 010100110 0.506293556342

010010101
1 100101011 0.357960263913
0 100101010 0.642039736087

001001011
1 010010111 0.502847413844
0 010010110 0.497152586156

010010011
1 100100111 0.486670724285
0 100100110 0.513329275715

100100101
1 001001011 0.319598451545
0 001001010 0.680401548455

110010011
1 100100111 0.50420426822
0 100100110 0.49579573178

011100101
1 111001011 0.396721781859
0 111001010 0.603278218141

100011101
1 000111011 0.211052957694
0 000111010 0.788947042306

000111010
1 001110101 0.248863712319
0 001110100 0.751136287681

001110100
1 011101001 0.398626294591
0 011101000 0.601373705409

011101001
1 111010011 0.583232288238
0 111010010 0.416767711762

000111011
1 110111 0.528921231807
0 001110110 0.471078768193

001001001
1 010010011 0.532956787288
0 010010010 0.467043212712

000100101
1 001001011 0.314077711726
0 001001010 0.685922288274

100010011
1 000100111 0.491418695779
0 000100110 0.508581304221

000100110
1 001001101 0.746147634749
0 001100 0.253852365251

000100111
1 1111 0.507503743167
0 001001110 0.492496256833

101000101
1 010001011 0.299510002248
0 010001010 0.700489997752

010100011
1 101000111 1.0
0 0101000110 0.0

000101001
1 001010011 0.565671742202
0 001010010 0.434328257798

100010101
1 000101011 0.367237445269
0 000101010 0.632741998479

000101010
1 001010101 0.405477404893
0 001010100 0.594522595107

000101011
1 001010111 0.498796529527
0 001010110 0.501203470473

010001011
1 100010111 0.517173617293
0 100010110 0.482826382707

000100011
1 001000111 1.0
0 0001000110 0.0

010001001
1 100010011 0.513063403157
0 100010010 0.486936596843

001000101
1 010001011 0.299308392869
0 010001010 0.700691607131

100100011
1 001000111 1.0
0 1001000110 0.0

11001001
0 110010010 0.455639078355
1 110010011 0.544360921645

101100101
1 011001011 0.386508964768
0 011001010 0.613491035232

1111010
0 11110100 0.601296883931
1 11110101 0.398703116069

11110101
0 111101010 0.648697414603
1 111101011 0.351302585397

111101011
1 111010111 0.503201294589
0 111010110 0.496798705411

111101010
1 111010101 0.400609639931
0 111010100 0.599390360069

11110100
0 111101000 0.500180280582
1 111101001 0.499819719418

111101001
1 010011 0.530216086828
0 111010010 0.469783913172

010011
0 0100110 0.527841172058
1 0100111 0.472158827942

0100111
0 01001110 0.490931215143
1 1111 0.509068784857

01001110
0 010011100 0.244350807618
1 010011101 0.755649192382

0100110
0 001100 0.314186369958
1 01001101 0.685813630042

01001101
0 010011010 0.639371147928
1 010011011 0.360628852072

111101000
1 111010001 1.0
0 1111010000 0.0

111100
0 1111000 0.0
1 1111001 1.0

1111001
0 11110010 1.0
1 11110011 0.0

11110010
0 111100100 0.622627182992
1 111100101 0.377372817008

111100101
1 111001011 0.390651601919
0 111001010 0.609348398081

111100100
1 111001001 0.503345841151
0 111001000 0.496654158849

1101110
0 11011100 0.24784875521
1 11011101 0.75215124479

11011101
0 110111010 0.645618692455
1 110111011 0.354381307545

110111011
1 110111 0.503269916766
0 101110110 0.496730083234

110111010
1 101110101 0.39907972457
0 101110100 0.60092027543

11011100
0 110111000 0.0
1 110111001 1.0

110111001
1 1101110011 0.0
0 101110010 1.0

10110110
0 101101100 0.246632154833
1 101101 0.753367845167

101101100
1 011011001 1.0
0 1011011000 0.0

1011010
0 10110100 0.601748044845
1 10110101 0.398251955155

10110101
0 101101010 0.646085577174
1 101101011 0.353914422826

101101011
1 011010111 0.504368546465
0 011010110 0.495631453535

101101010
1 011010101 0.393510892874
0 011010100 0.606489107126

10110100
0 101101000 0.496644562863
1 101101001 0.503355437137

101101001
1 011010011 0.531416653466
0 011010010 0.468583346534

101101000
1 011010001 1.0
0 1011010000 0.0

110111
0 1101110 0.496319076308
1 1111 0.503680923692

001100
0 0011000 0.0
1 0011001 1.0

1111
0 11110 0.49535448947
1 1111 0.50464551053

