3132
1 321 0.345864661654
0 320 0.342642320086
3 31323 0.0891514500537
2 32 0.222341568206

32
1 321 0.322799324614
0 320 0.395226934805
3 323 0.0776442125954
2 32 0.204329527986

321
1 3111 0.327347958467
0 310 0.391521586385
3 313 0.0768209852447
2 32 0.204309469904

313
1 31 0.3407960199
0 30 0.362957937585
3 33 0.0857078245138
2 3132 0.210538218001

3
1 31 0.299864877993
0 30 0.464669569288
3 33 0.0602441027634
2 32 0.175221449956

31323
1 31 0.277108433735
0 3230 0.361445783133
3 13233 0.10843373494
2 32 0.253012048193

323
1 31 0.333657903278
0 3230 0.333982473223
3 33 0.100616682895
2 32 0.231742940604

13233
1 331 0.352380952381
0 330 0.371428571429
3 33 0.047619047619
2 32 0.228571428571

33
1 331 0.329766180459
0 330 0.35498057612
3 333 0.0882503848127
2 32 0.227002858609

302
1 321 0.308228447693
0 3020 0.449587224252
3 323 0.0614426850724
2 32 0.180741642983

3111
1 3111 0.31340447303
0 3110 0.424353164742
3 313 0.0646104370706
2 32 0.197631925157

3103
1 31 0.313333333333
0 3030 0.396666666667
3 33 0.0773333333333
2 32 0.212666666667

30330
1 301 0.349056603774
0 3300 0.301886792453
3 3103 0.0849056603774
2 302 0.264150943396

320
1 301 0.314416884525
0 3200 0.447172097175
3 3103 0.061595358031
2 302 0.176815660269

30
1 301 0.27915993538
0 300 0.53640596788
3 303 0.0439988596408
2 302 0.1404352371

330
1 301 0.327482965104
0 3300 0.405946727235
3 3303 0.069584967995
2 302 0.196985339665

3230
1 301 0.340136054422
0 300 0.382896015549
3 3303 0.0680272108844
2 302 0.208940719145

31
1 311 0.310228544501
0 310 0.437253342758
3 313 0.0651175119279
2 32 0.187400600813

331
1 311 0.330962436097
0 310 0.36341409202
3 3313 0.0822404978884
2 32 0.223382973994

301
1 3011 0.295785675381
0 3010 0.494723583878
3 313 0.0518110021786
2 32 0.157679738562

310
1 3101 0.294244434715
0 3100 0.49661536389
3 3103 0.0505169568585
2 302 0.158623244536

311
1 3111 0.324725874591
0 3110 0.42260407272
3 3113 0.064081264537
2 32 0.188588788152

303
1 31 0.324190064795
0 3030 0.388552915767
3 3033 0.0727861771058
2 32 0.214470842333

3313
1 31 0.359459459459
0 30 0.305405405405
3 33133 0.0972972972973
2 3132 0.237837837838

3303
1 31 0.272997032641
0 3030 0.367952522255
3 33033 0.106824925816
2 32 0.252225519288

3002
1 321 0.305960881714
0 30020 0.48758149643
3 323 0.0490530891028
2 32 0.157404532754

3011
1 3111 0.30187593509
0 30110 0.469329036713
3 313 0.0575440211762
2 32 0.17125100702

3020
1 301 0.28552077062
0 30200 0.508729680915
3 3103 0.0462071041541
2 302 0.159542444311

3030
1 301 0.306281267371
0 30300 0.448582545859
3 303 0.0622568093385
2 302 0.182879377432

3101
1 3011 0.30628362138
0 31010 0.479684102095
3 313 0.0474991415818
2 32 0.166533134943

3110
1 3101 0.297540155004
0 31100 0.490059530495
3 3103 0.0496461866786
2 302 0.162754127822

3300
1 3001 0.308240081384
0 33000 0.458290946083
3 3103 0.0559511698881
2 3002 0.177517802645

300
1 3001 0.251479289941
0 3000 0.603195974914
3 3103 0.0311979591114
2 3002 0.114126776034

3200
1 3001 0.283901326109
0 32000 0.517182375588
3 3103 0.0449165834878
2 3002 0.153999714815

333
1 3331 0.341362126246
0 330 0.31976744186
3 3333 0.0988372093023
2 32 0.240033222591

3001
1 30011 0.274603733709
0 30010 0.550475519549
3 313 0.0410707995773
2 32 0.133849947164

3010
1 30101 0.274272345696
0 30100 0.55907245579
3 3103 0.0367439620175
2 302 0.129911236496

3100
1 31001 0.268750847688
0 31000 0.567340295673
3 3103 0.035399430354
2 3002 0.128509426285

3113
1 31 0.337037037037
0 30 0.358518518519
3 31133 0.0814814814815
2 3132 0.222962962963

3331
1 311 0.343065693431
0 310 0.32603406326
3 33313 0.0997566909976
2 32 0.231143552311

3033
1 331 0.385756676558
0 30330 0.314540059347
3 30333 0.0474777448071
2 32 0.252225519288

3333
1 3331 0.27731092437
0 330 0.403361344538
3 33333 0.0672268907563
2 32 0.252100840336

33033
1 331 0.305555555556
0 30330 0.333333333333
3 e 0.0555555555556
2 32 0.305555555556

33133
1 331 0.555555555556
0 330 0.25
3 e 0.0277777777778
2 32 0.166666666667

30002
1 321 0.276401564537
0 00020 0.549543676662
3 323 0.0342242503259
2 32 0.139830508475

30011
1 3111 0.294253463315
0 00110 0.517701385326
3 313 0.03899435608
2 32 0.14905079528

30020
1 301 0.281439032155
0 00200 0.548869786692
3 3103 0.0347023241006
2 302 0.134988857052

30101
1 3011 0.286251881586
0 01010 0.531359759157
3 313 0.0456598093327
2 32 0.136728549925

30110
1 3101 0.286414909269
0 01100 0.534085335949
3 3103 0.039234919078
2 302 0.140264835704

30300
1 3001 0.307311028501
0 03000 0.506815365551
3 3103 0.0446096654275
2 3002 0.14126394052

30200
1 3001 0.280177514793
0 02000 0.562130177515
3 3103 0.0340236686391
2 3002 0.123668639053

31001
1 30011 0.287913197073
0 10010 0.522583901085
3 313 0.0451678021701
2 32 0.144335099672

31010
1 30101 0.283464566929
0 10100 0.534478644715
3 3103 0.0388928656645
2 302 0.143163922691

31100
1 31001 0.277790511116
0 11000 0.547329818932
3 3103 0.0366720146688
2 3002 0.138207655283

33000
1 30001 0.284128745838
0 30000 0.526082130966
3 3 0.0377358490566
2 30002 0.15205327414

3000
1 30001 0.222773731203
0 30000 0.66641212406
3 3103 0.0207060620301
2 30002 0.0901080827068

32000
1 30001 0.268817204301
0 20000 0.576785221947
3 3103 0.0352908740006
2 30002 0.119106699752

30001
1 00011 0.256163480554
0 10010 0.602373104812
3 313 0.0313777191826
2 32 0.110085695452

30010
1 00101 0.245200921423
0 10100 0.612874328129
3 3103 0.026746864602
2 302 0.115177885846

30100
1 01001 0.245415384615
0 11000 0.625969230769
3 3103 0.0249846153846
2 3002 0.103630769231

31000
1 10001 0.235237867559
0 10000 0.635190054984
3 3103 0.0268945732728
2 30002 0.102677504184

31133
1 331 0.436363636364
0 330 0.181818181818
3 333 0.172727272727
2 32 0.209090909091

33313
1 31 0.365853658537
0 30 0.19512195122
3 33133 0.146341463415
2 3132 0.292682926829

00002
1 321 0.174468059723
0 00020 0.753878824393
3 323 0.0128071295208
2 32 0.0588459863637

00011
1 3111 0.206819605662
0 00110 0.699959876391
3 313 0.0171968379781
2 32 0.0760236799685

00020
1 301 0.172904868195
0 00200 0.758047556679
3 3103 0.0119414365388
2 302 0.0571061385871

00101
1 3011 0.203050572616
0 01010 0.706004140787
3 313 0.0167224080268
2 32 0.0742228785707

00110
1 3101 0.201650507263
0 01100 0.709486065687
3 3103 0.0157798936888
2 302 0.0730835333619

00200
1 3001 0.167046888501
0 02000 0.767764233454
3 3103 0.0110834146614
2 3002 0.0541054633837

01001
1 30011 0.200017591052
0 10010 0.71014344037
3 313 0.0160005277316
2 32 0.0738384408464

01010
1 30101 0.198279844262
0 10100 0.713915957267
3 3103 0.0157350989493
2 302 0.0720690995212

01100
1 31001 0.195309044771
0 11000 0.719434475258
3 3103 0.014797897408
2 3002 0.070458582563

03000
1 30001 0.201722073856
0 30000 0.704162445897
3 3103 0.0173128280689
2 30002 0.0768026521779

02000
1 30001 0.162572783001
0 20000 0.776858233779
3 3103 0.00994214251019
2 30002 0.0506268407105

10001
1 00011 0.199922342856
0 10010 0.713609414435
3 313 0.015979450725
2 32 0.0704887919834

10010
1 00101 0.194968369045
0 10100 0.722065431728
3 3103 0.0142724147284
2 302 0.068693784499

10100
1 01001 0.190218176564
0 11000 0.727850021673
3 3103 0.0144993498049
2 3002 0.0674324519578

11000
1 10001 0.186856060339
0 10000 0.735402860624
3 3103 0.0137115572864
2 30002 0.0640295217505

30000
1 10001 0.188937858087
0 e 0.727853680035
3 3103 0.0163508153372
2 00002 0.0668576465403

20000
1 10001 0.155071323871
0 0 0.786957920704
3 3103 0.00927150739456
2 00002 0.0486992480307

10000
1 10001 0.117193049032
0 00 0.844860235402
3 3103 0.00533892899362
2 00002 0.0326077865727

30333
1 3331 0.3125
0 330 0.375
2 32 0.3125

33333
1 3331 0.5
0 330 0.25
2 e 0.25

e
1 30011 0.05265484
0 0 0.92412616
3 3 0.00452924
2 302 0.01868976

0
1 00101 0.0377261476939
0 00 0.948776539342
3 3103 0.0022767021334
2 3002 0.0112205891888

00
1 01001 0.0289043015378
0 000 0.962378666106
3 3103 0.0012886107336
2 30002 0.00742839881175

000
1 10001 0.0233098417588
0 000 0.970548845013
3 3103 0.000807392017125
2 00002 0.00533389750909

