1111011
1 11110111 0.505004253163
0 11110110 0.494995746837

1111
1 1111 0.50464551053
0 11110 0.49535448947

11110111
1 1111 0.505071139304
0 111101110 0.494928860696

1110010011
1 1110100111 0.491452991453
0 1100100110 0.508547008547

1110100111
1 1101001111 0.516721477359
0 1101001110 0.483278522641

1101001111
1 1111 0.498498826355
0 1010011110 0.501501173645

1111010100
1 1110101001 0.501811709364
0 1111001000 0.498188290636

111100100
1 1111001001 0.503345841151
0 1111001000 0.496654158849

1100100100
1 1001001001 0.503686590641
0 1111001000 0.496313409359

11110100
1 111101001 0.499819719418
0 111101000 0.500180280582

1101110100
1 1011101001 0.49853372434
0 1011101000 0.50146627566

1110101001
1 1110010011 0.529583114464
0 1101010010 0.470416885536

1111001001
1 1110010011 0.526868360564
0 1110010010 0.473131639436

1111010011
1 1110100111 0.495856524428
0 1110100110 0.504143475572

1001001001
1 1110010011 0.53289410866
0 0010010010 0.46710589134

111101001
1 1111010011 0.530216086828
0 1111010010 0.469783913172

0011001010
1 11110101 0.475719088532
0 1110010100 0.524280911468

1110010100
1 1100101001 0.488410596026
0 1111001000 0.511589403974

1100100010
1 1101000101 0.482746884986
0 111100100 0.517253115014

1011101001
1 0111010011 0.535511141262
0 1101010010 0.464488858738

1001100100
1 0011001001 0.520675868912
0 1111001000 0.479324131088

1010010100
1 0100101001 0.509073198889
0 1111001000 0.490926801111

1001110100
1 0011101001 0.500468823254
0 1011101000 0.499531176746

0100010100
1 1000101001 0.491865300405
0 1111001000 0.508134699595

1100100110
1 11110101 0.742165106058
0 1101001100 0.257834893942

11110110
1 11110101 0.747166361974
0 111100 0.252833638026

11110
1 111101 0.753169301744
0 111100 0.246830698256

111101110
1 1111011101 0.752425778421
0 111100 0.247574221579

1101001110
1 1010011101 0.754102203469
0 111100 0.245897796531

1010011110
1 111101 0.751508803432
0 0100111100 0.248491196568

11110101
1 1111011 0.351302585397
0 111101010 0.648697414603

111101
1 1111011 0.352542956861
0 1111010 0.647457043139

1111011101
1 1111011 0.360215571167
0 1110111010 0.639784428833

1010011101
1 1111011 0.352545931759
0 0100111010 0.647454068241

1100101001
1 1110010011 0.375026833631
0 1111010010 0.624973166369

1101001010
1 11110101 0.347206185049
0 1010010100 0.652793814951

1010001010
1 11110101 0.352821131533
0 0100010100 0.647178868467

0100110010
1 1001100101 0.340473853379
0 1001100100 0.659526146621

11110010
1 111100101 0.377372817008
0 111100100 0.622627182992

0001110100
1 0011101001 0.374463304487
0 1011101000 0.625536695513

1101001100
1 1010011001 1.0

111100
1 1111001 1.0

0100111100
1 1001111001 1.0

1110100011
1 1101000111 1.0

1111001000
1 1110010001 1.0

111101000
1 1111010001 1.0

1011101000
1 0111010001 1.0

1001100101
1 1111011 0.394686263426
0 0011001010 0.605313736574

0001110101
1 1111011 0.387631773316
0 111101010 0.612368226684

111100101
1 1111011 0.390651601919
0 1111001010 0.609348398081

111101010
1 11110101 0.400609639931
0 1111010100 0.599390360069

1111010
1 11110101 0.398703116069
0 11110100 0.601296883931

1110111010
1 11110101 0.399839559936
0 1101110100 0.600160440064

0100111010
1 11110101 0.396092865232
0 1001110100 0.603907134768

0011110010
1 111100101 0.383680928833
0 111100100 0.616319071167

1101010010
1 1110100101 0.425601686479
0 111100100 0.574398313521

1110010010
1 1110100101 0.424692019282
0 1100100100 0.575307980718

1010011001
0 0100110010 1.0

1111001
0 11110010 1.0

1001111001
0 0011110010 1.0

1101000111
0 1010001110 1.0

1110100110
1 11110101 0.460169846301
0 1101001100 0.539830153699

1111010010
1 1110100101 0.430166817896
0 111100100 0.569833182104

1110100010
1 1101000101 0.442053098186
0 111100100 0.557946901814

0010010010
1 1110100101 0.43044786483
0 1100100100 0.56955213517

1110100101
1 1111011 0.322025112314
0 1101001010 0.677974887686

1101000101
1 1111011 0.303127730211
0 1010001010 0.696872269789

0111010011
1 1110100111 0.317169317169
0 1110100110 0.682830682831

1110010001
1 1110100011 0.303120506546
0 1100100010 0.696879493454

1111010001
1 1110100011 0.301353255349
0 1110100010 0.698646744651

1111001010
1 11110101 0.472779612226
0 1110010100 0.527220387774

1010001110
1 0100011101 0.857791363692
0 111100 0.142208636308

0111010001
1 1110100011 0.268654978929
0 1110100010 0.731345021071

1000111010
1 0001110101 0.248863712319
0 0001110100 0.751136287681

0011001001
1 1110010011 0.597298509136
0 1110010010 0.402701490864

0100101001
1 1110010011 0.61420702754
0 1111010010 0.38579297246

0011101001
1 0111010011 0.603856562923
0 1101010010 0.396143437077

0100011101
1 1111011 0.211052957694
0 1000111010 0.788947042306

1000101001
1 1110010011 0.565671742202
0 1111010010 0.434328257798

