101101
0 1011010 0.64700617236
1 1011011 0.35299382764

1011011
0 10110110 0.498307121814
1 110111 0.501692878186

110111
0 1101110 0.496319076308
1 1111 0.503680923692

1111
0 11110 0.49535448947
1 1111 0.50464551053

11110
0 111100 0.246830698256
1 111101 0.753169301744

111101
0 1111010 0.647457043139
1 1111011 0.352542956861

1111011
0 11110110 0.494995746837
1 110111 0.505004253163

11110110
0 111101100 0.252833638026
1 101101 0.747166361974

111101100
0 1111011000 0.0
1 1111011001 1.0

1111011001
1 1110110011 0.0
0 1110110010 1.0

1110110010
1 1101100101 0.376985053713
0 1101100100 0.623014946287

1101100100
1 1011001001 0.499657407895
0 1011001000 0.500342592105

1011001000
1 0110010001 1.0
0 0110010000 0.0

0110010001
1 1100100011 0.303138963976
0 1100100010 0.696861036024

1100100010
1 1001000101 0.482746884986
0 1001000100 0.517253115014

1001000100
1 0010001001 0.515048288608
0 0010001000 0.484951711392

0010001000
1 0100010001 1.0
0 0100010000 0.0

0100010001
1 1000100011 0.299487726988
0 1000100010 0.700512273012

1000100010
1 0001000101 0.479946524064
0 0001000100 0.520053475936

0001000100
1 0010001001 0.516786632391
0 0010001000 0.483213367609

0010001001
1 0100010011 0.504883778437
0 0100010010 0.495116221563

0100010010
1 1000100101 0.418534210764
0 1000100100 0.581465789236

1000100100
1 0001001001 0.497876034852
0 0001001000 0.502123965148

0001001000
1 0010010001 1.0
0 0010010000 0.0

0010010001
1 0100100011 0.304327645051
0 0100100010 0.695672354949

0100100010
1 1001000101 0.484802487875
0 1001000100 0.515197512125

1001000101
1 0010001011 0.297842310816
0 0010001010 0.702157689184

0010001010
1 0100010101 0.344615284383
0 0100010100 0.655384715617

0100010100
1 1000101001 0.491865300405
0 1000101000 0.508134699595

1000101000
1 0001010001 1.0
0 0001010000 0.0

0001010001
1 0010100011 0.302227142485
0 0010100010 0.697772857515

0010100010
1 0101000101 0.480253632233
0 0101000100 0.519746367767

0101000100
1 1010001001 0.523829101997
0 1010001000 0.476170898003

1010001000
1 0100010001 1.0
0 0100010000 0.0

1010001001
1 0100010011 0.519134877176
0 0100010010 0.480865122824

0100010011
1 1000100111 0.491418695779
0 1000100110 0.508581304221

1000100110
1 0001001101 0.746147634749
0 001100 0.253852365251

001100
0 0011000 0.0
1 0011001 1.0

0011001
0 00110010 1.0
1 00110011 0.0

00110010
0 001100100 0.659526146621
1 001100101 0.340473853379

001100101
0 0011001010 0.605313736574
1 0011001011 0.394686263426

0011001011
1 0110010111 0.507877399026
0 0110010110 0.492122600974

0110010110
1 101101 0.743544966945
0 1100101100 0.256455033055

1100101100
1 1001011001 1.0
0 1001011000 0.0

1001011001
1 0010110011 0.0
0 0010110010 1.0

0010110010
1 0101100101 0.36976802824
0 0101100100 0.63023197176

0101100100
1 1011001001 0.504054507941
0 1011001000 0.495945492059

1011001001
1 0110010011 0.52549412059
0 0110010010 0.47450587941

0110010010
1 1100100101 0.423866090713
0 1100100100 0.576133909287

1100100100
1 1001001001 0.503686590641
0 1001001000 0.496313409359

1001001000
1 0010010001 1.0
0 0010010000 0.0

1001001001
1 0010010011 0.53289410866
0 0010010010 0.46710589134

0010010010
1 0100100101 0.43044786483
0 0100100100 0.56955213517

0100100100
1 1001001001 0.508676841154
0 1001001000 0.491323158846

0100100101
1 1001001011 0.319279442149
0 1001001010 0.680720557851

1001001010
1 0010010101 0.346335583414
0 0010010100 0.653664416586

0010010100
1 0100101001 0.508789469299
0 0100101000 0.491210530701

0100101000
1 1001010001 1.0
0 1001010000 0.0

1001010001
1 0010100011 0.300365566628
0 0010100010 0.699634433372

0010100011
1 0101000111 1.0
0 0101000110 0.0

0101000111
1 1111 0.0
0 1010001110 1.0

1010001110
1 0100011101 0.857791363692
0 0100011100 0.142208636308

0100011100
1 1000111001 1.0
0 1000111000 0.0

1000111001
1 0001110011 0.0
0 0001110010 1.0

0001110010
1 0011100101 0.361110006759
0 0011100100 0.638889993241

0011100100
1 0111001001 0.495860470251
0 0111001000 0.504139529749

0111001000
1 1110010001 1.0
0 1110010000 0.0

1110010001
1 1100100011 0.303120506546
0 1100100010 0.696879493454

1100100011
1 1001000111 1.0
0 1001000110 0.0

1001000111
1 1111 0.0
0 0010001110 1.0

0010001110
1 0100011101 0.857764284165
0 0100011100 0.142235715835

0100011101
1 1000111011 0.211052957694
0 1000111010 0.788947042306

1000111010
1 0001110101 0.248863712319
0 0001110100 0.751136287681

0001110100
1 0011101001 0.374463304487
0 0011101000 0.625536695513

0011101000
1 0111010001 1.0
0 0111010000 0.0

0111010001
1 1110100011 0.268654978929
0 1110100010 0.731345021071

1110100010
1 1101000101 0.442053098186
0 1101000100 0.557946901814

1101000100
1 1010001001 0.510099381431
0 1010001000 0.489900618569

1101000101
1 1010001011 0.303127730211
0 1010001010 0.696872269789

1010001010
1 0100010101 0.352821131533
0 0100010100 0.647178868467

0100010101
1 1000101011 0.367237445269
0 1000101010 0.632741998479

1000101010
1 0001010101 0.405477404893
0 0001010100 0.594522595107

0001010100
1 0010101001 0.501693989071
0 0010101000 0.498306010929

0010101000
1 0101010001 1.0
0 0101010000 0.0

0101010001
1 1010100011 0.301405839642
0 1010100010 0.698594160358

1010100010
1 0101000101 0.480815577063
0 0101000100 0.519184422937

0101000101
1 1010001011 0.295675525512
0 1010001010 0.704324474488

1010001011
1 0100010111 0.515954732387
0 0100010110 0.484045267613

0100010110
1 101101 0.755348384179
0 1000101100 0.244651615821

1000101100
1 0001011001 1.0
0 0001011000 0.0

0001011001
1 0010110011 0.0
0 0010110010 1.0

0100010111
1 1111 0.501786178228
0 1000101110 0.498213821772

1000101110
1 0001011101 0.746952610651
0 0001011100 0.253047389349

0001011100
1 0010111001 1.0
0 0010111000 0.0

0010111001
1 0101110011 0.0
0 0101110010 1.0

0101110010
1 1011100101 0.377196127644
0 1011100100 0.622803872356

1011100100
1 0111001001 0.502473533195
0 0111001000 0.497526466805

0111001001
1 1110010011 0.532264206829
0 1110010010 0.467735793171

1110010010
1 1100100101 0.424692019282
0 1100100100 0.575307980718

1100100101
1 1001001011 0.319927971188
0 1001001010 0.680072028812

1001001011
1 0010010111 0.498665571751
0 0010010110 0.501334428249

0010010110
1 101101 0.751062824752
0 0100101100 0.248937175248

0100101100
1 1001011001 1.0
0 1001011000 0.0

0010010111
1 1111 0.501809690601
0 0100101110 0.498190309399

0100101110
1 1001011101 0.745987825125
0 1001011100 0.254012174875

1001011100
1 0010111001 1.0
0 0010111000 0.0

1001011101
1 0010111011 0.355746089049
0 0010111010 0.644253910951

0010111010
1 0101110101 0.393833478966
0 0101110100 0.606166521034

0101110100
1 1011101001 0.505238119338
0 1011101000 0.494761880662

1011101000
1 0111010001 1.0
0 0111010000 0.0

1011101001
1 0111010011 0.535511141262
0 0111010010 0.464488858738

0111010010
1 1110100101 0.423146678758
0 1110100100 0.576853321242

1110100100
1 1101001001 0.495966881482
0 1101001000 0.504033118518

1101001000
1 1010010001 1.0
0 1010010000 0.0

1010010001
1 0100100011 0.300468102836
0 0100100010 0.699531897164

0100100011
1 1001000111 1.0
0 1001000110 0.0

1101001001
1 1010010011 0.525364164205
0 1010010010 0.474635835795

1010010010
1 0100100101 0.418368938094
0 0100100100 0.581631061906

1010010011
1 0100100111 0.484171583778
0 0100100110 0.515828416222

0100100110
1 1001001101 0.739530471899
0 001100 0.260469528101

1001001101
1 0010011011 0.359130043691
0 0010011010 0.640869956309

0010011010
1 0100110101 0.399173699015
0 0100110100 0.600826300985

0100110100
1 1001101001 0.502032286954
0 1001101000 0.497967713046

1001101000
1 0011010001 1.0
0 0011010000 0.0

0011010001
1 0110100011 0.304450080701
0 0110100010 0.695549919299

0110100010
1 1101000101 0.484990074081
0 1101000100 0.515009925919

0110100011
1 1101000111 1.0
0 1101000110 0.0

1101000111
1 1111 0.0
0 1010001110 1.0

1001101001
1 0011010011 0.531104199067
0 0011010010 0.468895800933

0011010010
1 0110100101 0.420349234221
0 0110100100 0.579650765779

0110100100
1 1101001001 0.497949291573
0 1101001000 0.502050708427

0110100101
1 1101001011 0.315754114881
0 1101001010 0.684245885119

1101001010
1 1010010101 0.347206185049
0 1010010100 0.652793814951

1010010100
1 0100101001 0.509073198889
0 0100101000 0.490926801111

0100101001
1 1001010011 0.61420702754
0 1001010010 0.38579297246

1001010010
1 0010100101 0.431709899418
0 0010100100 0.568290100582

0010100100
1 0101001001 0.500997170818
0 0101001000 0.499002829182

0101001000
1 1010010001 1.0
0 1010010000 0.0

0101001001
1 1010010011 0.526694975905
0 1010010010 0.473305024095

0010100101
1 0101001011 0.306582020722
0 0101001010 0.693417979278

0101001010
1 1010010101 0.330177514793
0 1010010100 0.669822485207

1010010101
1 0100101011 0.354340155258
0 0100101010 0.645659844742

0100101010
1 1001010101 0.395262424524
0 1001010100 0.604737575476

1001010100
1 0010101001 0.50362035225
0 0010101000 0.49637964775

0010101001
1 0101010011 0.530885750963
0 0101010010 0.469114249037

0101010010
1 1010100101 0.429339853301
0 1010100100 0.570660146699

1010100100
1 0101001001 0.500049231981
0 0101001000 0.499950768019

1010100101
1 0101001011 0.314963744232
0 0101001010 0.685036255768

0101001011
1 1010010111 0.499545316763
0 1010010110 0.500454683237

1010010110
1 101101 0.753698687227
0 0100101100 0.246301312773

1010010111
1 1111 0.505906735751
0 0100101110 0.494093264249

0101010011
1 1010100111 0.490888878148
0 1010100110 0.509111121852

1010100110
1 0101001101 0.743009385999
0 001100 0.256990614001

0101001101
1 1010011011 0.360265548995
0 1010011010 0.639734451005

1010011010
1 0100110101 0.399713429725
0 0100110100 0.600286570275

0100110101
1 1001101011 0.35286197611
0 1001101010 0.64713802389

1001101010
1 0011010101 0.402560682849
0 0011010100 0.597439317151

0011010100
1 0110101001 0.502723457452
0 0110101000 0.497276542548

0110101000
1 1101010001 1.0
0 1101010000 0.0

1101010001
1 1010100011 0.300728465773
0 1010100010 0.699271534227

1010100011
1 0101000111 1.0
0 0101000110 0.0

0110101001
1 1101010011 0.531539708266
0 1101010010 0.468460291734

1101010010
1 1010100101 0.425601686479
0 1010100100 0.574398313521

1101010011
1 1010100111 0.485561719115
0 1010100110 0.514438280885

1010100111
1 1111 0.507478741932
0 0101001110 0.492521258068

0101001110
1 1010011101 0.751423240683
0 1010011100 0.248576759317

1010011100
1 0100111001 1.0
0 0100111000 0.0

0100111001
1 1001110011 0.0
0 1001110010 1.0

1001110010
1 0011100101 0.374077204846
0 0011100100 0.625922795154

0011100101
1 0111001011 0.397302970549
0 0111001010 0.602697029451

0111001010
1 1110010101 0.472473246136
0 1110010100 0.527526753864

1110010100
1 1100101001 0.488410596026
0 1100101000 0.511589403974

1100101000
1 1001010001 1.0
0 1001010000 0.0

1100101001
1 1001010011 0.375026833631
0 1001010010 0.624973166369

1001010011
1 0010100111 0.494395142457
0 0010100110 0.505604857543

0010100110
1 0101001101 0.740671720808
0 001100 0.259328279192

0010100111
1 1111 0.509728978457
0 0101001110 0.490271021543

1110010101
1 1100101011 0.350380607494
0 1100101010 0.649619392506

1100101010
1 1001010101 0.394247038917
0 1001010100 0.605752961083

1001010101
1 0010101011 0.350585058506
0 0010101010 0.649414941494

0010101010
1 0101010101 0.398883411534
0 0101010100 0.601116588466

0101010100
1 1010101001 0.498765066192
0 1010101000 0.501234933808

1010101000
1 0101010001 1.0
0 0101010000 0.0

1010101001
1 0101010011 0.52754982415
0 0101010010 0.47245017585

0101010101
1 1010101011 0.352590383899
0 1010101010 0.647409616101

1010101010
1 0101010101 0.398228510284
0 0101010100 0.601771489716

1010101011
1 0101010111 0.498465248849
0 0101010110 0.501534751151

0101010110
1 101101 0.754593175853
0 1010101100 0.245406824147

1010101100
1 0101011001 1.0
0 0101011000 0.0

0101011001
1 1010110011 0.0
0 1010110010 1.0

1010110010
1 0101100101 0.375367244657
0 0101100100 0.624632755343

0101100101
1 1011001011 0.388063317719
0 1011001010 0.611936682281

1011001010
1 0110010101 0.46869677771
0 0110010100 0.53130322229

0110010100
1 1100101001 0.492059941847
0 1100101000 0.507940058153

0110010101
1 1100101011 0.352096208452
0 1100101010 0.647903791548

1100101011
1 1001010111 0.501507201072
0 1001010110 0.498492798928

1001010110
1 101101 0.747949935261
0 0010101100 0.252050064739

0010101100
1 0101011001 1.0
0 0101011000 0.0

1001010111
1 1111 0.509147653896
0 0010101110 0.490852346104

0010101110
1 0101011101 0.758558760804
0 0101011100 0.241441239196

0101011100
1 1010111001 1.0
0 1010111000 0.0

1010111001
1 0101110011 0.0
0 0101110010 1.0

0101011101
1 1010111011 0.353957594507
0 1010111010 0.646042405493

1010111010
1 0101110101 0.3985633044
0 0101110100 0.6014366956

0101110101
1 1011101011 0.351095003085
0 1011101010 0.648904996915

1011101010
1 0111010101 0.399619585225
0 0111010100 0.600380414775

0111010100
1 1110101001 0.503998145787
0 1110101000 0.496001854213

1110101000
1 1101010001 1.0
0 1101010000 0.0

1110101001
1 1101010011 0.529583114464
0 1101010010 0.470416885536

0111010101
1 1110101011 0.345248868778
0 1110101010 0.654751131222

1110101010
1 1101010101 0.393822393822
0 1101010100 0.606177606178

1101010100
1 1010101001 0.502533248892
0 1010101000 0.497466751108

1101010101
1 1010101011 0.350546731583
0 1010101010 0.649453268417

1110101011
1 1101010111 0.499439061703
0 1101010110 0.500560938297

1101010110
1 101101 0.75169622664
0 1010101100 0.24830377336

1101010111
1 1111 0.510793054904
0 1010101110 0.489206945096

1010101110
1 0101011101 0.754530669145
0 0101011100 0.245469330855

1011101011
1 0111010111 0.502977862681
0 0111010110 0.497022137319

0111010110
1 101101 0.749746153245
0 1110101100 0.250253846755

1110101100
1 1101011001 1.0
0 1101011000 0.0

1101011001
1 1010110011 0.0
0 1010110010 1.0

0111010111
1 1111 0.510513369833
0 1110101110 0.489486630167

1110101110
1 1101011101 0.751443298969
0 1101011100 0.248556701031

1101011100
1 1010111001 1.0
0 1010111000 0.0

1101011101
1 1010111011 0.347568303822
0 1010111010 0.652431696178

1010111011
1 110111 0.494296156828
0 0101110110 0.505703843172

0101110110
1 101101 0.748896684395
0 1011101100 0.251103315605

1011101100
1 0111011001 1.0
0 0111011000 0.0

0111011001
1 1110110011 0.0
0 1110110010 1.0

1010111011
1 110111 0.494296156828
0 0101110110 0.505703843172

1011001011
1 0110010111 0.504649653979
0 0110010110 0.495350346021

0110010111
1 1111 0.505661755753
0 1100101110 0.494338244247

1100101110
1 1001011101 0.756432444906
0 1001011100 0.243567555094

0101010111
1 1111 0.504355595265
0 1010101110 0.495644404735

0010101011
1 0101010111 0.490975935829
0 0101010110 0.509024064171

1100101011
1 1001010111 0.501507201072
0 1001010110 0.498492798928

0111001011
1 1110010111 0.503028659253
0 1110010110 0.496971340747

1110010110
1 101101 0.752205724123
0 1100101100 0.247794275877

1110010111
1 1111 0.50669236535
0 1100101110 0.49330763465

1010011101
1 0100111011 0.352545931759
0 0100111010 0.647454068241

0100111010
1 1001110101 0.396092865232
0 1001110100 0.603907134768

1001110100
1 0011101001 0.500468823254
0 0011101000 0.499531176746

0011101001
1 0111010011 0.603856562923
0 0111010010 0.396143437077

0111010011
1 1110100111 0.317169317169
0 1110100110 0.682830682831

1110100110
1 1101001101 0.460169846301
0 001100 0.539830153699

1101001101
1 1010011011 0.362751176106
0 1010011010 0.637248823894

1010011011
1 110111 0.498043548313
0 0100110110 0.501956451687

0100110110
1 101101 0.754777070064
0 1001101100 0.245222929936

1001101100
1 0011011001 1.0
0 0011011000 0.0

0011011001
1 0110110011 0.0
0 0110110010 1.0

0110110010
1 1101100101 0.37998506348
0 1101100100 0.62001493652

1101100101
1 1011001011 0.38484192291
0 1011001010 0.61515807709

1110100111
1 1111 0.516721477359
0 1101001110 0.483278522641

1101001110
1 1010011101 0.754102203469
0 1010011100 0.245897796531

1001110101
1 0011101011 0.354610436026
0 0011101010 0.645389563974

0011101010
1 0111010101 0.409512633393
0 0111010100 0.590487366607

0011101011
1 0111010111 0.492336584479
0 0111010110 0.507663415521

0100111011
1 110111 0.521323379014
0 1001110110 0.478676620986

1001110110
1 101101 0.754513406687
0 0011101100 0.245486593313

0011101100
1 0111011001 1.0
0 0111011000 0.0

0011010101
1 0110101011 0.350914391731
0 0110101010 0.649085608269

0110101010
1 1101010101 0.403957823961
0 1101010100 0.596042176039

0110101011
1 1101010111 0.50941011236
0 1101010110 0.49058988764

1001101011
1 0011010111 0.497505136484
0 0011010110 0.502494863516

0011010110
1 101101 0.753115264798
0 0110101100 0.246884735202

0110101100
1 1101011001 1.0
0 1101011000 0.0

0011010111
1 1111 0.504228121927
0 0110101110 0.495771878073

0110101110
1 1101011101 0.745655608215
0 1101011100 0.254344391785

1010011011
1 110111 0.498043548313
0 0100110110 0.501956451687

1010100111
1 1111 0.507478741932
0 0101001110 0.492521258068

1001010101
1 0010101011 0.350585058506
0 0010101010 0.649414941494

0100101011
1 1001010111 0.499843798813
0 1001010110 0.500156201187

0101001011
1 1010010111 0.499545316763
0 1010010110 0.500454683237

1001010011
1 0010100111 0.494395142457
0 0010100110 0.505604857543

1010010101
1 0100101011 0.354340155258
0 0100101010 0.645659844742

1101001011
1 1010010111 0.503261683242
0 1010010110 0.496738316758

0011010011
1 0110100111 0.491861166136
0 0110100110 0.508138833864

0110100110
1 1101001101 0.746309390894
0 001100 0.253690609106

0110100111
1 1111 0.519016519401
0 1101001110 0.480983480599

0100110101
1 1001101011 0.35286197611
0 1001101010 0.64713802389

0010011011
1 110111 0.504302028472
0 0100110110 0.495697971528

0100100111
1 1111 0.508454227114
0 1001001110 0.491545772886

1001001110
1 0010011101 0.765138956607
0 0010011100 0.234861043393

0010011100
1 0100111001 1.0
0 0100111000 0.0

0010011101
1 0100111011 0.36051861146
0 0100111010 0.63948138854

1110100101
1 1101001011 0.322025112314
0 1101001010 0.677974887686

0111010011
1 1110100111 0.317169317169
0 1110100110 0.682830682831

0101110101
1 1011101011 0.351095003085
0 1011101010 0.648904996915

0010111011
1 110111 0.510935531891
0 0101110110 0.489064468109

1110010011
1 1100100111 0.491452991453
0 1100100110 0.508547008547

1100100110
1 1001001101 0.742165106058
0 001100 0.257834893942

1100100111
1 1111 0.498097430357
0 1001001110 0.501902569643

1011100101
1 0111001011 0.395970394737
0 0111001010 0.604029605263

0001011101
1 0010111011 0.349332402478
0 0010111010 0.650667597522

1010100011
1 0101000111 1.0
0 0101000110 0.0

0010101001
1 0101010011 0.530885750963
0 0101010010 0.469114249037

0001010101
1 0010101011 0.344683919558
0 0010101010 0.655316080442

1000101011
1 0001010111 0.498796529527
0 0001010110 0.501203470473

0001010110
1 101101 0.742238105874
0 0010101100 0.257761894126

0001010111
1 1111 0.512063741443
0 0010101110 0.487936258557

1010001011
1 0100010111 0.515954732387
0 0100010110 0.484045267613

1110100011
1 1101000111 1.0
0 1101000110 0.0

0011101001
1 0111010011 0.603856562923
0 0111010010 0.396143437077

0001110101
1 0011101011 0.387631773316
0 0011101010 0.612368226684

1000111011
1 110111 0.528921231807
0 0001110110 0.471078768193

0001110110
1 101101 0.758469800438
0 0011101100 0.241530199562

0111001001
1 1110010011 0.532264206829
0 1110010010 0.467735793171

0011100101
1 0111001011 0.397302970549
0 0111001010 0.602697029451

0100011101
1 1000111011 0.211052957694
0 1000111010 0.788947042306

0100101001
1 1001010011 0.61420702754
0 1001010010 0.38579297246

0010010101
1 0100101011 0.362013115272
0 0100101010 0.637986884728

1001001011
1 0010010111 0.498665571751
0 0010010110 0.501334428249

0010010011
1 0100100111 0.48937680645
0 0100100110 0.51062319355

1100100101
1 1001001011 0.319927971188
0 1001001010 0.680072028812

0110010011
1 1100100111 0.516895883548
0 1100100110 0.483104116452

0101100101
1 1011001011 0.388063317719
0 1011001010 0.611936682281

0110010111
1 1111 0.505661755753
0 1100101110 0.494338244247

0011001010
1 0110010101 0.475719088532
0 0110010100 0.524280911468

001100100
0 0011001000 0.479324131088
1 0011001001 0.520675868912

0011001001
1 0110010011 0.597298509136
0 0110010010 0.402701490864

0011001000
1 0110010001 1.0
0 0110010000 0.0

0001001101
1 0010011011 0.360643910358
0 0010011010 0.639356089642

1000100111
1 1111 0.507503743167
0 0001001110 0.492496256833

0001001110
1 0010011101 0.75
0 0010011100 0.25

0101000101
1 1010001011 0.295675525512
0 1010001010 0.704324474488

0010100011
1 0101000111 1.0
0 0101000110 0.0

1000101001
1 0001010011 0.565671742202
0 0001010010 0.434328257798

0001010010
1 0010100101 0.441036761669
0 0010100100 0.558963238331

0001010011
1 0010100111 0.493121902874
0 0010100110 0.506878097126

0100010101
1 1000101011 0.367237445269
0 1000101010 0.632741998479

0010001011
1 0100010111 0.518721879051
0 0100010110 0.481278120949

0100100011
1 1001000111 1.0
0 1001000110 0.0

0001001001
1 0010010011 0.533038550165
0 0010010010 0.466961449835

1000100101
1 0001001011 0.314077711726
0 0001001010 0.685922288274

0001001010
1 0010010101 0.343779438548
0 0010010100 0.656220561452

0001001011
1 0010010111 0.508435056919
0 0010010110 0.491564943081

0100010011
1 1000100111 0.491418695779
0 1000100110 0.508581304221

0001000101
1 0010001011 0.301420612813
0 0010001010 0.698579387187

1000100011
1 0001000111 1.0
0 0001000110 0.0

0001000111
1 1111 0.0
0 0010001110 1.0

0010001001
1 0100010011 0.504883778437
0 0100010010 0.495116221563

1001000101
1 0010001011 0.297842310816
0 0010001010 0.702157689184

1100100011
1 1001000111 1.0
0 1001000110 0.0

1011001001
1 0110010011 0.52549412059
0 0110010010 0.47450587941

1101100101
1 1011001011 0.38484192291
0 1011001010 0.61515807709

1111010
0 11110100 0.601296883931
1 11110101 0.398703116069

11110101
0 111101010 0.648697414603
1 111101011 0.351302585397

111101011
0 1111010110 0.496798705411
1 1111010111 0.503201294589

1111010111
1 1111 0.506291946309
0 1110101110 0.493708053691

1111010110
1 101101 0.749327290752
0 1110101100 0.250672709248

111101010
0 1111010100 0.599390360069
1 1111010101 0.400609639931

1111010101
1 1110101011 0.352006848012
0 1110101010 0.647993151988

1111010100
1 1110101001 0.501811709364
0 1110101000 0.498188290636

11110100
0 111101000 0.500180280582
1 111101001 0.499819719418

111101001
0 1111010010 0.469783913172
1 1111010011 0.530216086828

1111010011
1 1110100111 0.495856524428
0 1110100110 0.504143475572

1111010010
1 1110100101 0.430166817896
0 1110100100 0.569833182104

111101000
0 1111010000 0.0
1 1111010001 1.0

1111010001
1 1110100011 0.301353255349
0 1110100010 0.698646744651

111100
0 1111000 0.0
1 1111001 1.0

1111001
0 11110010 1.0
1 11110011 0.0

11110010
0 111100100 0.622627182992
1 111100101 0.377372817008

111100101
0 1111001010 0.609348398081
1 1111001011 0.390651601919

1111001011
1 1110010111 0.498547279451
0 1110010110 0.501452720549

1111001010
1 1110010101 0.472779612226
0 1110010100 0.527220387774

111100100
0 1111001000 0.496654158849
1 1111001001 0.503345841151

1111001001
1 1110010011 0.526868360564
0 1110010010 0.473131639436

1111001000
1 1110010001 1.0
0 1110010000 0.0

1101110
0 11011100 0.24784875521
1 11011101 0.75215124479

11011101
0 110111010 0.645618692455
1 110111011 0.354381307545

110111011
0 1101110110 0.496730083234
1 110111 0.503269916766

1101110110
1 101101 0.754398563734
0 1011101100 0.245601436266

110111010
0 1101110100 0.60092027543
1 1101110101 0.39907972457

1101110101
1 1011101011 0.355384741189
0 1011101010 0.644615258811

1101110100
1 1011101001 0.49853372434
0 1011101000 0.50146627566

11011100
0 110111000 0.0
1 110111001 1.0

110111001
0 1101110010 1.0
1 1101110011 0.0

1101110010
1 1011100101 0.373913043478
0 1011100100 0.626086956522

10110110
0 101101100 0.246632154833
1 101101 0.753367845167

101101100
0 1011011000 0.0
1 1011011001 1.0

1011011001
1 0110110011 0.0
0 0110110010 1.0

1011010
0 10110100 0.601748044845
1 10110101 0.398251955155

10110101
0 101101010 0.646085577174
1 101101011 0.353914422826

101101011
0 1011010110 0.495631453535
1 1011010111 0.504368546465

1011010111
1 1111 0.500337457818
0 0110101110 0.499662542182

1011010110
1 101101 0.754693223443
0 0110101100 0.245306776557

101101010
0 1011010100 0.606489107126
1 1011010101 0.393510892874

1011010101
1 0110101011 0.35318275154
0 0110101010 0.64681724846

1011010100
1 0110101001 0.50192159877
0 0110101000 0.49807840123

10110100
0 101101000 0.496644562863
1 101101001 0.503355437137

101101001
0 1011010010 0.468583346534
1 1011010011 0.531416653466

1011010011
1 0110100111 0.49217546823
0 0110100110 0.50782453177

1011010010
1 0110100101 0.428136796439
0 0110100100 0.571863203561

101101000
0 1011010000 0.0
1 1011010001 1.0

1011010001
1 0110100011 0.298343724079
0 0110100010 0.701656275921

110111
0 1101110 0.496319076308
1 1111 0.503680923692

001100
0 0011000 0.0
1 0011001 1.0

1111
0 11110 0.49535448947
1 1111 0.50464551053

