1111
1 1111 0.50464551053
0 11110 0.49535448947

11110
1 111101 0.753169301744
0 111100 0.246830698256

111101
1 1111 0.352542956861
0 1111010 0.647457043139

111100
1 1111001 1.0

1111010
1 111101 0.398703116069
0 1111 0.601296883931

1111001
0 111101 1.0

0
1 111101 0.596346519269
0 00 0.403653480731

01001
1 010011 0.537244149038
0 1111010 0.462755850962

00
1 111101 0.704503418031
0 111100 0.295496581969

010011
1 1111 0.472158827942
0 00 0.527841172058

010001
1 111100 0.296548740675
0 1111 0.703451259325

1110
1 010001 0.784596621517
0 111100 0.215403378483

0011
1 00111 0.662616238978
0 00 0.337383761022

0010
1 111101 0.432061280081
0 1111 0.567938719919

00111
1 1111 0.231858712252
0 001110 0.768141287748

0001110
1 00111 0.85777936096
0 111100 0.14222063904

001110
1 00111 0.828050344717
0 111100 0.171949655283

