0
1 01 0.0100317946419
0 00 0.989968103331

00
1 01 0.0100289487459
0 000 0.989970948193

000
1 01 0.0100319612347
0 0000 0.98996793466

0000
1 00001 0.0100286728808
0 0000 0.989971221959

011
1 0111 0.0101398423595
0 0110 0.98986015764

0110
1 01101 0.0103361828045
0 01100 0.989663817195

01100
1 011001 0.00970702435581
0 011000 0.990292975644

0110000
1 01100001 0.00949132433635
0 0000 0.990508675664

000011
1 0111 0.0102132835602
0 0000110 0.98978671644

011000
1 0110001 0.0103263547444
0 0110000 0.989673645256

110001100
1 011001 0.010183299389
0 100011000 0.989816700611

110110000
1 01100001 0.0112589559877
0 101100000 0.988741044012

011110000
1 111100001 0.0125523012552
0 0000 0.987447698745

011001100
1 110011001 0.0109051254089
0 011000 0.989094874591

01111000
1 011110001 0.0123966942149
0 011110000 0.987603305785

01100110
1 011001101 0.0129171151776
0 011001100 0.987082884822

01101100
1 011011001 0.0110998990918
0 011011000 0.988900100908

0111100
1 01111001 0.0122448979592
0 01111000 0.987755102041

0110011
1 01100111 0.00641711229947
0 01100110 0.993582887701

0110110
1 01101101 0.009
0 01101100 0.991

011110
1 0111101 0.0080971659919
0 0111100 0.991902834008

011011
1 0110111 0.00596421471173
0 0110110 0.994035785288

01111
1 011111 0.00902708124373
0 011110 0.990972918756

011011000
1 110110001 0.0112244897959
0 110110000 0.988775510204

0000110
1 00001101 0.0103822357827
0 01100 0.989617764217

011000011
1 110000111 0.0122767857143
0 0000110 0.987723214286

01100011
1 011000111 0.0111675126904
0 011000110 0.98883248731

101100000
1 00001 0.00621118012422
0 e 0.993788819876

100011000
1 0110001 0.00720164609053
0 e 0.992798353909

1111
1 11111 0.0177339901478
0 011110 0.982266009852

01
1 011 1.0

00001
1 000011 1.0

011001
1 0110011 1.0

01101
1 011011 1.0

0111
1 01111 1.0

01100001
1 011000011 1.0

0110001
1 01100011 1.0

110011001
1 100110011 1.0

111100001
1 111000011 1.0

011110001
1 111100011 1.0

011011001
1 110110011 1.0

011001101
1 110011011 1.0

011000111
1 110001111 1.0

01111001
1 011110011 1.0

01100111
1 011001111 1.0

01101101
1 011011011 1.0

0111101
1 01111011 1.0

0110111
1 01101111 1.0

011111
1 0111111 1.0

110110001
1 101100011 1.0

00001101
1 000011011 1.0

110001101
1 100011011 1.0

110000111
1 100001111 1.0

111110000
0 0000 1.0

111001100
0 011000 1.0

111000110
0 110001100 1.0

111011000
0 110110000 1.0

101111000
0 011110000 1.0

101100110
0 011001100 1.0

100111100
0 01111000 1.0

100110011
0 01100110 1.0

100110110
0 01101100 1.0

100011110
0 0111100 1.0

101101100
0 011011000 1.0

111000011
0 0000110 1.0

111100110
0 111001100 1.0

111100011
0 111000110 1.0

111101100
0 111011000 1.0

110111100
0 101111000 1.0

110110011
0 101100110 1.0

110011110
0 100111100 1.0

110011011
0 100110110 1.0

110001111
0 100011110 1.0

110110110
0 101101100 1.0

011110011
0 111100110 1.0

011110110
0 111101100 1.0

011011110
0 110111100 1.0

011001111
0 110011110 1.0

011011011
0 110110110 1.0

01111011
0 011110110 1.0

01101111
0 011011110 1.0

0111111
0 01111110 1.0

01111110
0 011111100 1.0

101100011
0 011000110 1.0

011111100
0 111111000 1.0

000011011
1 0110111 0.00510204081633
0 0110110 0.994897959184

011000110
1 110001101 0.00513347022587
0 110001100 0.994866529774

111111000
1 011110001 0.111111111111
0 111110000 0.888888888889

100011011
1 0110111 0.2
0 0110110 0.8

100001111
1 011111 0.0909090909091
0 011110 0.909090909091

11
1 111 0.0200524233334
0 0110 0.979947576667

e
1 1 0.0198663
0 0 0.9801337

111
1 1111 0.504473161034
0 011110 0.495526838966

11111
1 0111111 0.5
0 01111110 0.5

1
1 11 0.505061335025
0 0110 0.494938664975

