1111
1 1111 0.50464551053
0 11110 0.49535448947

111011
1 110111 0.51214907008
0 110110 0.48785092992

110111
1 1111 0.503680923692
0 101110 0.496319076308

100100
1 001001 0.502966195101
0 101000 0.497033804899

100111
1 1111 0.509068784857
0 001110 0.490931215143

001001
1 010011 0.526780371591
0 010010 0.473219628409

010100
1 101001 0.499288523273
0 101000 0.500711476727

100010
1 000101 0.473973379861
0 100100 0.526026620139

11110
1 111101 0.753169301744
0 111100 0.246830698256

110110
1 101101 0.752680416548
0 111100 0.247319583452

101110
1 011101 0.751592161196
0 111100 0.248407838804

100101
1 111011 0.349234711409
0 001010 0.650765288591

111101
1 111011 0.352542956861
0 111010 0.647457043139

110101
1 111011 0.358480340064
0 101010 0.641519659936

101101
1 111011 0.35299382764
0 011010 0.64700617236

110010
1 100101 0.366772168875
0 100100 0.633227831125

001010
1 110101 0.371412913145
0 010100 0.628587086855

111010
1 110101 0.342130110176
0 110100 0.657869889824

100011
1 000111 1.0

111100
1 111001 1.0

101000
1 010001 1.0

000111
1 1111 0.0
0 001110 1.0

111001
0 110010 1.0

010011
1 100111 0.472158827942
0 100110 0.527841172058

110100
1 101001 0.466983983306
0 101000 0.533016016694

010010
1 100101 0.425532782177
0 100100 0.574467217823

101010
1 110101 0.399959268917
0 010100 0.600040731083

011010
1 110101 0.39869512621
0 110100 0.60130487379

101001
1 010011 0.546207651874
0 010010 0.453792348126

000101
1 111011 0.299421163005
0 001010 0.700578836995

011101
1 111011 0.282913294038
0 111010 0.717086705962

010001
1 100011 0.296548740675
0 100010 0.703451259325

100110
1 101101 0.685813630042
0 111100 0.314186369958

001110
1 011101 0.828050344717
0 111100 0.171949655283

