1111
1 1111 0.50464551053
0 11110 0.49535448947

11110
1 111101 0.753169301744
0 111100 0.246830698256

111101
1 1111 0.352542956861
0 1111010 0.647457043139

111100
1 1111001 1.0

1111010
1 111101 0.398703116069
0 1111 0.601296883931

1111001
0 111101 1.0

1111010010
1 1111010001 0.430166817896
0 1111 0.569833182104

1111010001
1 111100 0.301353255349
0 1111 0.698646744651

1111001010
1 111101 0.472779612226
0 1111 0.527220387774

11110101001
1 1111 0.537496833038
0 1111010 0.462503166962

11010001110
1 10100011101 0.856597437384
0 111100 0.143402562616

10100101001
1 1111 0.612784352633
0 1111010010 0.387215647367

10100011101
1 1111 0.210323802759
0 01001010001 0.789676197241

01001010001
1 111100 0.243267716535
0 1111 0.756732283465

