1111
1 1111 0.50464551053
0 11110 0.49535448947

11110
1 01 0.753169301744
0 11100 0.246830698256

01
1 011 0.338826225831
0 010 0.661173438793

11100
1 11001 1.0

011
1 01 0.58190973078
0 11110 0.41809026922

010
1 01 0.401685162434
0 1111 0.598314837566

11001
0 010 1.0

01110
1 11101 0.801815132423
0 11100 0.198184867577

01001
1 10011 0.537244149038
0 010 0.462755850962

11101
1 1111 0.306571969943
0 01 0.693428030057

10011
1 1111 0.472158827942
0 00110 0.527841172058

00110
1 01 0.685813630042
0 11100 0.314186369958

00111
1 1111 0.231858712252
0 01110 0.768141287748

