1111
1 1111 0.323857302118
0 1111 0.676142697882

111100
1 1111 0.265993661228
0 111100 0.734006338772

1111111
1 1111 0.357142857143
0 1111 0.642857142857

1110000
1 1100001 0.19578153538
0 1100000 0.80421846462

1100001
1 111100 0.223449122
0 1110000 0.776550878

1100000
1 1110000 0.145612914284
0 1000000 0.854387085716

1000100
1 1100001 0.171233366719
0 1100000 0.828766633281

1000000
1 1000100 0.0881870376672
0 e 0.911812962333

101101
1 111100 0.294967953089
0 111100 0.705032046911

10000
1 1110000 0.115112715432
0 1000000 0.884887284568

e
1 1110000 0.023219
0 e 0.976781

000
1 1100000 0.0141647637072
0 000 0.985835215067

