00011000
1 00110001 0.174256799494
0 00110000 0.825743200506

00110000
1 01100001 0.155496870516
0 01100000 0.844503129484

01100000
1 1000001 0.139905397114
0 11000000 0.860094602886

11000000
1 10000001 0.125547125766
0 0000000 0.874452874234

0000000
0 0000000 0.990628671117
1 00000001 0.00937130660711

00000001
1 00000011 0.11366191659
0 00000010 0.88633808341

00000010
1 00000101 0.110423413521
0 00000100 0.889576586479

00000100
1 00001001 0.105482193885
0 00001000 0.894517806115

00001000
1 010001 0.100903856096
0 00010000 0.899096143904

00010000
1 00100001 0.0949886627092
0 00100000 0.905011337291

00100000
1 1000001 0.0893050471073
0 01000000 0.910694952893

01000000
1 10000001 0.0831482397042
0 0000000 0.916851760296

10000001
1 00000011 0.16946028313
0 00000010 0.83053971687

00000011
1 00000111 0.206609153385
0 00000110 0.793390846615

00000110
1 00001101 0.193840185269
0 00001100 0.806159814731

00001100
1 00011001 0.185574506097
0 00011000 0.814425493903

00011001
1 00110011 0.240100791937
0 00110010 0.759899208063

00110010
1 01100101 0.221781630395
0 01100100 0.778218369605

01100100
1 11001001 0.206269592476
0 11001000 0.793730407524

11001000
1 010001 0.185004623014
0 10010000 0.814995376986

10010000
1 00100001 0.143766838109
0 00100000 0.856233161891

00100001
1 01000011 0.185052337123
0 01000010 0.814947662877

01000010
1 10000101 0.168341188642
0 10000100 0.831658811358

10000100
1 00001001 0.15670293945
0 00001000 0.84329706055

00001001
1 00010011 0.195380646218
0 00010010 0.804619353782

00010010
1 00100101 0.184538973689
0 00100100 0.815461026311

00100100
1 01001001 0.173051031488
0 01001000 0.826948968512

01001000
1 010001 0.155093090252
0 10010000 0.844906909748

010001
0 0100010 0.797407230174
1 0100011 0.202592769826

0100011
0 01000110 0.742967575693
1 01000111 0.257032424307

01000111
1 1111 0.300194931774
0 10001110 0.699805068226

10001110
1 00011101 0.268242848803
0 00011100 0.731757151197

00011100
1 00111001 0.239563648858
0 00111000 0.760436351142

00111000
1 01110001 0.210056350238
0 01110000 0.789943649762

01110000
1 11100001 0.186149312377
0 11100000 0.813850687623

11100000
1 1000001 0.16673992674
0 11000000 0.83326007326

1000001
0 10000010 0.817893413289
1 10000011 0.182106586711

10000011
1 00000111 0.24442319949
0 00000110 0.75557680051

00000111
1 1111 0.279088570379
0 00001110 0.720911429621

00001110
1 00011101 0.25349350331
0 00011100 0.74650649669

00011101
1 00111011 0.290723700572
0 00111010 0.709276299428

00111010
1 01110101 0.274240422721
0 01110100 0.725759577279

01110100
1 11101001 0.238805970149
0 11101000 0.761194029851

11101000
1 010001 0.217421930031
0 11010000 0.782578069969

11010000
1 10100001 0.174442675159
0 10100000 0.825557324841

10100000
1 1000001 0.133016259691
0 01000000 0.866983740309

10100001
1 01000011 0.213950511945
0 01000010 0.786049488055

01000011
1 10000111 0.259770790479
0 10000110 0.740229209521

10000110
1 00001101 0.234211886305
0 00001100 0.765788113695

00001101
1 00011011 0.258562069823
0 00011010 0.741437930177

00011010
1 00110101 0.236965152184
0 00110100 0.763034847816

00110100
1 01101001 0.223040977714
0 01101000 0.776959022286

01101000
1 010001 0.20071032571
0 11010000 0.79928967429

01101001
1 11010011 0.245583038869
0 11010010 0.754416961131

11010010
1 10100101 0.246778711485
0 10100100 0.753221288515

10100100
1 01001001 0.202779353375
0 01001000 0.797220646625

01001001
1 10010011 0.233537670556
0 10010010 0.766462329444

10010010
1 00100101 0.215784806385
0 00100100 0.784215193615

00100101
1 01001011 0.254949121184
0 01001010 0.745050878816

01001010
1 10010101 0.22274835717
0 10010100 0.77725164283

10010100
1 00101001 0.19772335948
0 00101000 0.80227664052

00101000
1 010001 0.162807062436
0 01010000 0.837192937564

01010000
1 10100001 0.148025299244
0 10100000 0.851974700756

00101001
1 01010011 0.24225652976
0 01010010 0.75774347024

01010010
1 10100101 0.223064802048
0 10100100 0.776935197952

10100101
1 01001011 0.270820089002
0 01001010 0.729179910998

01001011
1 10010111 0.284922394678
0 10010110 0.715077605322

10010110
1 00101101 0.257321580893
0 00101100 0.742678419107

00101100
1 01011001 0.234950941395
0 01011000 0.765049058605

01011000
1 10110001 0.205031225262
0 10110000 0.794968774738

10110000
1 01100001 0.184301464538
0 01100000 0.815698535462

01100001
1 11000011 0.21856349043
0 11000010 0.78143650957

11000010
1 10000101 0.198084329021
0 10000100 0.801915670979

10000101
1 00001011 0.240566037736
0 00001010 0.759433962264

00001010
1 00010101 0.190453559252
0 00010100 0.809546440748

00010100
1 00101001 0.176119466849
0 00101000 0.823880533151

00010101
1 00101011 0.252292376212
0 00101010 0.747707623788

00101010
1 01010101 0.238121597933
0 01010100 0.761878402067

01010100
1 10101001 0.208623087622
0 10101000 0.791376912378

10101000
1 010001 0.1908956135
0 01010000 0.8091043865

10101001
1 01010011 0.253019707565
0 01010010 0.746980292435

01010011
1 10100111 0.273473108478
0 10100110 0.726526891522

10100110
1 01001101 0.259520884521
0 01001100 0.740479115479

01001100
1 10011001 0.217306622148
0 10011000 0.782693377852

10011000
1 00110001 0.198527431086
0 00110000 0.801472568914

00110001
1 1100011 0.239022527682
0 01100010 0.760977472318

01100010
1 1000101 0.210759310942
0 11000100 0.789240689058

11000100
1 10001001 0.192496812967
0 10001000 0.807503187033

10001000
1 010001 0.148021062627
0 00010000 0.851978937373

10001001
1 00010011 0.225506580322
0 00010010 0.774493419678

00010011
1 00100111 0.258610375182
0 00100110 0.741389624818

00100110
1 01001101 0.237405484194
0 01001100 0.762594515806

01001101
1 10011011 0.284555201391
0 10011010 0.715444798609

10011010
1 00110101 0.264609908039
0 00110100 0.735390091961

00110101
1 01101011 0.268026830632
0 01101010 0.731973169368

01101010
1 11010101 0.247402415052
0 11010100 0.752597584948

11010100
1 10101001 0.234064785789
0 10101000 0.765935214211

11010101
1 10101011 0.293842556508
0 10101010 0.706157443492

10101010
1 01010101 0.23816701839
0 01010100 0.76183298161

01010101
1 10101011 0.284781963809
0 10101010 0.715218036191

10101011
1 01010111 0.319371727749
0 01010110 0.680628272251

01010110
1 10101101 0.275147100028
0 10101100 0.724852899972

10101100
1 01011001 0.240839160839
0 01011000 0.759160839161

01011001
1 10110011 0.271952259165
0 10110010 0.728047740835

10110010
1 01100101 0.236414565826
0 01100100 0.763585434174

01100101
1 11001011 0.289012003693
0 11001010 0.710987996307

11001010
1 10010101 0.26426609704
0 10010100 0.73573390296

10010101
1 00101011 0.281929990539
0 00101010 0.718070009461

00101011
1 01010111 0.297118688871
0 01010110 0.702881311129

01010111
1 1111 0.32946486138
0 10101110 0.67053513862

10101110
1 01011101 0.285223367698
0 01011100 0.714776632302

01011100
1 10111001 0.256646216769
0 10111000 0.743353783231

10111000
1 01110001 0.228244654401
0 01110000 0.771755345599

01110001
1 1100011 0.257108650105
0 11100010 0.742891349895

11100010
1 1000101 0.219258843346
0 11000100 0.780741156654

1000101
0 10001010 0.751822576932
1 10001011 0.248177423068

10001011
1 00010111 0.289424860853
0 00010110 0.710575139147

00010110
1 00101101 0.246731884685
0 00101100 0.753268115315

00101101
1 01011011 0.281757656458
0 01011010 0.718242343542

01011010
1 10110101 0.262984336356
0 10110100 0.737015663644

10110100
1 01101001 0.239769150052
0 01101000 0.760230849948

10110101
1 01101011 0.306332842415
0 01101010 0.693667157585

01101011
1 11010111 0.288727272727
0 11010110 0.711272727273

11010110
1 10101101 0.283538796229
0 10101100 0.716461203771

10101101
1 01011011 0.313911143481
0 01011010 0.686088856519

01011011
1 10110111 0.276695768972
0 10110110 0.723304231028

10110110
1 01101101 0.294042280589
0 01101100 0.705957719411

01101100
1 11011001 0.257911392405
0 11011000 0.742088607595

11011000
1 10110001 0.228521911364
0 10110000 0.771478088636

10110001
1 1100011 0.256607252612
0 01100010 0.743392747388

1100011
0 11000110 0.718248807976
1 11000111 0.281751192024

11000111
1 1111 0.297692307692
0 10001110 0.702307692308

1111
0 11110 0.676142697882
1 1111 0.323857302118

11110
0 111100 0.702308326463
1 111101 0.297691673537

111101
0 1111010 0.701190805871
1 1111011 0.298809194129

1111011
0 11110110 0.691380908248
1 11110111 0.308619091752

11110111
1 1111 0.354354354354
0 11101110 0.645645645646

11101110
1 11011101 0.272727272727
0 11011100 0.727272727273

11011100
1 10111001 0.283601286174
0 10111000 0.716398713826

10111001
1 01110011 0.274740484429
0 01110010 0.725259515571

01110010
1 11100101 0.257559395248
0 11100100 0.742440604752

11100100
1 11001001 0.232034412955
0 11001000 0.767965587045

11001001
1 10010011 0.255590062112
0 10010010 0.744409937888

10010011
1 00100111 0.277237048666
0 00100110 0.722762951334

00100111
1 1111 0.297774366846
0 01001110 0.702225633154

01001110
1 10011101 0.281267370762
0 10011100 0.718732629238

10011100
1 00111001 0.24831838565
0 00111000 0.75168161435

00111001
1 01110011 0.277278911565
0 01110010 0.722721088435

01110011
1 11100111 0.319915254237
0 11100110 0.680084745763

11100110
1 11001101 0.265646731572
0 11001100 0.734353268428

11001100
1 10011001 0.251387347392
0 10011000 0.748612652608

10011001
1 00110011 0.261311172669
0 00110010 0.738688827331

00110011
1 01100111 0.282627239124
0 01100110 0.717372760876

01100110
1 11001101 0.262944749783
0 11001100 0.737055250217

11001101
1 10011011 0.301316808675
0 10011010 0.698683191325

10011011
1 00110111 0.310722100656
0 00110110 0.689277899344

00110110
1 01101101 0.288548003174
0 01101100 0.711451996826

01101101
1 11011011 0.303225806452
0 11011010 0.696774193548

11011010
1 10110101 0.261920313521
0 10110100 0.738079686479

11011011
1 10110111 0.281899109792
0 10110110 0.718100890208

10110111
1 1111 0.360465116279
0 01101110 0.639534883721

01101110
1 11011101 0.299931833674
0 11011100 0.700068166326

11011101
1 10111011 0.333855799373
0 10111010 0.666144200627

10111010
1 01110101 0.272727272727
0 01110100 0.727272727273

01110101
1 11101011 0.284027777778
0 11101010 0.715972222222

11101010
1 11010101 0.25935483871
0 11010100 0.74064516129

11101011
1 11010111 0.331666666667
0 11010110 0.668333333333

11010111
1 1111 0.303691275168
0 10101110 0.696308724832

10111011
1 01110111 0.300884955752
0 01110110 0.699115044248

01110110
1 11101101 0.272668810289
0 11101100 0.727331189711

11101100
1 11011001 0.255771567436
0 11011000 0.744228432564

11011001
1 10110011 0.279485346676
0 10110010 0.720514653324

10110011
1 01100111 0.307121661721
0 01100110 0.692878338279

01100111
1 1111 0.342329545455
0 11001110 0.657670454545

11001110
1 10011101 0.274741506647
0 10011100 0.725258493353

10011101
1 00111011 0.325867052023
0 00111010 0.674132947977

00111011
1 01110111 0.332716049383
0 01110110 0.667283950617

01110111
1 1111 0.312247644684
0 11101110 0.687752355316

11101101
1 11011011 0.311450381679
0 11011010 0.688549618321

01110111
1 1111 0.312247644684
0 11101110 0.687752355316

00110111
1 1111 0.325015595758
0 01101110 0.674984404242

01100111
1 1111 0.342329545455
0 11001110 0.657670454545

11001101
1 10011011 0.301316808675
0 10011010 0.698683191325

11100111
1 1111 0.341538461538
0 11001110 0.658461538462

10011101
1 00111011 0.325867052023
0 00111010 0.674132947977

11100101
1 11001011 0.281575037147
0 11001010 0.718424962853

11001011
1 10010111 0.289074355083
0 10010110 0.710925644917

10010111
1 1111 0.325053229241
0 00101110 0.674946770759

00101110
1 01011101 0.276756484513
0 01011100 0.723243515487

01011101
1 10111011 0.3071334214
0 10111010 0.6928665786

01110011
1 11100111 0.319915254237
0 11100110 0.680084745763

11011101
1 10111011 0.333855799373
0 10111010 0.666144200627

11110110
1 11101101 0.309651474531
0 11101100 0.690348525469

1111010
0 11110100 0.719589257504
1 11110101 0.280410742496

11110101
1 11101011 0.269014084507
0 11101010 0.730985915493

11110100
1 11101001 0.257958287596
0 11101000 0.742041712404

11101001
1 11010011 0.270622286541
0 11010010 0.729377713459

11010011
1 10100111 0.283940397351
0 10100110 0.716059602649

10100111
1 1111 0.313757039421
0 01001110 0.686242960579

111100
0 1111000 0.734006338772
1 1111001 0.265993661228

1111001
0 11110010 0.703442188879
1 11110011 0.296557811121

11110011
1 11100111 0.293154761905
0 11100110 0.706845238095

11110010
1 11100101 0.245922208281
0 11100100 0.754077791719

1111000
0 11110000 0.760754837678
1 11110001 0.239245162322

11110001
1 1100011 0.27807486631
0 11100010 0.72192513369

11110000
1 11100001 0.220517132647
0 11100000 0.779482867353

11100001
1 11000011 0.237736984652
0 11000010 0.762263015348

11000011
1 10000111 0.27316403569
0 10000110 0.72683596431

10000111
1 1111 0.295533642691
0 00001110 0.704466357309

11000110
1 10001101 0.244417622209
0 10001100 0.755582377791

10001100
1 00011001 0.209418548775
0 00011000 0.790581451225

10001101
1 00011011 0.272119185163
0 00011010 0.727880814837

00011011
1 00110111 0.293296785447
0 00110110 0.706703214553

11011001
1 10110011 0.279485346676
0 10110010 0.720514653324

01101101
1 11011011 0.303225806452
0 11011010 0.696774193548

10110111
1 1111 0.360465116279
0 01101110 0.639534883721

11010111
1 1111 0.303691275168
0 10101110 0.696308724832

01011011
1 10110111 0.276695768972
0 10110110 0.723304231028

00010111
1 1111 0.309398582209
0 00101110 0.690601417791

10001010
1 00010101 0.228028988466
0 00010100 0.771971011534

1100011
0 11000110 0.718248807976
1 11000111 0.281751192024

10111001
1 01110011 0.274740484429
0 01110010 0.725259515571

01011101
1 10111011 0.3071334214
0 10111010 0.6928665786

1111
0 11110 0.676142697882
1 1111 0.323857302118

11001011
1 10010111 0.289074355083
0 10010110 0.710925644917

10110011
1 01100111 0.307121661721
0 01100110 0.692878338279

10101101
1 01011011 0.313911143481
0 01011010 0.686088856519

01010111
1 1111 0.32946486138
0 10101110 0.67053513862

10101011
1 01010111 0.319371727749
0 01010110 0.680628272251

01101011
1 11010111 0.288727272727
0 11010110 0.711272727273

10011011
1 00110111 0.310722100656
0 00110110 0.689277899344

00100111
1 1111 0.297774366846
0 01001110 0.702225633154

1000101
0 10001010 0.751822576932
1 10001011 0.248177423068

1100011
0 11000110 0.718248807976
1 11000111 0.281751192024

10011001
1 00110011 0.261311172669
0 00110010 0.738688827331

01001101
1 10011011 0.284555201391
0 10011010 0.715444798609

10100111
1 1111 0.313757039421
0 01001110 0.686242960579

01010101
1 10101011 0.284781963809
0 10101010 0.715218036191

00101011
1 01010111 0.297118688871
0 01010110 0.702881311129

00001011
1 00010111 0.270843183609
0 00010110 0.729156816391

11000011
1 10000111 0.27316403569
0 10000110 0.72683596431

10110001
1 1100011 0.256607252612
0 01100010 0.743392747388

01011001
1 10110011 0.271952259165
0 10110010 0.728047740835

00101101
1 01011011 0.281757656458
0 01011010 0.718242343542

10010111
1 1111 0.325053229241
0 00101110 0.674946770759

01010011
1 10100111 0.273473108478
0 10100110 0.726526891522

10010101
1 00101011 0.281929990539
0 00101010 0.718070009461

01001011
1 10010111 0.284922394678
0 10010110 0.715077605322

10010011
1 00100111 0.277237048666
0 00100110 0.722762951334

10100101
1 01001011 0.270820089002
0 01001010 0.729179910998

11010011
1 10100111 0.283940397351
0 10100110 0.716059602649

00110101
1 01101011 0.268026830632
0 01101010 0.731973169368

00011011
1 00110111 0.293296785447
0 00110110 0.706703214553

10000111
1 1111 0.295533642691
0 00001110 0.704466357309

11101001
1 11010011 0.270622286541
0 11010010 0.729377713459

01110101
1 11101011 0.284027777778
0 11101010 0.715972222222

00111011
1 01110111 0.332716049383
0 01110110 0.667283950617

1111
0 11110 0.676142697882
1 1111 0.323857302118

10000010
1 00000101 0.1620349566
0 00000100 0.8379650434

00000101
1 00001011 0.201827772089
0 00001010 0.798172227911

11100001
1 11000011 0.237736984652
0 11000010 0.762263015348

01110001
1 1100011 0.257108650105
0 11100010 0.742891349895

00111001
1 01110011 0.277278911565
0 01110010 0.722721088435

00011101
1 00111011 0.290723700572
0 00111010 0.709276299428

1111
0 11110 0.676142697882
1 1111 0.323857302118

01000110
1 10001101 0.238824662813
0 10001100 0.761175337187

0100010
0 01000100 0.817057646845
1 1000101 0.182942353155

01000100
1 10001001 0.166036056087
0 10001000 0.833963943913

01001001
1 10010011 0.233537670556
0 10010010 0.766462329444

00100101
1 01001011 0.254949121184
0 01001010 0.745050878816

00010011
1 00100111 0.258610375182
0 00100110 0.741389624818

10000101
1 00001011 0.240566037736
0 00001010 0.759433962264

01000011
1 10000111 0.259770790479
0 10000110 0.740229209521

010001
0 0100010 0.797407230174
1 0100011 0.202592769826

11001001
1 10010011 0.255590062112
0 10010010 0.744409937888

01100101
1 11001011 0.289012003693
0 11001010 0.710987996307

00110011
1 01100111 0.282627239124
0 01100110 0.717372760876

00001101
1 00011011 0.258562069823
0 00011010 0.741437930177

00000111
1 1111 0.279088570379
0 00001110 0.720911429621

1000001
0 10000010 0.817893413289
1 10000011 0.182106586711

00100001
1 01000011 0.185052337123
0 01000010 0.814947662877

010001
0 0100010 0.797407230174
1 0100011 0.202592769826

00001001
1 00010011 0.195380646218
0 00010010 0.804619353782

00000101
1 00001011 0.201827772089
0 00001010 0.798172227911

00000011
1 00000111 0.206609153385
0 00000110 0.793390846615

10000001
1 00000011 0.16946028313
0 00000010 0.83053971687

1000001
0 10000010 0.817893413289
1 10000011 0.182106586711

01100001
1 11000011 0.21856349043
0 11000010 0.78143650957

00110001
1 1100011 0.239022527682
0 01100010 0.760977472318

1000001
0 10000010 0.817893413289
1 10000011 0.182106586711

0000000
0 0000000 0.990628671117
1 00000001 0.00937130660711

1000101
0 10001010 0.751822576932
1 10001011 0.248177423068

1100011
0 11000110 0.718248807976
1 11000111 0.281751192024

010001
0 0100010 0.797407230174
1 0100011 0.202592769826

01111
0 011110 0.686727122836
1 1111 0.313272877164

011110
0 0111100 0.709603841537
1 0111101 0.290396158463

0111101
0 01111010 0.708970649029
1 01111011 0.291029350971

01111011
1 11110111 0.306818181818
0 11110110 0.693181818182

01111010
1 11110101 0.276967930029
0 11110100 0.723032069971

0111100
0 01111000 0.736931145322
1 01111001 0.263068854678

01111001
1 11110011 0.301607717042
0 11110010 0.698392282958

01111000
1 11110001 0.23668503214
0 11110000 0.76331496786

11111
0 111110 0.65404475043
1 1111 0.34595524957

111110
0 1111100 0.686315789474
1 1111101 0.313684210526

1111101
0 11111010 0.685402684564
1 11111011 0.314597315436

11111011
1 11110111 0.312
0 11110110 0.688

11111010
1 11110101 0.287637698898
0 11110100 0.712362301102

1111100
0 11111000 0.727377300613
1 11111001 0.272622699387

11111001
1 11110011 0.285513361463
0 11110010 0.714486638537

11111000
1 11110001 0.24512387981
0 11110000 0.75487612019

1111
0 11110 0.676142697882
1 1111 0.323857302118

