1111
1 1111 0.50464551053
0 11110 0.49535448947

10111
1 1111 0.504674815288
0 01110 0.495325184712

00010
1 11101 0.473973379861
0 10100 0.526026620139

10100
1 01001 0.482936182121
0 01000 0.517063817879

11110
1 11101 0.753169301744
0 11100 0.246830698256

10110
1 10101 0.752001774167
0 11100 0.247998225833

11101
1 1111 0.306571969943
0 11010 0.693428030057

10001
1 00011 0.296548740675
0 00010 0.703451259325

01000
1 10001 1.0

11100
1 11001 1.0

00011
1 00111 1.0
0 00110 0.0

10101
1 1111 0.356795380877
0 11010 0.64320205066

11010
1 10101 0.363728428991
0 10100 0.636271571009

11001
1 10011 0.0
0 10010 1.0

10011
1 00111 0.472158827942
0 00110 0.527841172058

10010
1 11101 0.397731310646
0 10100 0.602268689354

01110
1 11101 0.801815132423
0 11100 0.198184867577

01001
1 10011 0.537244149038
0 10010 0.462755850962

00111
1 1111 0.231858712252
0 01110 0.768141287748

00110
1 10101 0.685813630042
0 11100 0.314186369958

