0130
1 1301 0.286026648446
0 1300 0.532558934062
3 1303 0.0420908780321
2 1302 0.13932353946

3103
1 1031 0.313333333333
0 1030 0.396666666667
3 1033 0.0773333333333
2 1032 0.212666666667

0132
1 1321 0.318592767296
0 1320 0.42177672956
3 1323 0.0723270440252
2 1322 0.187303459119

0133
1 1331 0.322013341419
0 1330 0.353547604609
3 1333 0.0885385081868
2 1332 0.235900545785

0233
1 2331 0.299526066351
0 2330 0.361137440758
3 2333 0.0909952606635
2 2332 0.248341232227

0232
1 2321 0.336578581363
0 2320 0.378650904033
3 2323 0.0747566063978
2 2322 0.210013908206

0231
1 2311 0.301402805611
0 2310 0.432665330661
3 2313 0.0659318637275
2 2312 0.2

0230
1 2301 0.312883435583
0 2300 0.481748466258
3 2303 0.0483128834356
2 2302 0.157055214724

0031
1 0311 0.280264882389
0 0310 0.529419879975
3 0313 0.0440780851211
2 0312 0.146237152514

0030
1 0301 0.234326232538
0 0300 0.641707827036
3 0303 0.0253325656798
2 0302 0.0986333747462

0033
1 0331 0.318226600985
0 0330 0.41724137931
3 0333 0.0783251231527
2 0332 0.186206896552

3101
1 1011 0.30628362138
0 1010 0.479684102095
3 1013 0.0474991415818
2 1012 0.166533134943

3320
1 3201 0.30938697318
0 3200 0.391762452107
3 3203 0.0785440613027
2 3202 0.22030651341

3321
1 3211 0.339585389931
0 3210 0.350444225074
3 3213 0.0839091806515
2 3212 0.226061204344

3322
1 3221 0.328317373461
0 3220 0.340629274966
3 3223 0.0916552667579
2 3222 0.239398084815

3323
1 3231 0.36569579288
0 3230 0.284789644013
3 3233 0.129449838188
2 3232 0.220064724919

3102
1 1021 0.308704883227
0 1020 0.441825902335
3 1023 0.0564755838641
2 1022 0.192993630573

1300
1 3001 0.273656940278
0 3000 0.551813471503
3 3003 0.0388601036269
2 3002 0.135669484592

2013
1 0131 0.314358538658
0 0130 0.416312659303
3 0133 0.0677570093458
2 0132 0.201571792693

0131
1 1311 0.306150186884
0 1310 0.449994336844
3 1313 0.0622947106128
2 1312 0.181560765659

2323
1 3231 0.331967213115
0 3230 0.337431693989
3 3233 0.107923497268
2 3232 0.222677595628

2322
1 3221 0.336239782016
0 3220 0.348773841962
3 3223 0.100272479564
2 3222 0.214713896458

2321
1 3211 0.320263832906
0 3210 0.38548919018
3 3213 0.0846463906193
2 3212 0.209600586295

2320
1 3201 0.321917808219
0 3200 0.396917808219
3 3203 0.0736301369863
2 3202 0.207534246575

2330
1 3301 0.35081029552
0 3300 0.378455672069
3 3303 0.0810295519542
2 3302 0.189704480458

1103
1 1031 0.316670541734
0 1030 0.451522901651
3 1033 0.0554522204139
2 1032 0.176354336201

3122
1 1221 0.329885057471
0 1220 0.358620689655
3 1223 0.0865900383142
2 1222 0.224904214559

3123
1 1231 0.339405560882
0 1230 0.341323106424
3 1233 0.0805369127517
2 1232 0.238734419942

3120
1 1201 0.30511850229
0 1200 0.45429197371
3 1203 0.0639314877514
2 1202 0.176658036248

3121
1 1211 0.311944718657
0 1210 0.412635735439
3 1213 0.0693484698914
2 1212 0.206071076012

2012
1 0121 0.30652335063
0 0120 0.47139856684
3 0123 0.0530639980232
2 0122 0.169014084507

0303
1 3031 0.311563169165
0 3030 0.409528907923
3 3033 0.0728051391863
2 3032 0.206102783726

0302
1 3021 0.294108503031
0 3020 0.490284470698
3 3023 0.0491217161511
2 3022 0.16648531012

0301
1 3011 0.280505899809
0 3010 0.541228008196
3 3013 0.0417579311807
2 3012 0.136508160814

0300
1 3001 0.227567011557
0 3000 0.657046045864
3 3003 0.0225993828281
2 3002 0.0927875597507

2331
1 3311 0.343147208122
0 3310 0.345177664975
3 3313 0.092385786802
2 3312 0.219289340102

1313
1 3131 0.349865951743
0 3130 0.358579088472
3 3133 0.0837801608579
2 3132 0.207774798928

1312
1 3121 0.334371257485
0 3120 0.380359281437
3 3123 0.0850299401198
2 3122 0.200239520958

0121
1 1211 0.291088131064
0 1210 0.511444838204
3 1213 0.0453726834369
2 1212 0.152094347296

1310
1 3101 0.296191017624
0 3100 0.481523592951
3 3103 0.0565093803297
2 3102 0.165776009096

3333
1 3331 0.27731092437
0 3330 0.403361344538
3 3333 0.0672268907563
2 3332 0.252100840336

3332
1 3321 0.328719723183
0 3320 0.346020761246
3 3323 0.114186851211
2 3322 0.21107266436

3331
1 3311 0.343065693431
0 3310 0.32603406326
3 3313 0.0997566909976
2 3312 0.231143552311

3330
1 3301 0.314285714286
0 3300 0.355844155844
3 3303 0.101298701299
2 3302 0.228571428571

3131
1 1311 0.327803583278
0 1310 0.368281353683
3 1313 0.0836098208361
2 1312 0.220305242203

3130
1 1301 0.307165109034
0 1300 0.410591900312
3 1303 0.0785046728972
2 1302 0.203738317757

3133
1 1331 0.35092348285
0 1330 0.337730870712
3 1333 0.10290237467
2 1332 0.208443271768

3132
1 1321 0.345864661654
0 1320 0.342642320086
3 1323 0.0891514500537
2 1322 0.222341568206

1021
1 0211 0.287849407834
0 0210 0.517138510188
3 0213 0.0457623579249
2 0212 0.149249724054

0032
1 0321 0.304279149914
0 0320 0.476593911545
3 0323 0.0581562320505
2 0322 0.160970706491

1020
1 0201 0.24858905752
0 0200 0.612071234319
3 0203 0.0289352867211
2 0202 0.11040442144

1023
1 0231 0.328565505804
0 0230 0.414386401327
3 0233 0.0715174129353
2 0232 0.185530679934

1022
1 0221 0.311274808231
0 0220 0.457628150493
3 0223 0.057774260319
2 0222 0.173322780957

2312
1 3121 0.316002949853
0 3120 0.374262536873
3 3123 0.0844395280236
2 3122 0.225294985251

2313
1 3131 0.349504950495
0 3130 0.338613861386
3 3133 0.0910891089109
2 3132 0.220792079208

2310
1 3101 0.315727236894
0 3100 0.43456838786
3 3103 0.0630666141112
2 3102 0.186637761135

2311
1 3111 0.336480271121
0 3110 0.390220285645
3 3113 0.0704429920116
2 3112 0.202856451222

2022
1 0221 0.321408290744
0 0220 0.428847245883
3 0223 0.0624645088018
2 0222 0.187279954571

0332
1 3321 0.330039525692
0 3320 0.340909090909
3 3323 0.103754940711
2 3322 0.225296442688

0333
1 3331 0.358695652174
0 3330 0.315217391304
3 3333 0.103260869565
2 3332 0.222826086957

0330
1 3301 0.314636752137
0 3300 0.435897435897
3 3303 0.0608974358974
2 3302 0.188568376068

0331
1 3311 0.316719242902
0 3310 0.394952681388
3 3313 0.0656151419558
2 3312 0.222712933754

0112
1 1121 0.294704483499
0 1120 0.503480076562
3 1123 0.0483150629314
2 1122 0.153500377008

1323
1 3231 0.312435765673
0 3230 0.332990750257
3 3233 0.107913669065
2 3232 0.246659815005

1320
1 3201 0.323813354787
0 3200 0.440868865648
3 3203 0.0597345132743
2 3202 0.175583266291

1321
1 3211 0.328602357469
0 3210 0.372143372624
3 3213 0.080827519846
2 3212 0.21842675006

1120
1 1201 0.287821896343
0 1200 0.522780356562
3 1203 0.0435502468734
2 1202 0.145847500222

3030
1 0301 0.306281267371
0 0300 0.448582545859
3 0303 0.0622568093385
2 0302 0.182879377432

1122
1 1221 0.322455573506
0 1220 0.411873990307
3 1223 0.0714862681745
2 1222 0.194184168013

1123
1 1231 0.335911068149
0 1230 0.357177380377
3 1233 0.0814403093282
2 1232 0.225471242146

3031
1 0311 0.336442371752
0 0310 0.393737508328
3 0313 0.0739506995336
2 0312 0.195869420386

3032
1 0321 0.333333333333
0 0320 0.352467270896
3 0323 0.0825780463243
2 0322 0.231621349446

3033
1 0331 0.385756676558
0 0330 0.314540059347
3 0333 0.0474777448071
2 0332 0.252225519288

3302
1 3021 0.341719077568
0 3020 0.388888888889
3 3023 0.0849056603774
2 3022 0.184486373166

3303
1 3031 0.272997032641
0 3030 0.367952522255
3 3033 0.106824925816
2 3032 0.252225519288

3300
1 3001 0.308240081384
0 3000 0.458290946083
3 3003 0.0559511698881
2 3002 0.177517802645

3301
1 3011 0.325977301387
0 3010 0.415510718789
3 3013 0.0674653215637
2 3012 0.19104665826

0100
1 1001 0.139971335387
0 1000 0.809145386218
3 1003 0.00819208778717
2 1002 0.0426911906074

0321
1 3211 0.327698574338
0 3210 0.419755600815
3 3213 0.067617107943
2 3212 0.184928716904

0320
1 3201 0.305024455313
0 3200 0.482140210464
3 3203 0.0551356158293
2 3202 0.157699718393

0323
1 3231 0.344892221181
0 3230 0.346766635426
3 3233 0.0805998125586
2 3232 0.227741330834

0322
1 3221 0.337323943662
0 3220 0.364788732394
3 3223 0.0834507042254
2 3222 0.214436619718

2301
1 3011 0.309489051095
0 3010 0.4385818561
3 3013 0.0623566214807
2 3012 0.189572471324

2300
1 3001 0.303788102989
0 3000 0.493489197988
3 3003 0.0494229061853
2 3002 0.153299792838

2303
1 3031 0.339021615472
0 3030 0.3606370876
3 3033 0.0762229806598
2 3032 0.224118316268

2302
1 3021 0.322701688555
0 3020 0.411257035647
3 3023 0.0697936210131
2 3022 0.196247654784

3023
1 0231 0.309471365639
0 0230 0.363436123348
3 0233 0.0925110132159
2 0232 0.234581497797

3022
1 0221 0.323474354174
0 0220 0.394983152377
3 0223 0.077499064021
2 0222 0.204043429427

3021
1 0211 0.318111964874
0 0210 0.434906695939
3 0213 0.0625686059276
2 0212 0.18441273326

3020
1 0201 0.28552077062
0 0200 0.508729680915
3 0203 0.0462071041541
2 0202 0.159542444311

0202
1 2021 0.28328486767
0 2020 0.534067066662
3 2023 0.0409688224684
2 2022 0.141679243199

0203
1 2031 0.305613616005
0 2030 0.4776052553
3 2033 0.0486712451478
2 2032 0.168109883547

0200
1 2001 0.184831465755
0 2000 0.735459568965
3 2003 0.0144341644735
2 2002 0.0652748008067

0201
1 2011 0.254844409398
0 2010 0.603641886071
3 2013 0.0297308742571
2 2012 0.111782830274

1102
1 1021 0.287815441995
0 1020 0.518633260144
3 1023 0.0460793455049
2 1022 0.147471952357

1010
1 0101 0.214854672916
0 0100 0.681442243315
3 0103 0.0198249379701
2 0102 0.0838781457997

1011
1 0111 0.267994427532
0 0110 0.571939012435
3 0113 0.03466023425
2 0112 0.125406325783

1012
1 0121 0.291819619781
0 0120 0.512579461008
3 0123 0.0450353657445
2 0122 0.150565553466

1013
1 0131 0.294937138974
0 0130 0.464831804281
3 0133 0.0615018688413
2 0132 0.178729187903

1130
1 1301 0.306115476597
0 1300 0.467486618836
3 1303 0.0547773602095
2 1302 0.171620544357

1230
1 2301 0.318456725756
0 2300 0.436287799791
3 2303 0.0633993743483
2 2302 0.181856100104

1231
1 2311 0.323923444976
0 2310 0.381339712919
3 2313 0.0849282296651
2 2312 0.20980861244

1232
1 2321 0.322101449275
0 2320 0.351811594203
3 2323 0.101086956522
2 2322 0.225

1233
1 2331 0.318647540984
0 2330 0.331967213115
3 2333 0.0973360655738
2 2332 0.252049180328

1133
1 1331 0.332223701731
0 1330 0.342210386152
3 1333 0.10119840213
2 1332 0.224367509987

0101
1 1011 0.219220448671
0 1010 0.672725568731
3 1013 0.0212004025018
2 1012 0.0868535800959

1131
1 1311 0.327414147344
0 1310 0.40123275609
3 1313 0.0738186087467
2 1312 0.197534487819

2023
1 0231 0.335883424408
0 0230 0.380327868852
3 0233 0.0743169398907
2 0232 0.209471766849

1331
1 3311 0.33465085639
0 3310 0.352437417655
3 3313 0.0882740447958
2 3312 0.224637681159

1330
1 3301 0.330513988289
0 3300 0.400780741705
3 3303 0.0644111906311
2 3302 0.204294079375

1333
1 3331 0.336448598131
0 3330 0.31308411215
3 3333 0.0957943925234
2 3332 0.254672897196

1332
1 3321 0.333333333333
0 3320 0.340952380952
3 3323 0.0866666666667
2 3322 0.239047619048

0103
1 1031 0.276039136771
0 1030 0.533481368399
3 1033 0.0453819998612
2 1032 0.145097494969

3311
1 3111 0.339153794493
0 3110 0.375419744795
3 3113 0.089321692411
2 3112 0.196104768301

3310
1 3101 0.327217125382
0 3100 0.401834862385
3 3103 0.0623853211009
2 3102 0.208562691131

3313
1 3131 0.359459459459
0 3130 0.305405405405
3 3133 0.0972972972973
2 3132 0.237837837838

3312
1 3121 0.347263681592
0 3120 0.335323383085
3 3123 0.100497512438
2 3122 0.216915422886

1311
1 3111 0.332640023771
0 3110 0.406923191205
3 3113 0.0683405140395
2 3112 0.192096270985

0102
1 1021 0.254494878519
0 1020 0.599090158353
3 1023 0.0316706025528
2 1022 0.114744360575

3012
1 0121 0.31627806563
0 0120 0.427461139896
3 0123 0.0649827288428
2 0122 0.19127806563

3013
1 0131 0.323915900131
0 0130 0.386990801577
3 0133 0.0814717477004
2 0132 0.207621550591

3010
1 0101 0.274272345696
0 0100 0.55907245579
3 0103 0.0367439620175
2 0102 0.129911236496

3011
1 0111 0.30187593509
0 0110 0.469329036713
3 0113 0.0575440211762
2 0112 0.17125100702

0211
1 2111 0.296903568269
0 2110 0.508876437629
3 2113 0.0466529047479
2 2112 0.147567089354

0210
1 2101 0.249478277367
0 2100 0.609649314829
3 2103 0.0294207784248
2 2102 0.11145162938

0213
1 2131 0.311965811966
0 2130 0.41107041107
3 2133 0.0714285714286
2 2132 0.205535205535

0212
1 2121 0.3113242346
0 2120 0.455305545309
3 2123 0.0582810770933
2 2122 0.175089142998

1003
1 0031 0.285724302342
0 0030 0.526083298275
3 0033 0.0434020473987
2 0032 0.144790351984

1002
1 0021 0.251549952763
0 0020 0.605780585735
3 0023 0.0294933868682
2 0022 0.113176074634

1001
1 0011 0.21769877297
0 0010 0.676041191746
3 0013 0.0199417210141
2 0012 0.0863183142704

1000
1 0001 0.136225990172
0 0000 0.814879049362
3 0003 0.0077744899485
2 0002 0.0411204705179

1322
1 3221 0.337157660992
0 3220 0.339008142117
3 3223 0.0880829015544
2 3222 0.235751295337

1223
1 2231 0.339127218935
0 2230 0.340606508876
3 2233 0.0850591715976
2 2232 0.235207100592

1222
1 2221 0.325231175694
0 2220 0.377014531044
3 2223 0.0742404227213
2 2222 0.223513870542

1221
1 2211 0.33060503932
0 2210 0.406034344407
3 2213 0.0690097897609
2 2212 0.194350826513

1220
1 2201 0.304395271294
0 2200 0.47256744468
3 2203 0.0532282509851
2 2202 0.16980903304

0110
1 1101 0.218352241793
0 1100 0.676510837417
3 1103 0.0200120660987
2 1102 0.0851248546918

0111
1 1111 0.273859967716
0 1110 0.562638720743
3 1113 0.0364583333333
2 1112 0.127042978208

3001
1 0011 0.274603733709
0 0010 0.550475519549
3 0013 0.0410707995773
2 0012 0.133849947164

3000
1 0001 0.222773731203
0 0000 0.66641212406
3 0003 0.0207060620301
2 0002 0.0901080827068

3003
1 0031 0.313458262351
0 0030 0.438387279955
3 0033 0.0647359454855
2 0032 0.183418512209

3002
1 0021 0.305960881714
0 0020 0.48758149643
3 0023 0.0490530891028
2 0022 0.157404532754

2200
1 2001 0.276416073282
0 2000 0.56109779225
3 2003 0.0352452857194
2 2002 0.127240848749

2201
1 2011 0.307481918191
0 2010 0.475536376345
3 2013 0.0531210113657
2 2012 0.163860694098

2202
1 2021 0.320055581288
0 2020 0.432491894396
3 2023 0.0639184807781
2 2022 0.183534043539

2203
1 2031 0.321951219512
0 2030 0.396998123827
3 2033 0.0724202626642
2 2032 0.208630393996

3210
1 2101 0.309670987039
0 2100 0.455832502493
3 2103 0.0622133599202
2 2102 0.172283150548

3211
1 2111 0.314571905557
0 2110 0.399952301455
3 2113 0.0741712377772
2 2112 0.211304555211

3212
1 2121 0.324417271685
0 2120 0.365685899885
3 2123 0.0882690103172
2 2122 0.221627818112

3213
1 2131 0.326219512195
0 2130 0.345528455285
3 2133 0.0955284552846
2 2132 0.232723577236

1301
1 3011 0.307396516625
0 3010 0.46494005881
3 3013 0.0593757068537
2 3012 0.168287717711

1121
1 1211 0.306840507233
0 1210 0.450884086444
3 1213 0.0617967494195
2 1212 0.180478656903

2110
1 1101 0.283201023583
0 1100 0.531478088924
3 1103 0.0421646456716
2 1102 0.143156241822

2111
1 1111 0.30800017988
0 1110 0.456491433197
3 1113 0.0580114224041
2 1112 0.177496964519

2112
1 1121 0.326362588507
0 1120 0.416598056973
3 1123 0.0693232339865
2 1122 0.187716120534

2113
1 1131 0.33084762615
0 1130 0.386278896346
3 1133 0.084762614964
2 1132 0.19811086254

1212
1 2121 0.313589970264
0 2120 0.420798842723
3 2123 0.071285059873
2 2122 0.19432612714

1213
1 2131 0.333826794967
0 2130 0.369356032568
3 2133 0.0759930915371
2 2132 0.220824080928

1210
1 2101 0.288460423311
0 2100 0.524760800232
3 2103 0.0435488547405
2 2102 0.143229921716

1211
1 2111 0.312849666125
0 2110 0.455468327017
3 2113 0.0599169824941
2 2112 0.171765024364

0000
1 0001 0.0195682224505
0 0000 0.975783350302
3 0003 0.000554366868711
2 0002 0.0040940359576

0001
1 0011 0.144452262758
0 0010 0.801635270264
3 0013 0.00871222212506
2 0012 0.0452002448533

0002
1 0021 0.191034403079
0 0020 0.722664616643
3 0023 0.0159839671522
2 0022 0.0703170131267

0003
1 0031 0.233941991545
0 0030 0.635186707374
3 0033 0.0275657585721
2 0032 0.103305542508

1031
1 0311 0.307094829585
0 0310 0.45617899374
3 0313 0.056920936703
2 0312 0.179805239972

1302
1 3021 0.312526449429
0 3020 0.428057553957
3 3023 0.0687685146001
2 3022 0.190647482014

2332
1 3321 0.313672922252
0 3320 0.323056300268
3 3323 0.107238605898
2 3322 0.256032171582

1032
1 0321 0.317887706116
0 0320 0.411605092882
3 0323 0.0768106867042
2 0322 0.193696514298

2333
1 3331 0.352941176471
0 3330 0.301038062284
3 3333 0.110726643599
2 3332 0.235294117647

1033
1 0331 0.3264781491
0 0330 0.375964010283
3 0333 0.0822622107969
2 0332 0.21529562982

3112
1 1121 0.327963755349
0 1120 0.392146992197
3 1123 0.073747797634
2 1122 0.20614145482

1030
1 0301 0.277613412229
0 0300 0.547478162863
3 0303 0.0414905607213
2 0302 0.133417864187

2213
1 2131 0.32554517134
0 2130 0.352024922118
3 2133 0.0973520249221
2 2132 0.22507788162

2212
1 2121 0.33033557047
0 2120 0.389127516779
3 2123 0.078389261745
2 2122 0.202147651007

2211
1 2111 0.312579821201
0 2110 0.427921455939
3 2113 0.0640166028097
2 2112 0.195482120051

2210
1 2101 0.295051960321
0 2100 0.494154463864
3 2103 0.0487718469532
2 2102 0.162021728862

3203
1 2031 0.327122153209
0 2030 0.368530020704
3 2033 0.0890269151139
2 2032 0.215320910973

3202
1 2021 0.313739632167
0 2020 0.418319509556
3 2023 0.0656328885683
2 2022 0.202307969708

3201
1 2011 0.30115595214
0 2010 0.444534577165
3 2013 0.0646927600892
2 2012 0.189616710606

3200
1 2001 0.283901326109
0 2000 0.517182375588
3 2003 0.0449165834878
2 2002 0.153999714815

1303
1 3031 0.342173350582
0 3030 0.383570504528
3 3033 0.0633893919793
2 3032 0.210866752911

2011
1 0111 0.28933680104
0 0110 0.519062536943
3 0113 0.0439768294125
2 0112 0.147623832604

2010
1 0101 0.246079981433
0 0100 0.622358248357
3 0103 0.0263993849814
2 0102 0.105162385228

3100
1 1001 0.268750847688
0 1000 0.567340295673
3 1003 0.035399430354
2 1002 0.128509426285

2020
1 0201 0.277107099347
0 0200 0.554841806032
3 0203 0.0397976889283
2 0202 0.128253405693

2021
1 0211 0.303359013867
0 0210 0.472850539291
3 0213 0.0561479198767
2 0212 0.167642526965

1100
1 1001 0.213514754574
0 1000 0.686357154941
3 1003 0.0186577083887
2 1002 0.0814703820963

1101
1 1011 0.265845364132
0 1010 0.576387552133
3 1013 0.0341353865897
2 1012 0.123631697145

2103
1 1031 0.312285223368
0 1030 0.435781786942
3 1033 0.0663659793814
2 1032 0.185567010309

2102
1 1021 0.304726598703
0 1020 0.476923076923
3 1023 0.0518999073216
2 1022 0.166450417053

2101
1 1011 0.288414597845
0 1010 0.525063999524
3 1013 0.0433410728106
2 1012 0.143180329821

2100
1 1001 0.244140708078
0 1000 0.624324745849
3 1003 0.0268683803825
2 1002 0.104666165691

2233
1 2331 0.346153846154
0 2330 0.321428571429
3 2333 0.101648351648
2 2332 0.230769230769

0013
1 0131 0.280808347642
0 0130 0.527143045833
3 0133 0.0437854972923
2 0132 0.148263109233

0012
1 0121 0.256391855573
0 0120 0.596803016871
3 0123 0.0311114863439
2 0122 0.115693641212

0011
1 0111 0.223110982072
0 0110 0.667281217488
3 0113 0.0211657109676
2 0112 0.0884420894728

0010
1 0101 0.141783974915
0 0100 0.805996192079
3 0103 0.00824194152635
2 0102 0.0439778914794

3113
1 1131 0.337037037037
0 1130 0.358518518519
3 1133 0.0814814814815
2 1132 0.222962962963

1201
1 2011 0.29105537151
0 2010 0.520202318978
3 2013 0.0437470421202
2 2012 0.144995267392

1200
1 2001 0.245173109677
0 2000 0.62207846112
3 2003 0.0273798107888
2 2002 0.105368618414

1203
1 2031 0.315421581477
0 2030 0.414809960682
3 2033 0.06749672346
2 2032 0.202271734382

1202
1 2021 0.30056490237
0 2020 0.471754881493
3 2023 0.0551393835196
2 2022 0.172540832617

3223
1 2231 0.315426997245
0 2230 0.326446280992
3 2233 0.095041322314
2 2232 0.263085399449

0123
1 1231 0.316598360656
0 1230 0.420696721311
3 1233 0.0649590163934
2 1232 0.197745901639

3110
1 1101 0.297540155004
0 1100 0.490059530495
3 1103 0.0496461866786
2 1102 0.162754127822

0122
1 1221 0.309609805199
0 1220 0.450529930724
3 1223 0.0614601219729
2 1222 0.178400142104

3232
1 2321 0.319327731092
0 2320 0.329131652661
3 2323 0.114845938375
2 2322 0.236694677871

3233
1 2331 0.341935483871
0 2330 0.354838709677
3 2333 0.0774193548387
2 2332 0.225806451613

3230
1 2301 0.340136054422
0 2300 0.382896015549
3 2303 0.0680272108844
2 2302 0.208940719145

3231
1 2311 0.349221789883
0 2310 0.338521400778
3 2313 0.09046692607
2 2312 0.221789883268

2132
1 1321 0.331489675516
0 1320 0.352876106195
3 1323 0.0877581120944
2 1322 0.227876106195

2133
1 1331 0.353938185444
0 1330 0.311066799601
3 1333 0.0907278165503
2 1332 0.244267198405

2130
1 1301 0.309808863684
0 1300 0.443184204999
3 1303 0.0678428901491
2 1302 0.179164041168

2131
1 1311 0.32228543161
0 1310 0.379173880782
3 1313 0.0774177590898
2 1312 0.221122928518

0113
1 1131 0.311636644933
0 1130 0.442811360371
3 1133 0.0600066305669
2 1132 0.185545364129

0120
1 1201 0.252734866111
0 1200 0.60785560485
3 1203 0.0279483807569
2 1202 0.111461148282

2222
1 2221 0.340498192045
0 2220 0.360787464845
3 2223 0.0869827239855
2 2222 0.211731619124

2223
1 2231 0.349115801483
0 2230 0.318311466058
3 2233 0.100969766115
2 2232 0.231602966343

2220
1 2201 0.314697532212
0 2200 0.447586809347
3 2203 0.0575453155711
2 2202 0.18017034287

2221
1 2211 0.321126388154
0 2210 0.395822316235
3 2213 0.0777366472766
2 2212 0.205314648334

1111
1 1111 0.296536399872
0 1110 0.49986255555
3 1113 0.0486782425436
2 1112 0.154922802034

1110
1 1101 0.264435778085
0 1100 0.582714806894
3 1103 0.0330859227576
2 1102 0.119763492263

1113
1 1131 0.327208061648
0 1130 0.405453467694
3 1133 0.0752815649081
2 1132 0.19205690575

1112
1 1121 0.314736176364
0 1120 0.444705457174
3 1123 0.060399349476
2 1122 0.180159016986

2033
1 0331 0.32932166302
0 0330 0.365426695842
3 0333 0.0711159737418
2 0332 0.234135667396

2032
1 0321 0.332741477273
0 0320 0.392755681818
3 0323 0.0752840909091
2 0322 0.19921875

2031
1 0311 0.321329046088
0 0310 0.426152197213
3 0313 0.0662379421222
2 0312 0.186280814577

2030
1 0301 0.296068796069
0 0300 0.50644963145
3 0303 0.0508292383292
2 0302 0.146652334152

0022
1 0221 0.282782496966
0 0220 0.530337640089
3 0223 0.0423656221001
2 0222 0.144514240845

0023
1 0231 0.316197587593
0 0230 0.451895462378
3 0233 0.0605973578403
2 0232 0.171309592188

0020
1 0201 0.190076932459
0 0200 0.726729399222
3 0203 0.0150612342623
2 0202 0.0681324340563

0021
1 0211 0.258108264081
0 0210 0.599246883657
3 0213 0.0315096952909
2 0212 0.111135156971

0220
1 2201 0.280038225457
0 2200 0.547395890763
3 2203 0.0392913588415
2 2202 0.133274524938

0221
1 2211 0.302331141662
0 2210 0.47106993425
3 2213 0.0540346682606
2 2212 0.172564255828

0222
1 2221 0.310891089109
0 2220 0.428712871287
3 2223 0.0640264026403
2 2222 0.196369636964

0223
1 2231 0.335637746284
0 2230 0.358451434497
3 2233 0.0871068095403
2 2232 0.218804009679

2121
1 1211 0.326409253829
0 1210 0.416503747149
3 1213 0.0672857608341
2 1212 0.189801238188

2120
1 1201 0.306218935629
0 1200 0.47539095648
3 1203 0.0515213965329
2 1202 0.166868711359

2123
1 1231 0.336226415094
0 1230 0.342641509434
3 1233 0.0898113207547
2 1232 0.231320754717

2122
1 1221 0.323721436344
0 1220 0.387785636561
3 1223 0.0754896626768
2 1222 0.213003264418

2231
1 2311 0.334921216563
0 2310 0.356540857457
3 2313 0.0853792598021
2 2312 0.223158666178

2230
1 2301 0.318924809299
0 2300 0.410824555031
3 2303 0.0690156193244
2 2302 0.201235016346

1132
1 1321 0.322857844341
0 1320 0.380554873558
3 1323 0.0697274736067
2 1322 0.226859808495

2232
1 2321 0.345123258307
0 2320 0.334941050375
3 2323 0.0836012861736
2 2322 0.236334405145

3221
1 2211 0.337857666911
0 2210 0.367204695525
3 2213 0.0792369772561
2 2212 0.215700660308

3220
1 2201 0.327701513552
0 2200 0.408306934178
3 2203 0.0672298486448
2 2202 0.196761703625

3111
1 1111 0.31340447303
0 1110 0.424353164742
3 1113 0.0646104370706
2 1112 0.197631925157

3222
1 2221 0.320110192837
0 2220 0.336639118457
3 2223 0.0969696969697
2 2222 0.246280991736

2002
1 0021 0.276548254076
0 0020 0.550713123747
3 0023 0.0398365679265
2 0022 0.13290205425

2003
1 0031 0.296799375488
0 0030 0.482279469165
3 0033 0.055893832943
2 0032 0.165027322404

2000
1 0001 0.180411067685
0 0000 0.744526713189
3 0003 0.0133798849223
2 0002 0.0616823342043

2001
1 0011 0.247593030124
0 0010 0.615608387478
3 0013 0.0290460720614
2 0012 0.107752510337

0310
1 3101 0.281556135034
0 3100 0.53907956868
3 3103 0.0409472126295
2 3102 0.138417083656

0311
1 3111 0.310578246902
0 3110 0.458122992198
3 3113 0.0534648921524
2 3112 0.177833868747

0312
1 3121 0.299958626396
0 3120 0.430492345883
3 3123 0.0740587505172
2 3122 0.195490277203

0313
1 3131 0.321935483871
0 3130 0.396774193548
3 3133 0.0812903225806
2 3132 0.2

