1111
1 1111 0.50464551053
0 11110 0.49535448947

10111010011
1 1111 0.488014032352
0 01110100110 0.511985967648

11101100100
1 11011001001 0.497610345797
0 111101000 0.502389654203

111100100
1 1111001001 0.503345841151
0 111101000 0.496654158849

11101110100
1 11011101001 0.492552988352
0 11011101000 0.507447011648

01000100100
1 10001001001 0.497876034852
0 111101000 0.502123965148

11110100
1 111101001 0.499819719418
0 111101000 0.500180280582

01001110100
1 10011101001 0.500468823254
0 10011101000 0.499531176746

01001001001
1 1111 0.526310870175
0 10010010010 0.473689129825

11011001001
1 1111 0.520780590717
0 10110010010 0.479219409283

11101101001
1 1111 0.529179810726
0 11101010010 0.470820189274

1111001001
1 1111 0.526868360564
0 11110010010 0.473131639436

11011101001
1 10111010011 0.535185185185
0 11101010010 0.464814814815

10001001001
1 1111 0.533038550165
0 00010010010 0.466961449835

111101001
1 1111 0.530216086828
0 1111010010 0.469783913172

01111001010
1 11110101 0.476464612259
0 11110010100 0.523535387741

11110010100
1 11100101001 0.491729564798
0 11100101000 0.508270435202

11110100010
1 11101000101 0.480208235625
0 111100100 0.519791764375

11100100100
1 11001001001 0.500605157807
0 111101000 0.499394842193

1111010100
1 11110101001 0.501811709364
0 111101000 0.498188290636

11010110100
1 10101101001 0.497288447764
0 111101000 0.502711552236

11010010100
1 10100101001 0.507267553641
0 10100101000 0.492732446359

01001100100
1 10011001001 0.520675868912
0 111101000 0.479324131088

10011101001
1 00111010011 0.530210772834
0 11101010010 0.469789227166

11110
1 111101 0.753169301744
0 111100 0.246830698256

11010011110
1 11110101 0.750081637096
0 10100111100 0.249918362904

11110100110
1 111101 0.743253189401
0 11101001100 0.256746810599

00111100101
1 1111 0.37573550014
0 01111001010 0.62426449986

01100100101
1 1111 0.327105449398
0 11101001010 0.672894550602

111101
1 1111 0.352542956861
0 1111010 0.647457043139

11110101
1 1111 0.351302585397
0 111101010 0.648697414603

11100101001
1 1111 0.376
0 11101010010 0.624

01101100101
1 1111 0.378341194969
0 1111001010 0.621658805031

11010001010
1 111101 0.353568025676
0 11010110100 0.646431974324

11101001010
1 11110101 0.352561379662
0 11010010100 0.647438620338

10110110010
1 01101100101 0.37901013715
0 11101100100 0.62098986285

01110100110
1 111101 0.368920521945
0 11101001100 0.631079478055

11011110010
1 10111100101 0.370839733743
0 111100100 0.629160266257

01001110010
1 10111100101 0.374077204846
0 1111010100 0.625922795154

00100110010
1 10111100101 0.378648150157
0 01001100100 0.621351849843

11110010
1 111100101 0.377372817008
0 111100100 0.622627182992

10001110100
1 00011101001 0.374463304487
0 10011101000 0.625536695513

11100101000
1 11001010001 1.0

11101101100
1 11011011001 1.0

111100
1 1111001 1.0

10100111100
1 01001111001 1.0

11101001100
1 11010011001 1.0

11110100011
1 11101000111 1.0

111101000
1 1111010001 1.0

11011101000
1 10111010001 1.0

10100101000
1 01001010001 1.0

10011101000
1 00111010001 1.0

10111100101
1 1111 0.397345567754
0 01111001010 0.602654432246

10001110101
1 1111 0.387631773316
0 1111011010 0.612368226684

111100101
1 1111 0.390651601919
0 1111001010 0.609348398081

10011110010
1 00111100101 0.383680928833
0 111100100 0.616319071167

10010010010
1 01100100101 0.428761242845
0 11101100100 0.571238757155

10110010010
1 01100100101 0.417589370452
0 11100100100 0.582410629548

1111011010
1 111101 0.402601353921
0 111100100 0.597398646079

1111010
1 11110101 0.398703116069
0 11110100 0.601296883931

10100111010
1 111101 0.392735527809
0 01001110100 0.607264472191

111101010
1 111101 0.400609639931
0 1111010100 0.599390360069

11101011010
1 111101 0.393817913282
0 11010110100 0.606182086718

11001010001
1 11110100011 0.400123813454
0 11110100010 0.599876186546

11101010010
1 11110100101 0.427367779921
0 111100100 0.572632220079

10100010010
1 11110100101 0.420064889624
0 01000100100 0.579935110376

11110010010
1 11110100101 0.426864495798
0 11100100100 0.573135504202

11011011001
0 10110110010 1.0

11101111001
0 11011110010 1.0

10100111001
0 01001110010 1.0

10010011001
0 00100110010 1.0

1111001
0 11110010 1.0

01001111001
0 10011110010 1.0

11010011001
0 10100110010 1.0

11101000111
0 11010001110 1.0

00010010010
1 01100100101 0.432648706322
0 11101100100 0.567351293678

00110010010
1 01100100101 0.432150313152
0 11100100100 0.567849686848

1111010010
1 11110100101 0.430166817896
0 111100100 0.569833182104

11101000101
1 1111 0.304003010996
0 11010001010 0.695996989004

11110100101
1 1111 0.322894694142
0 11101001010 0.677105305858

1111010001
1 11110100011 0.301353255349
0 11110100010 0.698646744651

10111010001
1 11110100011 0.300631246712
0 11101010010 0.699368753288

10100110010
1 10111100101 0.319482146586
0 01001100100 0.680517853414

1111001010
1 11110101 0.472779612226
0 11110010100 0.527220387774

00110010011
1 1111 0.543211035
0 11110 0.456788965

11001001001
1 1111 0.539767736899
0 10010010010 0.460232263101

11110101001
1 1111 0.537496833038
0 11101010010 0.462503166962

00111001001
1 1111 0.536360937964
0 11110010010 0.463639062036

10101101001
1 1111 0.538798685128
0 1111010010 0.461201314872

11010001110
1 10100011101 0.856597437384
0 111100 0.143402562616

10100101001
1 1111 0.612784352633
0 1111010010 0.387215647367

10011001001
1 00110010011 0.597298509136
0 00110010010 0.402701490864

00011101001
1 00111010011 0.627209267786
0 11101010010 0.372790732214

10100011101
1 1111 0.210323802759
0 01000111010 0.789676197241

00111010011
1 1111 0.251690009337
0 01110100110 0.748309990663

01001010001
1 11110100011 0.243267716535
0 11110100010 0.756732283465

00111010001
1 11110100011 0.259567661305
0 11101010010 0.740432338695

01000111010
1 10001110101 0.248863712319
0 10001110100 0.751136287681

