110000
1 100001 0.00952121301093
0 100000 0.990478786989

110001
1 100011 1.0
0 100010 0.0

001100
1 011001 0.00969335837101
0 011000 0.990306641629

001101
1 011011 1.0
0 011010 0.0

011110
1 111101 0.0080971659919
0 111100 0.991902834008

011111
1 111111 1.0
0 111110 0.0

011011
1 110111 0.00596421471173
0 110110 0.994035785288

000110
1 001101 0.0103272208767
0 001100 0.989672779123

000111
1 001111 1.0
0 001110 0.0

000011
1 000111 0.0102132835602
0 000110 0.98978671644

111100
1 111001 0.0121334681496
0 111000 0.98786653185

111101
1 111011 1.0
0 111010 0.0

100011
1 000111 0.0110220440882
0 000110 0.988977955912

101111
1 011111 0.0
0 011110 1.0

111001
1 110011 1.0
0 110010 0.0

111000
1 110001 0.0133060388946
0 110000 0.986693961105

110011
1 100111 0.00633579725449
0 100110 0.993664202746

110110
1 101101 0.00892857142857
0 101100 0.991071428571

110111
1 101111 1.0
0 101110 0.0

011000
1 110001 0.0103263547444
0 110000 0.989673645256

011001
1 110011 1.0
0 110010 0.0

001111
1 011111 0.00908173562059
0 011110 0.990918264379

101101
1 011011 1.0
0 011010 0.0

000000
1 000001 0.0100342206906
0 000000 0.989965672008

000001
1 000011 1.0
0 000010 0.0

100111
1 001111 1.0
0 001110 0.0

100110
1 001101 0.0127523910733
0 001100 0.987247608927

111111
1 111111 0.0
0 111110 1.0

111110
1 111101 0.0
0 111100 1.0

100001
1 000011 1.0
0 000010 0.0

100000
1 000001 0.00999375390381
0 000000 0.990006246096

101100
1 011001 0.011011011011
0 011000 0.988988988989

111011
1 110111 0.0
0 110110 1.0

