0
1 01 0.0100317946419
0 00 0.989968103331

00
1 01 0.0100289487459
0 000 0.989970948193

000
1 01 0.0100319612347
0 0000 0.98996793466

0000
1 00001 0.0100286728808
0 0000 0.989971221959

011
1 0111 0.0101398423595
0 0110 0.98986015764

0110
1 01101 0.0103361828045
0 01100 0.989663817195

011000000
1 0110000001 0.00988430501993
0 0110000000 0.99011569498

01100
1 011001 0.00970702435581
0 011000 0.990292975644

0110000
1 01100001 0.00949132433635
0 01100000 0.990508675664

01100000
1 011000001 0.00999935832995
0 011000000 0.99000064167

0110000000
1 00001 0.0104303046173
0 01100000000 0.989569695383

000011
1 0111 0.0102132835602
0 0000110 0.98978671644

011000
1 0110001 0.0103263547444
0 0110000 0.989673645256

01100000110
1 11000001101 0.00652173913043
0 01100 0.99347826087

01111000000
1 11110000001 0.0139037433155
0 0110000000 0.986096256684

01100001100
1 11000011001 0.00795454545455
0 011000 0.992045454545

01101100000
1 11011000001 0.0062630480167
0 011000000 0.993736951983

01100000011
1 11000000111 0.00874316939891
0 0000110 0.991256830601

0111100000
1 01111000001 0.00953389830508
0 01111000000 0.990466101695

0110000110
1 01100001101 0.00564971751412
0 01100001100 0.994350282486

0110110000
1 01101100001 0.0113519091847
0 01101100000 0.988648090815

011110000
1 0111100001 0.0125523012552
0 0111100000 0.987447698745

011011000
1 0110110001 0.0112244897959
0 0110110000 0.988775510204

01111000
1 011110001 0.0123966942149
0 011110000 0.987603305785

0111100
1 01111001 0.0122448979592
0 01111000 0.987755102041

011110
1 0111101 0.0080971659919
0 0111100 0.991902834008

011011
1 0110111 0.00596421471173
0 0110110 0.994035785288

0110110
1 01101101 0.009
0 01101100 0.991

0110011
1 01100111 0.00641711229947
0 01100110 0.993582887701

01111
1 011111 0.00902708124373
0 011110 0.990972918756

01101100
1 011011001 0.0110998990918
0 011011000 0.988900100908

01100110
1 011001101 0.0129171151776
0 011001100 0.987082884822

0110011000
1 01100110001 0.00992282249173
0 01100110000 0.990077177508

011001100
1 0110011001 0.0109051254089
0 0110011000 0.989094874591

0110001100
1 01100011001 0.0103199174407
0 01100011000 0.989680082559

01100000000
1 11000000001 0.0101984564498
0 0000 0.98980154355

0000110
1 00001101 0.0103822357827
0 01100 0.989617764217

01100110000
1 11001100001 0.0122494432071
0 01100000 0.987750556793

011000011
1 0110000111 0.0122767857143
0 0110000110 0.987723214286

0110000011
1 01100000111 0.0160427807487
0 01100000110 0.983957219251

01100011
1 011000111 0.0111675126904
0 011000110 0.98883248731

01100011000
1 11000110001 0.00729927007299
0 11000110000 0.992700729927

01
1 011 1.0

00001
1 000011 1.0

0110000001
1 01100000011 1.0

01101
1 011011 1.0

011001
1 0110011 1.0

0111
1 01111 1.0

01100001
1 011000011 1.0

011000001
1 0110000011 1.0

0110001
1 01100011 1.0

11110000001
1 11100000011 1.0

11000001101
1 10000011011 1.0

11000011001
1 10000110011 1.0

11000000111
1 10000001111 1.0

11011000001
1 10110000011 1.0

11000110001
1 10001100011 1.0

01111000001
1 11110000011 1.0

01101100001
1 11011000011 1.0

01100001101
1 11000011011 1.0

01100011001
1 11000110011 1.0

01100110001
1 11001100011 1.0

0111100001
1 01111000011 1.0

0110110001
1 01101100011 1.0

011001101
1 0110011011 1.0

011000111
1 0110001111 1.0

011110001
1 0111100011 1.0

01111001
1 011110011 1.0

0111101
1 01111011 1.0

0110111
1 01101111 1.0

01101101
1 011011011 1.0

01100111
1 011001111 1.0

011111
1 0111111 1.0

011011001
1 0110110011 1.0

0110011001
1 01100110011 1.0

11000000001
1 10000000011 1.0

00001101
1 000011011 1.0

0110001101
1 01100011011 1.0

11001100001
1 10011000011 1.0

0110000111
1 01100001111 1.0

01100000111
1 11000001111 1.0

11100000110
1 11000001101 0.0
0 01100 1.0

11111000000
1 11110000001 0.0
0 0110000000 1.0

11100001100
1 11000011001 0.0
0 011000 1.0

11101100000
1 11011000001 0.0
0 011000000 1.0

11100000011
1 11000000111 0.0
0 0000110 1.0

10111100000
1 01111000001 0.0
0 01111000000 1.0

10110000110
1 01100001101 0.0
0 01100001100 1.0

10011011000
1 0110110001 0.0
0 0110110000 1.0

10001111000
1 011110001 0.0
0 011110000 1.0

10000111100
1 01111001 0.0
0 01111000 1.0

10000011110
1 0111101 0.0
0 0111100 1.0

10000011011
1 0110111 0.0
0 0110110 1.0

10000110110
1 01101101 0.0
0 01101100 1.0

10000110011
1 01100111 0.0
0 01100110 1.0

10000001111
1 011111 0.0
0 011110 1.0

10001101100
1 011011001 0.0
0 011011000 1.0

10001100110
1 011001101 0.0
0 011001100 1.0

10011001100
1 0110011001 0.0
0 0110011000 1.0

10110001100
1 01100011001 0.0
0 01100011000 1.0

10011000110
1 0110001101 0.0
0 0110001100 1.0

11100110000
1 11001100001 0.0
0 01100000 1.0

10110000011
1 01100000111 0.0
0 01100000110 1.0

10001100011
1 011000111 0.0
0 011000110 1.0

11100011000
1 11000110001 0.0
0 11000110000 1.0

11110000011
0 11100000110 1.0

11111100000
0 11111000000 1.0

11110000110
0 11100001100 1.0

11110110000
0 11101100000 1.0

11011110000
0 10111100000 1.0

11011000011
0 10110000110 1.0

11001101100
0 10011011000 1.0

11000111100
0 10001111000 1.0

11000011110
0 10000111100 1.0

11000011011
0 10000110110 1.0

11000110110
0 10001101100 1.0

11000110011
0 10001100110 1.0

11011000110
0 10110001100 1.0

11001100011
0 10011000110 1.0

11110011000
0 11100110000 1.0

11110001100
0 11100011000 1.0

01111110000
0 11111100000 1.0

01111000011
0 11110000110 1.0

01111011000
0 11110110000 1.0

01101111000
0 11011110000 1.0

01100110110
0 11001101100 1.0

01100011110
0 11000111100 1.0

01101100011
0 11011000110 1.0

01111001100
0 11110011000 1.0

01111000110
0 11110001100 1.0

0111101100
0 01111011000 1.0

0110111100
0 01101111000 1.0

0110011011
0 01100110110 1.0

0110001111
0 01100011110 1.0

0111100110
0 01111001100 1.0

0111100011
0 01111000110 1.0

011110110
0 0111101100 1.0

011011110
0 0110111100 1.0

011110011
0 0111100110 1.0

01111011
0 011110110 1.0

01101111
0 011011110 1.0

011011011
0 0110110110 1.0

011001111
0 0110011110 1.0

0110110110
0 01101101100 1.0

0111111
0 01111110 1.0

0110110011
0 01101100110 1.0

0110011110
0 01100111100 1.0

01101101100
0 11011011000 1.0

01111110
0 011111100 1.0

01101100110
0 11011001100 1.0

01100111100
0 11001111000 1.0

11011011000
0 10110110000 1.0

01100110011
0 11001100110 1.0

011111100
0 0111111000 1.0

11011001100
0 10110011000 1.0

11001111000
0 10011110000 1.0

10000000011
1 0111 0.0042735042735
0 0000110 0.995726495726

000011011
1 0110111 0.00510204081633
0 0110110 0.994897959184

011000110
1 0110001101 0.00513347022587
0 0110001100 0.994866529774

10110110000
1 01101100001 0.111111111111
0 01101100000 0.888888888889

11001100110
1 011001101 0.1
0 10011001100 0.9

0111111000
1 011110001 0.111111111111
0 01111110000 0.888888888889

01100011011
1 0110111 0.2
0 11000110110 0.8

10110011000
1 01100110001 0.0909090909091
0 01100110000 0.909090909091

10011000011
1 0110000111 0.0909090909091
0 0110000110 0.909090909091

01100001111
1 011111 0.0909090909091
0 11000011110 0.909090909091

11000110000
1 01100001 0.0186528497409
0 01100000 0.981347150259

11000001111
1 011111 0.0666666666667
0 10000011110 0.933333333333

10011110000
1 0111100001 0.166666666667
0 0111100000 0.833333333333

