1111
0 11110 0.676142697882
1 11111 0.323857302118

010111111
0 101111110 0.66095890411
1 101111111 0.33904109589

111011111
0 110111110 0.666666666667
1 110111111 0.333333333333

11111
0 111110 0.65404475043
1 111111 0.34595524957

0011111
0 000111110 0.660965412391
1 000111111 0.339034587609

011111
0 0111110 0.655263157895
1 0111111 0.344736842105

110111111
0 101111110 0.65873015873
1 111 0.34126984127

101111111
0 1111110 0.661971830986
1 011111111 0.338028169014

11111011
0 11110110 0.688
1 111110111 0.312

1001111
0 010011110 0.678476527901
1 110011111 0.321523472099

10111011
0 101110110 0.699115044248
1 001110111 0.300884955752

0110111
0 01101110 0.665306122449
1 101101111 0.334693877551

110111011
0 101110110 0.68544600939
1 11 0.31455399061

000111111
0 001111110 0.665620094192
1 001111111 0.334379905808

0111111
0 1111110 0.656488549618
1 001111111 0.343511450382

111111
0 1111110 0.651741293532
1 1111111 0.348258706468

110101111
0 101011110 0.701657458564
1 01011111 0.298342541436

10101111
0 101011110 0.683526011561
1 101011111 0.316473988439

1111011
0 11110110 0.691380908248
1 11110111 0.308619091752

101001111
0 010011110 0.674358974359
1 010011111 0.325641025641

101111
0 1011110 0.674463937622
1 01011111 0.325536062378

100111
0 11001110 0.686823855756
1 1001111 0.313176144244

111
0 1110 0.692302414929
1 1111 0.307697585071

110100111
0 11001110 0.702623906706
1 101001111 0.297376093294

10111
0 101110 0.679661016949
1 101111 0.320338983051

110010111
0 100101110 0.664041994751
1 110101111 0.335958005249

1010111
0 100101110 0.677689799721
1 10101111 0.322310200279

011100111
0 111001110 0.657836644592
1 111001111 0.342163355408

111100111
0 11001110 0.659898477157
1 111001111 0.340101522843

001110011
0 01100110 0.674190382728
1 011100111 0.325809617272

110011
0 01100110 0.704012656407
1 111100111 0.295987343593

0111
0 01110 0.699484689327
1 01111 0.300515310673

010011110
0 100111100 0.682242990654
1 111101 0.317757009346

100101011
0 001010110 0.697986577181
1 1010111 0.302013422819

11011
0 001110110 0.699652142073
1 110111 0.300347857927

000111011
0 001110110 0.676646706587
1 001110111 0.323353293413

11110
0 111100 0.702308326463
1 111101 0.297691673537

101110101
0 111101010 0.699004975124
1 011101011 0.300995024876

110111
0 111101110 0.668393782383
1 1101111 0.331606217617

101111110
0 111100 0.673913043478
1 11111101 0.326086956522

111001111
0 110011110 0.693693693694
1 110011111 0.306306306306

010110011
0 01100110 0.701149425287
1 01100111 0.298850574713

001110111
0 11101110 0.688311688312
1 011101111 0.311688311688

111110111
0 111101110 0.65811965812
1 111101111 0.34188034188

001111
0 100011110 0.691884295585
1 0011111 0.308115704415

01111
0 011110 0.686727122836
1 011111 0.313272877164

1101111
0 011011110 0.670955882353
1 111011111 0.329044117647

100011011
0 000110110 0.702793296089
1 0110111 0.297206703911

1111101
0 1111010 0.685402684564
1 11111011 0.314597315436

111010111
0 110101110 0.688442211055
1 110101111 0.311557788945

111101
0 1111010 0.701190805871
1 1111011 0.298809194129

11101
0 111010 0.697618194842
1 000111011 0.302381805158

0011101
0 100111010 0.700277520814
1 000111011 0.299722479186

1110011
0 11100110 0.688697318008
1 011100111 0.311302681992

011110011
0 11100110 0.697228144989
1 111100111 0.302771855011

111110
0 1111100 0.686315789474
1 1111101 0.313684210526

001111110
0 11111100 0.657534246575
1 111101 0.342465753425

1111110
0 11111100 0.675572519084
1 11111101 0.324427480916

001000111
0 110001110 0.696870451237
1 010001111 0.303129548763

11111111
0 111111110 0.66
1 11111111 0.34

1011101
0 10111010 0.684944237918
1 10111011 0.315055762082

000111110
0 001111100 0.68690851735
1 1111101 0.31309148265

1101011
0 111010110 0.698227848101
1 111010111 0.301772151899

011101
0 0111010 0.695911075824
1 000111011 0.304088924176

110001011
0 0010110 0.700251889169
1 110010111 0.299748110831

100111001
0 11110010 0.704288939052
1 001110011 0.295711060948

101001101
0 100011010 0.694674556213
1 100011011 0.305325443787

0111110
0 01111100 0.691967871486
1 1111101 0.308032128514

011101011
0 0010110 0.689486552567
1 111010111 0.310513447433

001111001
0 11110010 0.694822888283
1 011110011 0.305177111717

011111111
0 110 0.648484848485
1 11111111 0.351515151515

101011110
0 110111100 0.665961945032
1 010111101 0.334038054968

110110110
0 101101100 0.704545454545
1 101101101 0.295454545455

11110110
0 111101100 0.690348525469
1 111101101 0.309651474531

110111110
0 101111100 0.698275862069
1 1111101 0.301724137931

010111110
0 101111100 0.684007707129
1 111101 0.315992292871

010110111
0 101101110 0.648058252427
1 101101111 0.351941747573

111101101
0 111011010 0.670995670996
1 111011011 0.329004329004

101110011
0 01100110 0.695214105793
1 00111 0.304785894207

010000111
0 001110 0.702488687783
1 100001111 0.297511312217

010111101
0 1111010 0.702651515152
1 101111011 0.297348484848

110101101
0 101011010 0.675191815857
1 101011011 0.324808184143

11111101
0 111111010 0.663529411765
1 111111011 0.336470588235

101101101
0 100011010 0.671023965142
1 111011011 0.328976034858

1111001
0 11110010 0.703442188879
1 11110011 0.296557811121

110110101
0 101101010 0.703241895262
1 101101011 0.296758104738

101100101
0 111001010 0.700236966825
1 111001011 0.299763033175

110100011
0 111000110 0.696855345912
1 101000111 0.303144654088

1011110
0 110111100 0.701899256813
1 10111101 0.298100743187

101110110
0 101101100 0.691983122363
1 01101 0.308016877637

01100111
0 11001110 0.657670454545
1 011001111 0.342329545455

010001111
0 100011110 0.686456400742
1 100011111 0.313543599258

101101111
0 011011110 0.654377880184
1 011011111 0.345622119816

110011111
0 100111110 0.665289256198
1 100111111 0.334710743802

110011101
0 100111010 0.666666666667
1 100111011 0.333333333333

11111110
0 11111100 0.7
1 111111101 0.3

11000111
0 110001110 0.702307692308
1 110001111 0.297692307692

111010101
0 110101010 0.681592039801
1 1 0.318407960199

001011101
0 10111010 0.699727024568
1 010111011 0.300272975432

011101111
0 111011110 0.663793103448
1 111011111 0.336206896552

111011101
0 110111010 0.661616161616
1 110111011 0.338383838384

111101111
0 111011110 0.669491525424
1 1 0.330508474576

01101110
0 011011100 0.700068166326
1 111011101 0.299931833674

101111011
0 11110110 0.725961538462
1 001110111 0.274038461538

111111011
0 11110110 0.727272727273
1 111110111 0.272727272727

111011011
0 110110110 0.740196078431
1 110110111 0.259803921569

011011
0 001110110 0.707830926196
1 0110111 0.292169073804

101011011
0 010110110 0.737819025522
1 0110111 0.262180974478

000100111
0 11001110 0.707534699273
1 101001111 0.292465300727

00111
0 001110 0.707107086506
1 001111 0.292892913494

110011110
0 100111100 0.718614718615
1 111101 0.281385281385

001011011
0 010110110 0.717391304348
1 010110111 0.282608695652

1110101
0 111101010 0.720930232558
1 1101011 0.279069767442

01110101
0 111101010 0.715972222222
1 011101011 0.284027777778

0110011
0 01100110 0.710585817061
1 01100111 0.289414182939

100001111
0 100011110 0.721295387635
1 0011111 0.278704612365

000011011
0 000110110 0.707825529185
1 0110111 0.292174470815

000111101
0 1111010 0.715566422168
1 1111011 0.284433577832

100011101
0 100111010 0.734494015234
1 000111011 0.265505984766

111001011
0 10010110 0.709762532982
1 110010111 0.290237467018

11110011
0 111100110 0.706845238095
1 111100111 0.293154761905

101000111
0 110001110 0.709371293001
1 010001111 0.290628706999

1011
0 10110 0.711595358769
1 10111 0.288404641231

0000111
0 00001110 0.717586348443
1 001111 0.282413651557

101101011
0 111010110 0.716346153846
1 1010111 0.283653846154

001101011
0 111010110 0.709071949948
1 111010111 0.290928050052

11010011
0 110100110 0.716059602649
1 110100111 0.283940397351

111001110
0 110011100 0.735981308411
1 0011101 0.264018691589

11001110
0 110011100 0.725258493353
1 110011101 0.274741506647

10011
0 100110 0.726251044119
1 100111 0.273748955881

1101
0 11010 0.7169288176
1 11011 0.2830711824

1110
0 11100 0.723317807948
1 11101 0.276682192052

101110
0 11011100 0.717548234676
1 1011101 0.282451765324

001011
0 0010110 0.722685851319
1 110010111 0.277314148681

000111001
0 11110010 0.728576550735
1 001110011 0.271423449265

10001101
0 100011010 0.727880814837
1 100011011 0.272119185163

111001
0 11110010 0.717303005686
1 1110011 0.282696994314

101111001
0 11110010 0.70704845815
1 011110011 0.29295154185

110101
0 101101010 0.721281399944
1 1101011 0.278718600056

11
0 110 0.7341904306
1 111 0.2658095694

110010011
0 100100110 0.705953827461
1 110100111 0.294046172539

001110
0 100011100 0.737812272617
1 0011101 0.262187727383

100011
0 111000110 0.736830777509
1 001000111 0.263169222491

01110
0 100011100 0.732343982433
1 011101 0.267656017567

110010101
0 110101010 0.737875288684
1 100101011 0.262124711316

01100110
0 111001100 0.737055250217
1 101001101 0.262944749783

100111100
0 1111000 0.757062146893
1 001111001 0.242937853107

110111001
0 11110010 0.725623582766
1 101110011 0.274376417234

001110110
0 101101100 0.742830712303
1 111101101 0.257169287697

010110110
0 101101100 0.706592386258
1 101101101 0.293407613742

001010110
0 100101100 0.725836780745
1 110101101 0.274163219255

111011010
0 110110100 0.722838137472
1 110110101 0.277161862528

111100
0 1111000 0.734006338772
1 1111001 0.265993661228

101100011
0 111000110 0.725748502994
1 11000111 0.274251497006

111101010
0 111010100 0.71098265896
1 111010101 0.28901734104

100101110
0 11011100 0.718191377497
1 001011101 0.281808622503

11101110
0 111011100 0.727272727273
1 111011101 0.272727272727

111101110
0 11011100 0.716279069767
1 111011101 0.283720930233

111000101
0 110001010 0.733674775928
1 110001011 0.266325224072

001101101
0 111011010 0.707607699358
1 111011011 0.292392300642

100011110
0 100111100 0.714574898785
1 000111101 0.285425101215

110000111
0 1110 0.711055276382
1 11 0.288944723618

110101011
0 001010110 0.74801061008
1 11 0.25198938992

10111101
0 1111010 0.711911357341
1 101111011 0.288088642659

011110
0 0111100 0.709603841537
1 000111101 0.290396158463

100101101
0 101011010 0.722651933702
1 001011011 0.277348066298

100111110
0 001111100 0.711252653928
1 101 0.288747346072

000110101
0 001101010 0.739761727476
1 001101011 0.260238272524

110101110
0 11011100 0.718072289157
1 1101 0.281927710843

01101
0 100011010 0.724793056923
1 011011 0.275206943077

110001110
0 100011100 0.706462212486
1 100011101 0.293537787514

111100101
0 111001010 0.724489795918
1 111001011 0.275510204082

10100011
0 111000110 0.724239450442
1 101000111 0.275760549558

111010
0 11110100 0.72404055962
1 1110101 0.27595944038

100111010
0 11110100 0.721329046088
1 01110101 0.278670953912

111101001
0 111010010 0.740425531915
1 11010011 0.259574468085

111000011
0 110000110 0.721518987342
1 0000111 0.278481012658

011011110
0 110111100 0.718309859155
1 10111101 0.281690140845

000110110
0 101101100 0.707334273625
1 001101101 0.292665726375

11010101
0 110101010 0.706157443492
1 110101011 0.293842556508

10010110
0 100101100 0.742678419107
1 100101101 0.257321580893

11100110
0 111001100 0.734353268428
1 111001101 0.265646731572

1111100
0 1111000 0.727377300613
1 11111001 0.272622699387

011000011
0 110000110 0.728813559322
1 110000111 0.271186440678

111100011
0 111000110 0.723557692308
1 111000111 0.276442307692

1111010
0 11110100 0.719589257504
1 11110101 0.280410742496

11111100
0 1111000 0.717514124294
1 111111001 0.282485875706

111001101
0 100011010 0.712041884817
1 011 0.287958115183

111100110
0 111001100 0.751578947368
1 101 0.248421052632

11111001
0 111110010 0.714486638537
1 111110011 0.285513361463

1011011
0 010110110 0.721682847896
1 110110111 0.278317152104

11110101
0 111101010 0.730985915493
1 111101011 0.269014084507

111111110
0 11111100 0.727272727273
1 111111101 0.272727272727

111000111
0 110001110 0.741477272727
1 110001111 0.258522727273

111111001
0 111110010 0.72
1 0011 0.28

10110
0 100101100 0.734878339781
1 101101 0.265121660219

101011001
0 010110010 0.729384436702
1 010110011 0.270615563298

00001110
0 000011100 0.74650649669
1 0011101 0.25349350331

100100011
0 00110 0.734308636149
1 001000111 0.265691363851

11001
0 0110010 0.739246202888
1 110011 0.260753797112

011
0 0110 0.749355754125
1 0111 0.250644245875

10111010
0 101110100 0.727272727273
1 101110101 0.272727272727

0010101
0 00101010 0.741280262618
1 100101011 0.258719737382

0111100
0 01111000 0.736931145322
1 001111001 0.263068854678

111010110
0 110101100 0.733167082294
1 110101101 0.266832917706

101011010
0 010110100 0.750530785563
1 110110101 0.249469214437

001111100
0 01111000 0.726368159204
1 1111001 0.273631840796

01000011
0 010000110 0.740229209521
1 010000111 0.259770790479

110100110
0 101001100 0.749132947977
1 101001101 0.250867052023

110011100
0 100111000 0.752545824847
1 100111001 0.247454175153

111010001
0 110100010 0.755939524838
1 110100011 0.244060475162

000001101
0 000011010 0.744613499438
1 000011011 0.255386500562

100010011
0 000100110 0.72579898101
1 000100111 0.27420101899

100101
0 1010 0.734461754083
1 111001011 0.265538245917

101
0 1010 0.753400583682
1 1011 0.246599416318

0111010
0 101110100 0.726183685111
1 01110101 0.273816314889

011001
0 0110010 0.747652886561
1 0110011 0.252347113439

11010
0 110100 0.743882603824
1 110101 0.256117396176

001101010
0 011010100 0.754104620084
1 110010101 0.245895379916

101101001
0 011010010 0.753829321663
1 11010011 0.246170678337

100110
0 1001100 0.75209117524
1 10001101 0.24790882476

110111100
0 01111000 0.744402985075
1 101111001 0.255597014925

111011100
0 110111000 0.738636363636
1 000111001 0.261363636364

11100
0 110111000 0.747020139745
1 111001 0.252979860255

11011100
0 110111000 0.716398713826
1 110111001 0.283601286174

111001001
0 110010010 0.741548527808
1 110010011 0.258451472192

101101010
0 011010100 0.748407643312
1 11010101 0.251592356688

0010110
0 110101100 0.7507963897
1 100101101 0.2492036103

100011010
0 010110100 0.74269005848
1 000110101 0.25730994152

11110010
0 111100100 0.754077791719
1 111100101 0.245922208281

01111100
0 01111000 0.732443412652
1 11111001 0.267556587348

111111010
0 110100 0.705673758865
1 11110101 0.294326241135

101101100
0 111011000 0.739564428312
1 101011001 0.260435571688

111101100
0 111011000 0.749514563107
1 011001 0.250485436893

110100101
0 101001010 0.72190692395
1 111001011 0.27809307605

110
0 1100 0.760365372793
1 1101 0.239634627207

110000101
0 001010 0.748753738784
1 001011 0.251246261216

100100110
0 101001100 0.75325803649
1 10001101 0.24674196351

110110001
0 111100010 0.715059588299
1 101100011 0.284940411701

110000011
0 100000110 0.747752511898
1 0000111 0.252247488102

100011100
0 100111000 0.744315915437
1 000111001 0.255684084563

111000110
0 110001100 0.751895991333
1 10001101 0.248104008667

111001010
0 110010100 0.721820062048
1 110010101 0.278179937952

11110001
0 111100010 0.72192513369
1 111100011 0.27807486631

101010001
0 110100010 0.755139333029
1 10100011 0.244860666971

111010100
0 110101000 0.758710801394
1 111101001 0.241289198606

111100001
0 111000010 0.752144899905
1 111000011 0.247855100095

11110100
0 111101000 0.742041712404
1 111101001 0.257958287596

110101010
0 101010100 0.743929359823
1 0010101 0.256070640177

100101100
0 101011000 0.74617151608
1 101011001 0.25382848392

110110100
0 1101000 0.735398230088
1 101101001 0.264601769912

111001100
0 110011000 0.735795454545
1 011001 0.264204545455

111010010
0 110100100 0.725198412698
1 110100101 0.274801587302

1111000
0 11110000 0.760754837678
1 11110001 0.239245162322

110000110
0 100001100 0.756373937677
1 01101 0.243626062323

101111100
0 01111000 0.746615087041
1 1001 0.253384912959

111110010
0 111100100 0.753937007874
1 00101 0.246062992126

110001010
0 0010100 0.748277446027
1 0010101 0.251722553973

110010001
0 100100010 0.750113584734
1 100100011 0.249886415266

111110011
0 10 0.729064039409
1 11 0.270935960591

101101110
0 011011100 0.706493506494
1 1011101 0.293506493506

01011111
0 010111110 0.639950678175
1 010111111 0.360049321825

011011111
0 110111110 0.639004149378
1 110111111 0.360995850622

100011111
0 000111110 0.622641509434
1 000111111 0.377358490566

001111111
0 1111110 0.62012987013
1 011111111 0.37987012987

1111111
0 11111110 0.642857142857
1 11111111 0.357142857143

101011111
0 010111110 0.643835616438
1 11 0.356164383562

100111111
0 001111110 0.627450980392
1 001111111 0.372549019608

100111011
0 001110110 0.643015521064
1 001110111 0.356984478936

011001111
0 110011110 0.639004149378
1 110011111 0.360995850622

11110111
0 111101110 0.645645645646
1 111101111 0.354354354354

111101011
0 111010110 0.623036649215
1 111010111 0.376963350785

111111101
0 111111010 0.622222222222
1 11111011 0.377777777778

110110111
0 101101110 0.621052631579
1 101101111 0.378947368421

110001111
0 100011110 0.640826873385
1 100011111 0.359173126615

010011111
0 100111110 0.640495867769
1 100111111 0.359504132231

111011110
0 110111100 0.768240343348
1 01 0.231759656652

110111010
0 101110100 0.771764705882
1 101110101 0.228235294118

010110010
0 01100100 0.762295081967
1 101100101 0.237704918033

0011
0 00110 0.761369217169
1 00111 0.238630782831

000011001
0 0110010 0.763909101086
1 0110011 0.236090898914

001001001
0 110010010 0.772242439453
1 110010011 0.227757560547

000011010
0 010110100 0.768482272676
1 000110101 0.231517727324

00101
0 001010 0.77500080935
1 001011 0.22499919065

000100110
0 101001100 0.76507204611
1 10001101 0.23492795389

000110001
0 111100010 0.763581367211
1 101100011 0.236418632789

000011
0 100000110 0.779246333286
1 0000111 0.220753666714

1001
0 10010 0.774182485382
1 10011 0.225817514618

000011100
0 100111000 0.764860426929
1 000111001 0.235139573071

00110
0 110001100 0.784020297147
1 10001101 0.215979702853

1010
0 110010100 0.778006079949
1 110010101 0.221993920051

01001
0 100010010 0.784536896042
1 110010011 0.215463103958

0110
0 101001100 0.772757029094
1 01101 0.227242970906

0110010
0 01100100 0.774594144582
1 111100101 0.225405855418

110100
0 1101000 0.767844128079
1 111101001 0.232155871921

001010001
0 110100010 0.773935821873
1 10100011 0.226064178127

011010100
0 110101000 0.769029850746
1 111101001 0.230970149254

011100001
0 111000010 0.766930518909
1 111000011 0.233069481091

101100001
0 111000010 0.768303571429
1 011000011 0.231696428571

101110100
0 111101000 0.764925373134
1 111101001 0.235074626866

00101010
0 101010100 0.761878402067
1 0010101 0.238121597933

110101100
0 101011000 0.774291497976
1 101011001 0.225708502024

010110100
0 1101000 0.770693512304
1 101101001 0.229306487696

110001001
0 100010010 0.76821192053
1 100010011 0.23178807947

1001100
0 110011000 0.774155428889
1 011001 0.225844571111

011010010
0 110100100 0.764246682279
1 110100101 0.235753317721

01111000
0 11110000 0.76331496786
1 11110001 0.23668503214

111100100
0 111001000 0.765391014975
1 111001001 0.234608985025

010000110
0 100001100 0.768426624322
1 000001101 0.231573375678

111011000
0 110110000 0.763265306122
1 110110001 0.236734693878

110111000
0 101110000 0.763913824057
1 11110001 0.236086175943

110010010
0 100100100 0.769294952023
1 110100101 0.230705047977

100000101
0 000001010 0.770252517881
1 001011 0.229747482119

100000011
0 000000110 0.768237853517
1 0000111 0.231762146483

101001010
0 0010100 0.763295553618
1 110010101 0.236704446382

10001
0 100100010 0.787667946257
1 100011 0.212332053743

101010100
0 010101000 0.774831816383
1 111101001 0.225168183617

001010
0 0010100 0.796399181252
1 0010101 0.203600818748

100010001
0 100100010 0.783204548768
1 100100011 0.216795451232

1100
0 11000 0.78223764802
1 11001 0.21776235198

100001
0 1000010 0.803386021425
1 01000011 0.196613978575

100001001
0 000010010 0.783892810834
1 100010011 0.216107189166

101001100
0 11000 0.772293654085
1 011001 0.227706345915

01100100
0 011001000 0.793730407524
1 111001001 0.206269592476

111100010
0 111000100 0.774074074074
1 111000101 0.225925925926

100000110
0 000001100 0.774356811472
1 000001101 0.225643188528

10010
0 100100 0.794553468592
1 100101 0.205446531408

101011000
0 010110000 0.768975681651
1 110110001 0.231024318349

100111000
0 001110000 0.782997762864
1 11110001 0.217002237136

100100001
0 01000010 0.799829642249
1 01000011 0.200170357751

1101000
0 11010000 0.794785800165
1 111010001 0.205214199835

110001100
0 100011000 0.788738019169
1 011001 0.211261980831

110010100
0 100101000 0.790128577354
1 101101001 0.209871422646

100010010
0 00100100 0.791503708699
1 110100101 0.208496291301

110011000
0 100110000 0.781690140845
1 110110001 0.218309859155

110100010
0 101000100 0.775326797386
1 110000101 0.224673202614

110100100
0 101001000 0.799925622908
1 111001001 0.200074377092

110101000
0 11010000 0.802864938608
1 101010001 0.197135061392

111000001
0 110000010 0.778998242531
1 110000011 0.221001757469

111000010
0 110000100 0.803000394789
1 110000101 0.196999605211

11110000
0 111100000 0.779482867353
1 111100001 0.220517132647

111001000
0 110010000 0.799670510708
1 110010001 0.200329489292

111101000
0 111010000 0.772928994083
1 111010001 0.227071005917

100001100
0 100011000 0.795114050479
1 000011001 0.204885949521

101110000
0 111100000 0.797036082474
1 011100001 0.202963917526

110110000
0 111100000 0.803273427471
1 101100001 0.196726572529

100100100
0 001001000 0.803367257193
1 001001001 0.196632742807

000001010
0 0010100 0.813681586018
1 0010101 0.186318413982

000010001
0 100100010 0.81554770318
1 100100011 0.18445229682

000001001
0 000010010 0.80805308256
1 100010011 0.19194691744

000000110
0 000001100 0.81137117582
1 000001101 0.18862882418

1
0 10 0.811064214652
1 11 0.188935785348

0100001
0 01000010 0.809902428125
1 01000011 0.190097571875

0010100
0 100101000 0.819931812221
1 101101001 0.180068187779

000010010
0 00100100 0.819981677524
1 110100101 0.180018322476

11000
0 100110000 0.806159628334
1 110110001 0.193840371666

100100010
0 101000100 0.805783991228
1 110000101 0.194216008772

010101000
0 11010000 0.811247803163
1 101010001 0.188752196837

001000001
0 110000010 0.82616295461
1 110000011 0.17383704539

1000010
0 110000100 0.82604155011
1 110000101 0.17395844989

011001000
0 110010000 0.820243737305
1 110010001 0.179756262695

000001100
0 100011000 0.817938518955
1 000011001 0.182061481045

100100
0 101001000 0.81414732734
1 001001001 0.18585267266

001110000
0 111100000 0.8195785777
1 011100001 0.1804214223

010110000
0 111100000 0.819982296968
1 101100001 0.180017703032

111000100
0 110001000 0.805106076951
1 110001001 0.194893923049

01
0 010 0.828971808773
1 011 0.171028191227

10
0 100 0.832604967051
1 101 0.167395032949

100011000
0 000110000 0.810600534889
1 000110001 0.189399465111

00100100
0 001001000 0.826948968512
1 001001001 0.173051031488

100101000
0 001010000 0.822224871825
1 001010001 0.177775128175

01000010
0 010000100 0.831658811358
1 00101 0.168341188642

100110000
0 001100000 0.828366569572
1 101100001 0.171633430428

101000100
0 010001000 0.810933940774
1 110001001 0.189066059226

101001000
0 010010000 0.8180955769
1 100010001 0.1819044231

100000001
0 00010 0.843491416574
1 100000011 0.156508583426

110000001
0 100000010 0.806217315514
1 100000011 0.193782684486

11010000
0 110100000 0.825557324841
1 100100001 0.174442675159

110000010
0 100000100 0.81969412396
1 100000101 0.18030587604

110000100
0 100001000 0.824652136436
1 100001001 0.175347863564

110001000
0 100010000 0.833897158322
1 100010001 0.166102841678

111100000
0 111000000 0.821467098166
1 111000001 0.178532901834

110010000
0 100100000 0.842512376238
1 100100001 0.157487623762

111010000
0 110100000 0.820882088209
1 0100001 0.179117911791

000110000
0 001100000 0.84818077365
1 101100001 0.15181922635

001001000
0 010010000 0.85084425304
1 100010001 0.14915574696

010
0 0100 0.847508980686
1 00101 0.152491019314

100
0 1000 0.851229296479
1 1001 0.148770703521

00001
0 000010 0.866771411276
1 000011 0.133228588724

001010000
0 110100000 0.856931815287
1 100100001 0.143068184713

010000100
0 100001000 0.847482929257
1 100001001 0.152517070743

010001000
0 100010000 0.856258340005
1 100010001 0.143741659995

001100000
0 111000000 0.864526136951
1 111000001 0.135473863049

010010000
0 100100000 0.859618320611
1 100100001 0.140381679389

0100
0 01000 0.863999637207
1 01001 0.136000362793

00010
0 000100 0.870317068434
1 00101 0.129682931566

100000010
0 000100 0.847571982363
1 100000101 0.152428017637

1000
0 10000 0.868842633037
1 10001 0.131157366963

000010
0 0000100 0.878455710005
1 100000101 0.121544289995

110100000
0 101000000 0.85003375446
1 111000001 0.14996624554

100000100
0 001000 0.858227490827
1 000001001 0.141772509173

100001000
0 0010000 0.86317029422
1 000010001 0.13682970578

100010000
0 0100000 0.8684363839
1 0100001 0.1315636161

111000000
0 110000000 0.858273254792
1 110000001 0.141726745208

100100000
0 001000000 0.878384820748
1 001000001 0.121615179252

000000001
0 000000010 0.8899118481
1 100000011 0.1100881519

000000010
0 0000100 0.893383358632
1 100000101 0.106616641368

01000
0 0010000 0.879347266982
1 100010001 0.120652733018

000100
0 0001000 0.882565575863
1 100001001 0.117434424137

10000
0 100000 0.884887284568
1 100001 0.115112715432

001000
0 0010000 0.887627663852
1 000010001 0.112372336148

0000100
0 0001000 0.889378897322
1 000001001 0.110621102678

0010000
0 0100000 0.899598193456
1 0100001 0.100401806544

0001000
0 00010000 0.894122631774
1 000010001 0.105877368226

0100000
0 001000000 0.905658485947
1 001000001 0.0943415140532

101000000
0 010000000 0.883571571929
1 110000001 0.116428428071

110000000
0 100000000 0.893363643948
1 100000001 0.106636356052

00010000
0 000100000 0.905011337291
1 0100001 0.0949886627092

100000
0 1000000 0.899245338915
1 001000001 0.100754661085

001000000
0 010000000 0.920977694715
1 110000001 0.0790223052849

010000000
0 100000000 0.926827043544
1 100000001 0.0731729564557

100000000
0 000000000 0.932705307914
1 00001 0.0672946920864

010111011
0 101110110 0.705376344086
1 001110111 0.294623655914

101101
0 111011010 0.705032046911
1 1011011 0.294967953089

011011100
0 110111000 0.704965920156
1 110111001 0.295034079844

000000000
0 000000000 0.991784168048
1 000000001 0.00821580926717

000100000
0 001000000 0.914510762163
1 001000001 0.0854892378373

1000000
0 010000000 0.911812962333
1 110000001 0.0881870376672

