1111
1 1111 0.50464551053
0 11110 0.49535448947

11110
1 111101 0.753169301744
0 111100 0.246830698256

111101
1 1111 0.352542956861
0 1111010 0.647457043139

111100
1 1111001 1.0

1111010
1 111101 0.398703116069
0 1111 0.601296883931

1111001
0 11110010 1.0

11110110
1 111101 0.747166361974
0 111100 0.252833638026

11110010
1 111100101 0.377372817008
0 1111 0.622627182992

111101001
1 1111 0.530216086828
0 1010010 0.469783913172

111100101
1 1111 0.390651601919
0 111001010 0.609348398081

111011
1 1111 0.51214907008
0 11110 0.48785092992

110
1 1101 0.76013497128
0 111100 0.23986502872

1010010
1 10100101 0.428932247269
0 1111 0.571067752731

010001
1 111100 0.296548740675
0 111001010 0.703451259325

111001010
1 111101 0.472599629772
0 0100 0.527400370228

0101
1 1111 0.34044366769
0 111100101 0.659555069523

0100
1 1001001 0.494388080808
0 111100 0.505611919192

1101
1 1111 0.326238742845
0 110101101 0.673761257155

1001001
1 0100 0.536850721546
0 1010010 0.463149278454

111
1 1111 0.41675727693
0 1110 0.58324272307

110101101
1 1111 0.362549800797
0 1111010 0.637450199203

10100101
1 1111 0.31483389764
0 0101 0.68516610236

110010001
1 111100 0.303129323407
0 00100010 0.696870676593

1110
1 110010001 0.784596621517
0 111100 0.215403378483

00100010
1 010001 0.482205260001
0 111011 0.517794739999

100100110
1 110101101 0.740842992122
0 111100 0.259157007878

0
1 0101 0.596346519269
0 00 0.403653480731

010001110
1 100011101 0.85777936096
0 111100 0.14222063904

0100110
1 110101101 0.685813630042
0 111100 0.314186369958

1101001
1 111 0.552536750358
0 1010010 0.447463249642

10
1 101 0.523137399048
0 100 0.476862600952

00
1 0101 0.704503418031
0 111100 0.295496581969

100011101
1 111101001 0.211052957694
0 000111010 0.788947042306

11010001
1 111100 0.285088244177
0 110100010 0.714911755823

11001001
1 1111 0.544360921645
0 1010010 0.455639078355

1110100
1 000101001 0.446723473418
0 111100 0.553276526582

101
1 1111 0.33345022454
0 11110010 0.666549134375

100
1 11110010 0.580560470815
0 111100 0.419439529185

001010010
1 10100101 0.436431596006
0 1111 0.563568403994

000111010
1 11110010 0.248863712319
0 1111010 0.751136287681

000101010
1 111101 0.405477404893
0 1111 0.594522595107

000101001
1 0100 0.565671742202
0 001010010 0.434328257798

110100010
1 010001 0.456190415458
0 1111 0.543809584542

0110
1 111101 0.726088562283
0 111100 0.273911437717

0011
1 00111 0.662616238978
0 0100110 0.337383761022

111010001
1 111100 0.277226617191
0 1010010 0.722773382809

01110
1 11010001 0.801815132423
0 111100 0.198184867577

00111
1 1111 0.231858712252
0 001110 0.768141287748

011001001
1 1111 0.559362360219
0 1010010 0.440637639781

001110
1 000111010 0.828050344717
0 111100 0.171949655283

10100110
1 110101101 0.641966869947
0 111100 0.358033130053

01110010
1 1111010 0.37040333723
0 1111 0.62959666277

