0001011
1 0010111 0.517173617293
0 0010110 0.482826382707

0001010
1 0010101 0.349204640078
0 0010100 0.650795359922

1000101
1 0001011 0.299421163005
0 0001010 0.700578836995

1000100
1 0001001 0.516147449985
0 0001000 0.483852550015

1111001
1 1110011 0.0
0 1110010 1.0

1101110
1 1011101 0.75215124479
0 1011100 0.24784875521

1101111
1 1011111 0.506488233733
0 1011110 0.493511766267

1100100
1 1001001 0.505415374189
0 1001000 0.494584625811

1100101
1 1001011 0.392243561616
0 1001010 0.607756438384

0001000
1 0010001 1.0
0 0010000 0.0

0001001
1 0010011 0.513063403157
0 0010010 0.486936596843

0100101
1 1001011 0.315945764719
0 1001010 0.684054235281

0100100
1 1001001 0.500541851584
0 1001000 0.499458148416

0111101
1 1111011 0.354522629241
0 1111010 0.645477370759

0111100
1 1111001 1.0
0 1111000 0.0

1000111
1 0001111 0.0
0 0001110 1.0

0101111
1 1011111 0.504923851223
0 1011110 0.495076148777

1111011
1 1110111 0.505004253163
0 1110110 0.494995746837

1111010
1 1110101 0.398703116069
0 1110100 0.601296883931

0101110
1 1011101 0.751067343022
0 1011100 0.248932656978

0010011
1 0100111 0.493851201185
0 0100110 0.506148798815

0010010
1 0100101 0.421727247023
0 0100100 0.578272752977

0110111
1 1101111 0.506935433762
0 1101110 0.493064566238

0110110
1 1101101 0.753896485811
0 1101100 0.246103514189

1110010
1 1100101 0.373230149643
0 1100100 0.626769850357

1011101
1 0111011 0.353050473701
0 0111010 0.646949526299

1011100
1 0111001 1.0
0 0111000 0.0

0101100
1 1011001 1.0
0 1011000 0.0

0101101
1 1011011 0.353860403968
0 1011010 0.646139596032

1010111
1 0101111 0.507570846119
0 0101110 0.492429153881

1010110
1 0101101 0.750240996792
0 0101100 0.249759003208

0100110
1 1001101 0.685813630042
0 1001100 0.314186369958

0100111
1 1001111 0.509068784857
0 1001110 0.490931215143

0111110
1 1111101 0.756169507211
0 1111100 0.243830492789

0111111
1 1111111 0.507142452777
0 1111110 0.492857547223

0010001
1 0100011 0.301385610261
0 0100010 0.698614389739

0110100
1 1101001 0.502870418694
0 1101000 0.497129581306

0110101
1 1101011 0.353527402912
0 1101010 0.646472597088

1011111
1 0111111 0.50425186531
0 0111110 0.49574813469

1010100
1 0101001 0.502182824895
0 0101000 0.497817175105

1010101
1 0101011 0.349674018311
0 0101010 0.650325981689

0011111
1 0111111 0.507344752612
0 0111110 0.492655247388

0011110
1 0111101 0.7525405693
0 0111100 0.2474594307

0100011
1 1000111 1.0
0 1000110 0.0

0100010
1 1000101 0.473973379861
0 1000100 0.526026620139

1001111
1 0011111 0.500823329438
0 0011110 0.499176670562

1001110
1 0011101 0.755649192382
0 0011100 0.244350807618

0001110
1 0011101 0.85777936096
0 0011100 0.14222063904

0011100
1 0111001 1.0
0 0111000 0.0

0011101
1 0111011 0.249653890465
0 0111010 0.750346109535

1101011
1 1010111 0.499955533157
0 1010110 0.500044466843

1101010
1 1010101 0.400897841536
0 1010100 0.599102158464

0101001
1 1010011 0.54013956708
0 1010010 0.45986043292

0101000
1 1010001 1.0
0 1010000 0.0

1001100
1 0011001 1.0
0 0011000 0.0

1001101
1 0011011 0.360628852072
0 0011010 0.639371147928

0010101
1 0101011 0.360718565246
0 0101010 0.639271531705

0010100
1 0101001 0.496743690718
0 0101000 0.503256309282

1001001
1 0010011 0.536850721546
0 0010010 0.463149278454

1001000
1 0010001 1.0
0 0010000 0.0

1111111
1 1111111 0.503592604222
0 1111110 0.496407395778

1111110
1 1111101 0.751816277622
0 1111100 0.248183722378

1101000
1 1010001 1.0
0 1010000 0.0

1101001
1 1010011 0.552536750358
0 1010010 0.447463249642

1110101
1 1101011 0.362045489852
0 1101010 0.637954510148

1110100
1 1101001 0.446723473418
0 1101000 0.553276526582

1010001
1 0100011 0.292807674352
0 0100010 0.707192325648

0101010
1 1010101 0.399085504553
0 1010100 0.600914495447

0101011
1 1010111 0.499398163699
0 1010110 0.500601836301

0110010
1 1100101 0.359703711387
0 1100100 0.640296288613

0010110
1 0101101 0.752604329112
0 0101100 0.247395670888

0010111
1 0101111 0.50355323848
0 0101110 0.49644676152

0011001
1 0110011 0.0
0 0110010 1.0

1110110
1 1101101 0.751721338803
0 1101100 0.248278661197

1110111
1 1101111 0.50122198749
0 1101110 0.49877801251

1011110
1 0111101 0.752250948369
0 0111100 0.247749051631

1111100
1 1111001 1.0
0 1111000 0.0

1111101
1 1111011 0.350598264653
0 1111010 0.649401735347

1011011
1 0110111 0.501692878186
0 0110110 0.498307121814

1011010
1 0110101 0.398251955155
0 0110100 0.601748044845

1010010
1 0100101 0.428932247269
0 0100100 0.571067752731

1010011
1 0100111 0.454237584519
0 0100110 0.545762415481

0111011
1 1110111 0.516731083951
0 1110110 0.483268916049

0111010
1 1110101 0.315842255172
0 1110100 0.684157744828

0011010
1 0110101 0.399459407279
0 0110100 0.600540592721

0011011
1 0110111 0.50097799511
0 0110110 0.49902200489

1011001
1 0110011 0.0
0 0110010 1.0

0111001
1 1110011 0.0
0 1110010 1.0

1101101
1 1011011 0.352057021652
0 1011010 0.647942978348

1101100
1 1011001 1.0
0 1011000 0.0

1001010
1 0010101 0.394749943426
0 0010100 0.605250056574

1001011
1 0010111 0.502740919825
0 0010110 0.497259080175

