010001
1 100011 0.202592769826
0 100010 0.797407230174

100010
1 101 0.189011212161
0 100 0.810988787839

100
0 1000 0.851229296479
1 1001 0.148770703521

1001
0 10010 0.774182485382
1 10011 0.225817514618

10011
0 100110 0.726251044119
1 100111 0.273748955881

100111
1 1111 0.313176144244
0 1110 0.686823855756

1110
0 11100 0.723317807948
1 11101 0.276682192052

11101
0 111010 0.697618194842
1 111011 0.302381805158

111011
1 10111 0.318625999408
0 110110 0.681374000592

110110
1 101101 0.288499280387
0 101100 0.711500719613

101100
1 11001 0.24195611532
0 11000 0.75804388468

11000
0 110000 0.806159628334
1 110001 0.193840371666

110001
1 11 0.248505412829
0 100010 0.751494587171

11
0 110 0.7341904306
1 111 0.2658095694

111
0 1110 0.692302414929
1 1111 0.307697585071

1111
0 11110 0.676142697882
1 1111 0.323857302118

11110
0 111100 0.702308326463
1 111101 0.297691673537

111101
1 11011 0.298809194129
0 111010 0.701190805871

111010
1 110101 0.27595944038
0 110100 0.72404055962

110100
1 101001 0.232155871921
0 101000 0.767844128079

101000
1 10001 0.176185853356
0 10000 0.823814146644

10000
0 100000 0.884887284568
1 100001 0.115112715432

100001
1 11 0.196613978575
0 10 0.803386021425

10
0 100 0.832604967051
1 101 0.167395032949

101
0 1010 0.753400583682
1 1011 0.246599416318

1011
0 10110 0.711595358769
1 10111 0.288404641231

10111
0 101110 0.679661016949
1 1111 0.320338983051

101110
1 011101 0.282451765324
0 11100 0.717548234676

11100
0 111000 0.747020139745
1 111001 0.252979860255

111001
1 110011 0.282696994314
0 110010 0.717303005686

110010
1 100101 0.233106737013
0 100100 0.766893262987

100100
1 1001 0.18585267266
0 1000 0.81414732734

1000
0 10000 0.868842633037
1 10001 0.131157366963

10001
0 100010 0.787667946257
1 100011 0.212332053743

100011
1 0111 0.263169222491
0 110 0.736830777509

110
0 1100 0.760365372793
1 1101 0.239634627207

1101
0 11010 0.7169288176
1 11011 0.2830711824

11011
0 110110 0.699652142073
1 110111 0.300347857927

110111
1 1111 0.331606217617
0 101110 0.668393782383

11010
0 110100 0.743882603824
1 110101 0.256117396176

110101
1 101011 0.278718600056
0 101010 0.721281399944

101010
1 10101 0.241552914309
0 10100 0.758447085691

10100
0 101000 0.802757904079
1 101001 0.197242095921

101001
1 10011 0.246885803655
0 10010 0.753114196345

10010
0 100100 0.794553468592
1 100101 0.205446531408

100101
1 01011 0.265538245917
0 1010 0.734461754083

1010
0 10100 0.778006079949
1 10101 0.221993920051

10101
0 101010 0.730862605265
1 101011 0.269137394735

101011
1 10111 0.302607470049
0 10110 0.697392529951

10110
0 101100 0.734878339781
1 101101 0.265121660219

101101
1 1011 0.294967953089
0 11010 0.705032046911

01011
0 010110 0.716264090177
1 010111 0.283735909823

010111
1 1111 0.315676630092
0 1110 0.684323369908

010110
1 101101 0.256195043965
0 101100 0.743804956035

10101
0 101010 0.730862605265
1 101011 0.269137394735

101011
1 10111 0.302607470049
0 10110 0.697392529951

1100
0 11000 0.78223764802
1 11001 0.21776235198

11001
0 110010 0.739246202888
1 110011 0.260753797112

110011
1 100111 0.295987343593
0 100110 0.704012656407

100110
1 1101 0.24790882476
0 1100 0.75209117524

0111
0 01110 0.699484689327
1 1111 0.300515310673

01110
0 011100 0.732343982433
1 011101 0.267656017567

011101
1 111011 0.304088924176
0 111010 0.695911075824

011100
1 111001 0.247618126421
0 111000 0.752381873579

111000
1 110001 0.221779000459
0 110000 0.778220999541

110000
1 100001 0.16888549302
0 100000 0.83111450698

100000
1 1 0.100754661085
0 e 0.899245338915

e
1 1 0.023219
0 0 0.976781

0
0 00 0.980720222854
1 01 0.0192797566701

01
0 010 0.828971808773
1 011 0.171028191227

011
0 0110 0.749355754125
1 0111 0.250644245875

0110
0 01100 0.772757029094
1 01101 0.227242970906

01101
0 011010 0.724793056923
1 011011 0.275206943077

011011
1 110111 0.292169073804
0 110110 0.707830926196

011010
1 110101 0.248339706178
0 110100 0.751660293822

01100
0 011000 0.79326355974
1 011001 0.20673644026

011001
1 110011 0.252347113439
0 110010 0.747652886561

011000
1 110001 0.185603244339
0 110000 0.814396755661

010
0 0100 0.847508980686
1 0101 0.152491019314

0101
0 01010 0.765225281234
1 01011 0.234774718766

01010
0 010100 0.788371173861
1 010101 0.211628826139

010101
1 101011 0.265615272878
0 101010 0.734384727122

010100
1 101001 0.187235405526
0 101000 0.812764594474

0100
0 01000 0.863999637207
1 01001 0.136000362793

01001
0 010010 0.784536896042
1 010011 0.215463103958

010011
1 0111 0.265772504514
0 110 0.734227495486

010010
1 100101 0.197721863312
0 100100 0.802278136688

01000
0 010000 0.879347266982
1 010001 0.120652733018

010000
1 1 0.106851304702
0 100000 0.893148695298

1
0 10 0.811064214652
1 11 0.188935785348

00
0 000 0.983631986709
1 001 0.0163679924131

001
0 0010 0.844165385817
1 0011 0.155834614183

0011
0 00110 0.761369217169
1 00111 0.238630782831

00111
0 001110 0.707107086506
1 1111 0.292892913494

001110
1 11101 0.262187727383
0 011100 0.737812272617

00110
0 001100 0.784020297147
1 001101 0.215979702853

001101
1 11011 0.267994026879
0 011010 0.732005973121

001100
1 011001 0.19692025011
0 011000 0.80307974989

0010
0 00100 0.859980085009
1 00101 0.140019914991

00101
0 001010 0.77500080935
1 001011 0.22499919065

001011
1 010111 0.277314148681
0 010110 0.722685851319

001010
1 010101 0.203600818748
0 010100 0.796399181252

00100
0 001000 0.873940957153
1 001001 0.126059042847

001001
1 010011 0.207481950213
0 010010 0.792518049787

001000
1 1 0.112372336148
0 010000 0.887627663852

000
0 0000 0.985835215067
1 0001 0.0141647637072

0001
0 00010 0.856396409086
1 00011 0.143603590914

00011
0 000110 0.771020723334
1 000111 0.228979276666

000111
1 111 0.286228581845
0 001110 0.713771418155

000110
1 001101 0.207714169712
0 001100 0.792285830288

00010
0 000100 0.870317068434
1 000101 0.129682931566

000101
1 001011 0.214852393545
0 001010 0.785147606455

000100
1 001001 0.117434424137
0 001000 0.882565575863

0000
0 00000 0.987516197806
1 00001 0.012483780664

00001
0 000010 0.866771411276
1 000011 0.133228588724

000011
1 000111 0.220753666714
0 000110 0.779246333286

000010
1 000101 0.121544289995
0 000100 0.878455710005

00000
0 000000 0.988813590777
1 000001 0.0111863874207

000001
1 000011 0.124982946063
0 000010 0.875017053937

000000
1 000001 0.0101731072886
0 000000 0.989826870662

1
0 10 0.811064214652
1 11 0.188935785348

1
0 10 0.811064214652
1 11 0.188935785348

100101
1 01011 0.265538245917
0 1010 0.734461754083

110011
1 100111 0.295987343593
0 100110 0.704012656407

111000
1 110001 0.221779000459
0 110000 0.778220999541

011101
1 111011 0.304088924176
0 111010 0.695911075824

10110
0 101100 0.734878339781
1 101101 0.265121660219

1010
0 10100 0.778006079949
1 10101 0.221993920051

100000
1 1 0.100754661085
0 e 0.899245338915

10001
0 100010 0.787667946257
1 100011 0.212332053743

101001
1 10011 0.246885803655
0 10010 0.753114196345

110101
1 101011 0.278718600056
0 101010 0.721281399944

11011
0 110110 0.699652142073
1 110111 0.300347857927

111100
1 111001 0.265993661228
0 111000 0.734006338772

110
0 1100 0.760365372793
1 1101 0.239634627207

110000
1 100001 0.16888549302
0 100000 0.83111450698

11001
0 110010 0.739246202888
1 110011 0.260753797112

101101
1 1011 0.294967953089
0 11010 0.705032046911

10111
0 101110 0.679661016949
1 1111 0.320338983051

111010
1 110101 0.27595944038
0 110100 0.72404055962

11100
0 111000 0.747020139745
1 111001 0.252979860255

1111
0 11110 0.676142697882
1 1111 0.323857302118

100110
1 1101 0.24790882476
0 1100 0.75209117524

10010
0 100100 0.794553468592
1 100101 0.205446531408

1000
0 10000 0.868842633037
1 10001 0.131157366963

101
0 1010 0.753400583682
1 1011 0.246599416318

100011
1 0111 0.263169222491
0 110 0.736830777509

1111
0 11110 0.676142697882
1 1111 0.323857302118

