1111
0 11110 0.49535448947
1 1111 0.50464551053

11110
0 111100 0.246830698256
1 111101 0.753169301744

111100
0 1111000 0.0
1 1111001 1.0

111101
0 1111010 0.647457043139
1 1111 0.352542956861

1111001
0 11110010 1.0
1 11110011 0.0

1111010
1 111101 0.398703116069
0 1111 0.601296883931

11110010
1 111100101 0.377372817008
0 1111 0.622627182992

111100101
0 1111001010 0.609348398081
1 1111 0.390651601919

1111001010
0 11110010100 0.527220387774
1 111101 0.472779612226

11110010100
0 111100 0.508270435202
1 11110010 0.491729564798

