000110110
1 001101101 0.292665726375
0 001101100 0.707334273625

011011110
1 110111101 0.281690140845
0 000111100 0.718309859155

011100110
1 011001101 0.274143302181
0 111001100 0.725856697819

001101011
1 011010111 0.290928050052
0 011010110 0.709071949948

011111100
1 001111001 0.280701754386
0 111111000 0.719298245614

011101001
1 011010011 0.276315789474
0 111010010 0.723684210526

011011010
1 000110101 0.255555555556
0 110110100 0.744444444444

001101101
1 011011011 0.292392300642
0 011011010 0.707607699358

110111001
1 101110011 0.274376417234
0 001110010 0.725623582766

100111110
1 001111101 0.288747346072
0 001111100 0.711252653928

100101101
1 011011011 0.277348066298
0 100011010 0.722651933702

011001101
1 110011011 0.306930693069
0 100011010 0.693069306931

001100101
1 011001011 0.285239085239
0 011001010 0.714760914761

011010111
1 110101111 0.299748110831
0 110101110 0.700251889169

110111101
1 101111011 0.262886597938
0 001111010 0.737113402062

000100111
1 001001111 0.292465300727
0 101001110 0.707534699273

001011101
1 010111011 0.300272975432
0 000111010 0.699727024568

110001011
1 100010111 0.299748110831
0 100010110 0.700251889169

110000111
1 100001111 0.288944723618
0 100001110 0.711055276382

100011110
1 000111101 0.285425101215
0 000111100 0.714574898785

110001101
1 100011011 0.29012345679
0 100011010 0.70987654321

110001110
1 100011101 0.293537787514
0 100011100 0.706462212486

000110101
1 001101011 0.260238272524
0 001101010 0.739761727476

100101110
1 001011101 0.281808622503
0 001011100 0.718191377497

100010110
1 100101101 0.261096605744
0 100101100 0.738903394256

011011100
1 110111001 0.295034079844
0 110111000 0.704965920156

001110010
1 001100101 0.255647590361
0 011100100 0.744352409639

100010011
1 000100111 0.27420101899
0 100100110 0.72579898101

011000101
1 110001011 0.267579908676
0 110001010 0.732420091324

011000011
1 110000111 0.271186440678
0 110000110 0.728813559322

001100110
1 011001101 0.260404280618
0 011001100 0.739595719382

111110100
1 011101001 0.27147766323
0 111101000 0.72852233677

101010110
1 010101101 0.278021978022
0 110101100 0.721978021978

001111100
1 001111001 0.273631840796
0 011111000 0.726368159204

011110001
1 1100011 0.278370514064
0 111100010 0.721629485936

000111100
1 001111001 0.267704033026
0 001111000 0.732295966974

000111010
1 001110101 0.272791023843
0 001110100 0.727208976157

100011010
1 000110101 0.25730994152
0 000110100 0.74269005848

111111000
1 011110001 0.259842519685
0 111110000 0.740157480315

110111110
1 001111101 0.301724137931
0 101111100 0.698275862069

010101101
1 011011011 0.309572301426
0 101011010 0.690427698574

001111010
1 011110101 0.278101582015
0 011110100 0.721898417985

1100011
1 11000111 0.281751192024
0 11000110 0.718248807976

100011001
1 000110011 0.256539697109
0 000110010 0.743460302891

110010101
1 100101011 0.262124711316
0 100101010 0.737875288684

001111001
1 011110011 0.305177111717
0 011110010 0.694822888283

110101010
1 101010101 0.256070640177
0 101010100 0.743929359823

100001011
1 100010111 0.273172905526
0 110010110 0.726827094474

100000111
1 100001111 0.28987396784
0 000001110 0.71012603216

011010011
1 110100111 0.286570743405
0 110100110 0.713429256595

100001101
1 100011011 0.272285966461
0 101011010 0.727714033539

110100011
1 101000111 0.303144654088
0 11000110 0.696855345912

101011001
1 010110011 0.270615563298
0 000110010 0.729384436702

010100110
1 101001101 0.262651610205
0 101001100 0.737348389795

110100101
1 101001011 0.27809307605
0 101001010 0.72190692395

110101001
1 101010011 0.256696428571
0 011010010 0.743303571429

100001110
1 100011101 0.270069987649
0 110011100 0.729930012351

001110101
1 011101011 0.277456647399
0 011101010 0.722543352601

011001001
1 110010011 0.254450716457
0 110010010 0.745549283543

110110001
1 001100011 0.284940411701
0 111100010 0.715059588299

001101100
1 011011001 0.25687732342
0 011011000 0.74312267658

101110001
1 1100011 0.286492374728
0 001100010 0.713507625272

111010010
1 110100101 0.274801587302
0 110100100 0.725198412698

011001010
1 110010101 0.258441558442
0 110010100 0.741558441558

100011100
1 000111001 0.255684084563
0 000111000 0.744315915437

101001001
1 110010011 0.255011655012
0 010010010 0.744988344988

011111010
1 111110101 0.284112149533
0 111110100 0.715887850467

011010101
1 110101011 0.282633371169
0 110101010 0.717366628831

110110100
1 001101001 0.264601769912
0 001101000 0.735398230088

111001100
1 110011001 0.264204545455
0 100011000 0.735795454545

111111110
1 111111101 0.272727272727
0 011111100 0.727272727273

101110011
1 011100111 0.304785894207
0 011100110 0.695214105793

11000111
1 110001111 0.297692307692
0 110001110 0.702307692308

000110011
1 001100111 0.279610194903
0 001100110 0.720389805097

001111101
1 011111011 0.302063789869
0 011111010 0.697936210131

011011011
1 110110111 0.291489361702
0 110110110 0.708510638298

111111011
1 011110111 0.272727272727
0 111110110 0.727272727273

111001111
1 110011111 0.306306306306
0 110011110 0.693693693694

110011011
1 100110111 0.298200514139
0 000110110 0.701799485861

100101011
1 001010111 0.302013422819
0 101010110 0.697986577181

011110101
1 111101011 0.28
0 111101010 0.72

001101110
1 011011101 0.302218114603
0 011011100 0.697781885397

011110011
1 011100111 0.302771855011
0 111100110 0.697228144989

011001011
1 110010111 0.288604898829
0 110010110 0.711395101171

011001110
1 110011101 0.27969762419
0 110011100 0.72030237581

101010101
1 010101011 0.258227848101
0 010101010 0.741772151899

110101111
1 101011111 0.298342541436
0 101011110 0.701657458564

101111011
1 011110111 0.274038461538
0 011110110 0.725961538462

001001111
1 110011111 0.306701030928
0 010011110 0.693298969072

110110110
1 111101101 0.295454545455
0 001101100 0.704545454545

110101110
1 101011101 0.281927710843
0 011011100 0.718072289157

011101011
1 111010111 0.310513447433
0 011010110 0.689486552567

010111011
1 001110111 0.294623655914
0 000110110 0.705376344086

101000111
1 010001111 0.290628706999
0 110001110 0.709371293001

000111001
1 001110011 0.271423449265
0 001110010 0.728576550735

101001011
1 010010111 0.285211267606
0 100010110 0.714788732394

010110011
1 101100111 0.298850574713
0 001100110 0.701149425287

100010111
1 000101111 0.306623931624
0 100101110 0.693376068376

101001101
1 010011011 0.305325443787
0 100011010 0.694674556213

100001111
1 000011111 0.278704612365
0 100011110 0.721295387635

000111101
1 001111011 0.284433577832
0 001111010 0.715566422168

110100111
1 101001111 0.297376093294
0 101001110 0.702623906706

100011011
1 000110111 0.297206703911
0 000110110 0.702793296089

100011101
1 000111011 0.265505984766
0 000111010 0.734494015234

101010011
1 010100111 0.278894472362
0 010100110 0.721105527638

111110110
1 111101101 0.298449612403
0 111101100 0.701550387597

110010011
1 100100111 0.294046172539
0 100100110 0.705953827461

011010110
1 110101101 0.290388548057
0 110101100 0.709611451943

111101010
1 111010101 0.28901734104
0 011010100 0.71098265896

001100011
1 011000111 0.28714057508
0 11000110 0.71285942492

101001110
1 010011101 0.281359906213
0 110011100 0.718640093787

110011110
1 100111101 0.281385281385
0 100111100 0.718614718615

011011001
1 110110011 0.277096114519
0 000110010 0.722903885481

111011110
1 110111101 0.231759656652
0 000111100 0.768240343348

111100110
1 011001101 0.248421052632
0 111001100 0.751578947368

110010110
1 100101101 0.24332977588
0 100101100 0.75667022412

001011100
1 110111001 0.25139275766
0 110111000 0.74860724234

011110010
1 001100101 0.245856353591
0 011100100 0.754143646409

101000101
1 110001011 0.252371916509
0 110001010 0.747628083491

001000011
1 110000111 0.254053395099
0 110000110 0.745946604901

011110100
1 011101001 0.251612903226
0 111101000 0.748387096774

101111100
1 001111001 0.253384912959
0 011111000 0.746615087041

100111100
1 001111001 0.242937853107
0 001111000 0.757062146893

001101001
1 011010011 0.245366639807
0 011010010 0.754633360193

110111010
1 001110101 0.228235294118
0 001110100 0.771764705882

110000011
1 100000111 0.252247488102
0 100000110 0.747752511898

101011010
1 000110101 0.249469214437
0 000110100 0.750530785563

011010001
1 110100011 0.24557617609
0 110100010 0.75442382391

011111000
1 011110001 0.237717908082
0 111110000 0.762282091918

110101100
1 101011001 0.225708502024
0 101011000 0.774291497976

001101010
1 011010101 0.245895379916
0 011010100 0.754104620084

110011001
1 000110011 0.243929359823
0 000110010 0.756070640177

000010101
1 100101011 0.250623847239
0 100101010 0.749376152761

010101010
1 101010101 0.231439236831
0 101010100 0.768560763169

000100011
1 101000111 0.248436611711
0 11000110 0.751563388289

110100110
1 101001101 0.250867052023
0 101001100 0.749132947977

000100101
1 101001011 0.250232018561
0 101001010 0.749767981439

010101001
1 101010011 0.251555555556
0 011010010 0.748444444444

000001110
1 100011101 0.249388254486
0 110011100 0.750611745514

010110001
1 001100011 0.245388245388
0 111100010 0.754611754612

111101100
1 011011001 0.250485436893
0 011011000 0.749514563107

11000110
1 110001101 0.244417622209
0 110001100 0.755582377791

000110010
1 001100101 0.220866887731
0 001100100 0.779133112269

001110100
1 011101001 0.240262104114
0 011101000 0.759737895886

001110001
1 1100011 0.245976062732
0 001100010 0.754023937268

100000011
1 100000111 0.231762146483
0 000000110 0.768237853517

011010010
1 110100101 0.235753317721
0 110100100 0.764246682279

101010001
1 110100011 0.244860666971
0 010100010 0.755139333029

110001001
1 100010011 0.23178807947
0 100010010 0.76821192053

011100001
1 011000011 0.233069481091
0 011000010 0.766930518909

111100010
1 011000101 0.225925925926
0 011000100 0.774074074074

110001010
1 110010101 0.251722553973
0 100010100 0.748277446027

101001100
1 100011001 0.227706345915
0 100011000 0.772293654085

110000101
1 100001011 0.251246261216
0 100001010 0.748753738784

110000110
1 100001101 0.243626062323
0 100001100 0.756373937677

110010001
1 110100011 0.249886415266
0 100100010 0.750113584734

110010010
1 110100101 0.230705047977
0 100100100 0.769294952023

011010100
1 110101001 0.230970149254
0 110101000 0.769029850746

011100100
1 011001001 0.230909090909
0 111001000 0.769090909091

011011000
1 110110001 0.224946695096
0 110110000 0.775053304904

001111000
1 011110001 0.240192926045
0 011110000 0.759807073955

101001010
1 110010101 0.236704446382
0 110010100 0.763295553618

100101100
1 101011001 0.25382848392
0 001011000 0.74617151608

110111000
1 101110001 0.236086175943
0 101110000 0.763913824057

100101010
1 101010101 0.253842775582
0 001010100 0.746157224418

100100110
1 101001101 0.24674196351
0 110001100 0.75325803649

100101001
1 101010011 0.239477503628
0 001010010 0.760522496372

110011100
1 000111001 0.247454175153
0 000111000 0.752545824847

001001001
1 110010011 0.227757560547
0 010010010 0.772242439453

000110001
1 001100011 0.236418632789
0 001100010 0.763581367211

100000101
1 100001011 0.229747482119
0 000001010 0.770252517881

100000110
1 100001101 0.225643188528
0 000001100 0.774356811472

110100010
1 101000101 0.224673202614
0 011000100 0.775326797386

000110100
1 001101001 0.22014105677
0 001101000 0.77985894323

011001100
1 110011001 0.246075353218
0 100011000 0.753924646782

101010100
1 010101001 0.225168183617
0 110101000 0.774831816383

111000001
1 110000011 0.221001757469
0 110000010 0.778998242531

111101000
1 011010001 0.227071005917
0 111010000 0.772928994083

101011000
1 010110001 0.231024318349
0 010110000 0.768975681651

111110000
1 011100001 0.22625698324
0 111100000 0.77374301676

111110101
1 111101011 0.246808510638
0 111101010 0.753191489362

110101011
1 101010111 0.25198938992
0 101010110 0.74801061008

011101010
1 111010101 0.244422890398
0 011010100 0.755577109602

101011110
1 110111101 0.334038054968
0 000111100 0.665961945032

111111101
1 111111011 0.377777777778
0 011111010 0.622222222222

011100111
1 111001111 0.342163355408
0 011001110 0.657836644592

101101111
1 011011111 0.345622119816
0 011011110 0.654377880184

110010111
1 100101111 0.335958005249
0 100101110 0.664041994751

110110111
1 101101111 0.378947368421
0 001101110 0.621052631579

001100111
1 011001111 0.351106639839
0 011001110 0.648893360161

011111011
1 011110111 0.336206896552
0 111110110 0.663793103448

011001111
1 110011111 0.360995850622
0 110011110 0.639004149378

011110111
1 011101111 0.361111111111
0 001101110 0.638888888889

110011111
1 000111111 0.334710743802
0 100111110 0.665289256198

110001111
1 100011111 0.359173126615
0 100011110 0.640826873385

100101111
1 101011111 0.340611353712
0 011011110 0.659388646288

011011111
1 110111111 0.360995850622
0 110111110 0.639004149378

110011101
1 100111011 0.333333333333
0 000111010 0.666666666667

011101111
1 011011111 0.336206896552
0 111011110 0.663793103448

000111111
1 001111111 0.334379905808
0 001111110 0.665620094192

100011111
1 000111111 0.377358490566
0 000111110 0.622641509434

101011111
1 110111111 0.356164383562
0 010111110 0.643835616438

110111111
1 001111111 0.34126984127
0 101111110 0.65873015873

001111111
1 011111111 0.37987012987
0 011111110 0.62012987013

001111110
1 011111101 0.342465753425
0 011111100 0.657534246575

111101011
1 111010111 0.376963350785
0 011010110 0.623036649215

100111011
1 001110111 0.356984478936
0 000110110 0.643015521064

100110111
1 001101111 0.352112676056
0 001101110 0.647887323944

001010111
1 010101111 0.331850533808
0 110101110 0.668149466192

010101011
1 101010111 0.345833333333
0 101010110 0.654166666667

011111111
1 111111111 0.351515151515
0 111111110 0.648484848485

011011101
1 000111011 0.331818181818
0 110111010 0.668181818182

000000011
1 100000111 0.202982202982
0 000000110 0.797017797018

001010010
1 110100101 0.217580727832
0 110100100 0.782419272168

001100001
1 011000011 0.214629580102
0 011000010 0.785370419898

001100010
1 011000101 0.207350727546
0 011000100 0.792649272454

110001100
1 100011001 0.211261980831
0 100011000 0.788738019169

010010001
1 110100011 0.217493762129
0 100100010 0.782506237871

010010010
1 110100101 0.21117131063
0 100100100 0.78882868937

100001001
1 100010011 0.216107189166
0 000010010 0.783892810834

000000101
1 100001011 0.197568253685
0 000001010 0.802431746315

000000110
1 100001101 0.18862882418
0 000001100 0.81137117582

001100100
1 011001001 0.207252044081
0 011001000 0.792747955919

110100100
1 101001001 0.200074377092
0 101001000 0.799925622908

010100010
1 101000101 0.206030150754
0 011000100 0.793969849246

001010100
1 010101001 0.203560184064
0 110101000 0.796439815936

100100001
1 001000011 0.200170357751
0 001000010 0.799829642249

100100010
1 101000101 0.194216008772
0 001000100 0.805783991228

101000001
1 110000011 0.197238372093
0 010000010 0.802761627907

001101000
1 011010001 0.198588942864
0 011010000 0.801411057136

100001010
1 000010101 0.214568040655
0 000010100 0.785431959345

100001100
1 110011001 0.204885949521
0 000011000 0.795114050479

100010001
1 000100011 0.216795451232
0 000100010 0.783204548768

100010010
1 000100101 0.208496291301
0 000100100 0.791503708699

101110000
1 011100001 0.202963917526
0 011100000 0.797036082474

100010100
1 100101001 0.192780642602
0 000101000 0.807219357398

011000010
1 110000101 0.198446141691
0 110000100 0.801553858309

011000100
1 110001001 0.191683940983
0 110001000 0.808316059017

100100100
1 001001001 0.196632742807
0 001001000 0.803367257193

100011000
1 000110001 0.189399465111
0 000110000 0.810600534889

110101000
1 101010001 0.197135061392
0 101010000 0.802864938608

111001000
1 110010001 0.200329489292
0 110010000 0.799670510708

110110000
1 011100001 0.196726572529
0 001100000 0.803273427471

110000001
1 100000011 0.193782684486
0 100000010 0.806217315514

011000001
1 110000011 0.196350261706
0 110000010 0.803649738294

011101000
1 011010001 0.212934296526
0 111010000 0.787065703474

001011000
1 010110001 0.196880415945
0 010110000 0.803119584055

000111000
1 001110001 0.207952106631
0 001110000 0.792047893369

011110000
1 011100001 0.218045112782
0 111100000 0.781954887218

110010100
1 100101001 0.209871422646
0 100101000 0.790128577354

111101101
1 011011011 0.329004329004
0 011011010 0.670995670996

000111110
1 001111101 0.31309148265
0 001111100 0.68690851735

011111101
1 111111011 0.31724137931
0 011111010 0.68275862069

111010111
1 110101111 0.311557788945
0 110101110 0.688442211055

100100111
1 001001111 0.315968289921
0 101001110 0.684031710079

101011101
1 010111011 0.325301204819
0 000111010 0.674698795181

010111110
1 001111101 0.315992292871
0 101111100 0.684007707129

110101101
1 011011011 0.324808184143
0 101011010 0.675191815857

111010101
1 110101011 0.318407960199
0 110101010 0.681592039801

011111110
1 111111101 0.315789473684
0 011111100 0.684210526316

001110011
1 011100111 0.325809617272
0 011100110 0.674190382728

011000111
1 110001111 0.31223628692
0 110001110 0.68776371308

001101111
1 011011111 0.318618042226
0 011011110 0.681381957774

010010111
1 100101111 0.321011673152
0 100101110 0.678988326848

101100111
1 011001111 0.321256038647
0 011001110 0.678743961353

001110111
1 011101111 0.311688311688
0 001101110 0.688311688312

010001111
1 100011111 0.313543599258
0 100011110 0.686456400742

000101111
1 101011111 0.322246858832
0 011011110 0.677753141168

010011011
1 100110111 0.315682281059
0 000110110 0.684317718941

010011101
1 100111011 0.323122529644
0 000111010 0.676877470356

010101111
1 101011111 0.3228962818
0 101011110 0.6771037182

001111011
1 011110111 0.320564516129
0 011110110 0.679435483871

101001111
1 110011111 0.325641025641
0 010011110 0.674358974359

000011111
1 000111111 0.320028011204
0 000111110 0.679971988796

101111110
1 011111101 0.326086956522
0 011111100 0.673913043478

000111011
1 001110111 0.323353293413
0 000110110 0.676646706587

110110011
1 101100111 0.3273657289
0 001100110 0.6726342711

000110111
1 001101111 0.31520815633
0 001101110 0.68479184367

101010111
1 010101111 0.32318501171
0 110101110 0.67681498829

100111101
1 001111011 0.312765957447
0 001111010 0.687234042553

010100111
1 101001111 0.32
0 101001110 0.68

111111111
1 111111111 0.317647058824
0 111111110 0.682352941176

011110110
1 111101101 0.315573770492
0 111101100 0.684426229508

010011110
1 100111101 0.317757009346
0 100111100 0.682242990654

000100010
1 101000101 0.173415773272
0 001000100 0.826584226728

001000001
1 110000011 0.17383704539
0 010000010 0.82616295461

000010100
1 100101001 0.172903159937
0 000101000 0.827096840063

001000010
1 110000101 0.164567474048
0 110000100 0.835432525952

001000100
1 110001001 0.161121313601
0 110001000 0.838878686399

000100100
1 001001001 0.168123703762
0 001001000 0.831876296238

000011000
1 000110001 0.171079481686
0 000110000 0.828920518314

000101000
1 101010001 0.159547118855
0 101010000 0.840452881145

011010000
1 011100001 0.172753874499
0 110100000 0.827246125501

010000001
1 100000011 0.164507158916
0 100000010 0.835492841084

010000010
1 100000101 0.158124443679
0 100000100 0.841875556321

011100000
1 111000001 0.162341581171
0 111000000 0.837658418829

001001000
1 010010001 0.14915574696
0 110010000 0.85084425304

000110000
1 001100001 0.15181922635
0 001100000 0.84818077365

110000100
1 100001001 0.175347863564
0 100001000 0.824652136436

110001000
1 100010001 0.166102841678
0 100010000 0.833897158322

101010000
1 001100001 0.169001940073
0 010100000 0.830998059927

100000001
1 000000011 0.156508583426
0 000000010 0.843491416574

110010000
1 100100001 0.157487623762
0 100100000 0.842512376238

110100000
1 101000001 0.14996624554
0 101000000 0.85003375446

111000000
1 110000001 0.141726745208
0 110000000 0.858273254792

001100000
1 011000001 0.135473863049
0 011000000 0.864526136951

100000010
1 000000101 0.152428017637
0 000000100 0.847571982363

100000100
1 100001001 0.141772509173
0 000001000 0.858227490827

100010000
1 000100001 0.1315636161
0 000100000 0.8684363839

100001000
1 000010001 0.13682970578
0 000010000 0.86317029422

000100001
1 001000011 0.182196116297
0 001000010 0.817803883703

000001010
1 000010101 0.186318413982
0 000010100 0.813681586018

000001100
1 110011001 0.182061481045
0 000011000 0.817938518955

000010001
1 000100011 0.18445229682
0 000100010 0.81554770318

000010010
1 000100101 0.180018322476
0 000100100 0.819981677524

001110000
1 011100001 0.1804214223
0 011100000 0.8195785777

100101000
1 101010001 0.177775128175
0 101010000 0.822224871825

111010000
1 011100001 0.179117911791
0 110100000 0.820882088209

011001000
1 110010001 0.179756262695
0 110010000 0.820243737305

010110000
1 011100001 0.180017703032
0 001100000 0.819982296968

110000010
1 100000101 0.18030587604
0 100000100 0.81969412396

111100000
1 111000001 0.178532901834
0 111000000 0.821467098166

101001000
1 010010001 0.1819044231
0 110010000 0.8180955769

000000001
1 000000011 0.1100881519
0 000000010 0.8899118481

010100000
1 101000001 0.12876626203
0 101000000 0.87123373797

011000000
1 110000001 0.12131253164
0 110000000 0.87868746836

000000010
1 000000101 0.106616641368
0 000000100 0.893383358632

100100000
1 001000001 0.121615179252
0 001000000 0.878384820748

101000000
1 010000001 0.116428428071
0 010000000 0.883571571929

110000000
1 100000001 0.106636356052
0 100000000 0.893363643948

001000000
1 010000001 0.0790223052849
0 010000000 0.920977694715

010000000
1 100000001 0.0731729564557
0 100000000 0.926827043544

100000000
1 000000001 0.0672946920864
0 000000000 0.932705307914

000000100
1 100001001 0.101928047213
0 000001000 0.898071952787

000100000
1 001000001 0.0854892378373
0 001000000 0.914510762163

000010000
1 000100001 0.09089853299
0 000100000 0.90910146701

000001000
1 000010001 0.0971269188118
0 000010000 0.902873081188

000000000
1 000000001 0.00821580926717
0 000000000 0.991784168048

